# M_low [Msun/h] M_high[Msun/h] Number M_mean[Msun/h]
1.282241999999999926e+01 1.311336999999999975e+01 3.893100000000000000e+05 9.151416608872107422e+12
1.311336999999999975e+01 1.340432000000000023e+01 2.146210000000000000e+05 1.785970617973078125e+13
1.340432000000000023e+01 1.369527000000000072e+01 1.150650000000000000e+05 3.486420718724199219e+13
1.369527000000000072e+01 1.398621999999999943e+01 5.915800000000000000e+04 6.789573684032590625e+13
1.398621999999999943e+01 1.427716999999999992e+01 2.804400000000000000e+04 1.320313436029097188e+14
1.427716999999999992e+01 1.456812000000000040e+01 1.208900000000000000e+04 2.552745471089420000e+14
1.456812000000000040e+01 1.485906999999999911e+01 4.221000000000000000e+03 4.954816394219379375e+14
1.485906999999999911e+01 1.515001999999999960e+01 1.081000000000000000e+03 9.383940795559667500e+14
1.515001999999999960e+01 1.544097000000000008e+01 2.050000000000000000e+02 1.769763414634146250e+15
1.544097000000000008e+01 1.573192000000000057e+01 1.600000000000000000e+01 3.289300000000000000e+15
