# M_low [Msun/h] M_high[Msun/h] Number M_mean[Msun/h]
1.282241999999999926e+01 1.307839000000000063e+01 2.972700000000000000e+05 8.772536751101692383e+12
1.307839000000000063e+01 1.333435000000000059e+01 1.595960000000000000e+05 1.582212586781623633e+13
1.333435000000000059e+01 1.359032000000000018e+01 8.175000000000000000e+04 2.845023853211008984e+13
1.359032000000000018e+01 1.384628999999999976e+01 3.894400000000000000e+04 5.094517769104354688e+13
1.384628999999999976e+01 1.410225999999999935e+01 1.659100000000000000e+04 9.125381230787776562e+13
1.410225999999999935e+01 1.435823000000000071e+01 6.058000000000000000e+03 1.628426873555629062e+14
1.435823000000000071e+01 1.461420000000000030e+01 1.732000000000000000e+03 2.915319861431870625e+14
1.461420000000000030e+01 1.487016999999999989e+01 3.480000000000000000e+02 5.115646551724138125e+14
1.487016999999999989e+01 1.512613999999999947e+01 4.400000000000000000e+01 9.399420454545455000e+14
1.512613999999999947e+01 1.538211000000000084e+01 1.000000000000000000e+00 1.689200000000000000e+15
