# M_low [Msun/h] M_high[Msun/h] Number M_mean[Msun/h]
1.282241999999999926e+01 1.311303999999999981e+01 3.843690000000000000e+05 9.144866001160343750e+12
1.311303999999999981e+01 1.340366000000000035e+01 2.090010000000000000e+05 1.783656059061918359e+13
1.340366000000000035e+01 1.369429000000000052e+01 1.104190000000000000e+05 3.475501498836251172e+13
1.369429000000000052e+01 1.398490999999999929e+01 5.576700000000000000e+04 6.762515466135886719e+13
1.398490999999999929e+01 1.427552999999999983e+01 2.554600000000000000e+04 1.314520081421749062e+14
1.427552999999999983e+01 1.456615000000000038e+01 1.046200000000000000e+04 2.531867711718600625e+14
1.456615000000000038e+01 1.485678000000000054e+01 3.512000000000000000e+03 4.904794988610478125e+14
1.485678000000000054e+01 1.514739999999999931e+01 7.940000000000000000e+02 9.281205289672543750e+14
1.514739999999999931e+01 1.543801999999999985e+01 1.370000000000000000e+02 1.746962043795620500e+15
1.543801999999999985e+01 1.572865000000000002e+01 8.000000000000000000e+00 3.315875000000000000e+15
