# M_low [Msun/h] M_high[Msun/h] Number M_mean[Msun/h]
1.282241999999999926e+01 1.308469000000000015e+01 3.210270000000000000e+05 8.841010257704179688e+12
1.308469000000000015e+01 1.334697000000000067e+01 1.742790000000000000e+05 1.617214351700434375e+13
1.334697000000000067e+01 1.360924999999999940e+01 9.039500000000000000e+04 2.952374578239946875e+13
1.360924999999999940e+01 1.387152000000000029e+01 4.432600000000000000e+04 5.366974236339845312e+13
1.387152000000000029e+01 1.413380000000000081e+01 1.946400000000000000e+04 9.752234895191121875e+13
1.413380000000000081e+01 1.439607999999999954e+01 7.500000000000000000e+03 1.770457333333333438e+14
1.439607999999999954e+01 1.465835000000000043e+01 2.232000000000000000e+03 3.201952956989247500e+14
1.465835000000000043e+01 1.492062999999999917e+01 5.080000000000000000e+02 5.689362204724410000e+14
1.492062999999999917e+01 1.518290999999999968e+01 7.500000000000000000e+01 1.020267333333333375e+15
1.518290999999999968e+01 1.544518000000000058e+01 3.000000000000000000e+00 1.874133333333333250e+15
