# M_low [Msun/h] M_high[Msun/h] Number M_mean[Msun/h]
1.282241999999999926e+01 1.304072000000000031e+01 2.260720000000000000e+05 8.419808733500832031e+12
1.304072000000000031e+01 1.325901999999999958e+01 1.270990000000000000e+05 1.392714340789463281e+13
1.325901999999999958e+01 1.347732000000000063e+01 6.824400000000000000e+04 2.295772522126487500e+13
1.347732000000000063e+01 1.369562999999999953e+01 3.447300000000000000e+04 3.779270733617614062e+13
1.369562999999999953e+01 1.391393000000000058e+01 1.576200000000000000e+04 6.217769318614389062e+13
1.391393000000000058e+01 1.413222999999999985e+01 6.516000000000000000e+03 1.022238029465930000e+14
1.413222999999999985e+01 1.435052999999999912e+01 2.180000000000000000e+03 1.689590366972477188e+14
1.435052999999999912e+01 1.456883000000000017e+01 5.770000000000000000e+02 2.751948006932409062e+14
1.456883000000000017e+01 1.478714000000000084e+01 1.020000000000000000e+02 4.495453921568627500e+14
1.478714000000000084e+01 1.500544000000000011e+01 1.500000000000000000e+01 7.200726666666666250e+14
