# M_low [Msun/h] M_high[Msun/h] Number M_mean[Msun/h]
1.282241999999999926e+01 1.300820000000000043e+01 8.052100000000000000e+04 8.088422895890512695e+12
1.300820000000000043e+01 1.319398999999999944e+01 4.062800000000000000e+04 1.238258836270552344e+13
1.319398999999999944e+01 1.337977000000000061e+01 1.877600000000000000e+04 1.893951853429910547e+13
1.337977000000000061e+01 1.356555999999999962e+01 7.941000000000000000e+03 2.891890190152373828e+13
1.356555999999999962e+01 1.375134000000000079e+01 2.922000000000000000e+03 4.433480492813141406e+13
1.375134000000000079e+01 1.393712000000000018e+01 9.040000000000000000e+02 6.731577433628318750e+13
1.393712000000000018e+01 1.412290999999999919e+01 2.410000000000000000e+02 1.023563070539419062e+14
1.412290999999999919e+01 1.430869000000000035e+01 4.300000000000000000e+01 1.565337209302325625e+14
1.430869000000000035e+01 1.449447999999999936e+01 5.000000000000000000e+00 2.126680000000000000e+14
1.449447999999999936e+01 1.468026000000000053e+01 2.000000000000000000e+00 3.880500000000000000e+14
