3.698286581260457751e+05 1.099715570889021619e+05 7.229007682587421732e+04 5.137708432799817092e+04 3.469835757381278381e+04 1.423131563662762528e+04 5.674339784671063171e+03 2.910657856615440323e+03 2.050504777342733632e+03 1.666317884044466609e+03 2.794768334950942901e+01 1.895672164735811691e+02 -1.290810486067549689e+01
1.099715570889021619e+05 1.955652142271522898e+05 4.699236827579631063e+04 3.096776447606056172e+04 2.013886062772869263e+04 1.099766682348016184e+04 2.528365640592227010e+03 2.802693175777128545e+03 1.401778424882789068e+03 5.994964347564492755e+02 -4.032602241152926581e+01 -8.590394760486926629e+00 -3.341966884750165789e+00
7.229007682587421732e+04 4.699236827579631063e+04 1.071243328941338841e+05 2.343885864890816083e+04 1.547893062493770231e+04 7.756642625549899094e+03 2.105733999572718858e+03 7.052523994646671781e+02 6.999527193283786346e+02 4.042508954808491239e+02 -1.902280592041411822e+01 -6.528108696053945614e+00 1.167815101580323578e+01
5.137708432799817092e+04 3.096776447606056172e+04 2.343885864890816083e+04 5.691866261038208177e+04 1.192004000624767650e+04 6.263037919137314930e+03 2.941678125659354464e+03 4.016246798010889165e+02 8.158935054899732222e+02 8.747972391940399461e+01 -1.408992292399098822e+01 1.446765143984714008e+01 -1.502897412310307956e+01
3.469835757381278381e+04 2.013886062772869263e+04 1.547893062493770231e+04 1.192004000624767650e+04 2.927892925065980671e+04 1.099381611298956841e+03 1.340360453905370832e+03 -2.244727248832386408e+02 4.483124837919279457e+02 2.212419798094544205e+02 9.353997673084518283e+01 -2.757722344424599292e+00 -2.479130912582832025e+00
1.423131563662762528e+04 1.099766682348016184e+04 7.756642625549899094e+03 6.263037919137314930e+03 1.099381611298956841e+03 1.420990529211237299e+04 6.616011565002405632e+02 4.837232449103154295e+02 4.618458143919337431e+02 1.376491575804740251e+02 4.998275276392345745e+01 4.878796036658962265e+01 -3.114339008079056725e+00
5.674339784671063171e+03 2.528365640592227010e+03 2.105733999572718858e+03 2.941678125659354464e+03 1.340360453905370832e+03 6.616011565002405632e+02 5.608231356369225068e+03 1.229449340754396758e+02 6.779095958452705872e+01 1.584855316960356753e+01 2.205079881187204194e+01 -2.430325244934314810e+01 -1.089934187593327497e+00
2.910657856615440323e+03 2.802693175777128545e+03 7.052523994646671781e+02 4.016246798010889165e+02 -2.244727248832386408e+02 4.837232449103154295e+02 1.229449340754396758e+02 2.834397935956722904e+03 -5.188169985253666683e-01 2.102038293033239214e+01 -1.022653612019169245e+01 -1.012167638099327505e+01 -7.783910348242167876e-01
2.050504777342733632e+03 1.401778424882789068e+03 6.999527193283786346e+02 8.158935054899732222e+02 4.483124837919279457e+02 4.618458143919337431e+02 6.779095958452705872e+01 -5.188169985253666683e-01 1.020476852643443635e+03 1.176462509643253895e+01 3.290846654427267648e+00 1.273313067987484892e+00 1.756524526611661918e-01
1.666317884044466609e+03 5.994964347564492755e+02 4.042508954808491239e+02 8.747972391940399461e+01 2.212419798094544205e+02 1.376491575804740251e+02 1.584855316960356753e+01 2.102038293033239214e+01 1.176462509643253895e+01 3.599770256564550550e+02 1.768399217428552772e+00 -1.136155096149108257e+00 3.786213469127185927e-01
2.794768334950942901e+01 -4.032602241152926581e+01 -1.902280592041411822e+01 -1.408992292399098822e+01 9.353997673084518283e+01 4.998275276392345745e+01 2.205079881187204194e+01 -1.022653612019169245e+01 3.290846654427267648e+00 1.768399217428552772e+00 7.762484310132388998e+01 -1.092049642980498003e+00 -1.615977088052349409e-01
1.895672164735811691e+02 -8.590394760486926629e+00 -6.528108696053945614e+00 1.446765143984714008e+01 -2.757722344424599292e+00 4.878796036658962265e+01 -2.430325244934314810e+01 -1.012167638099327505e+01 1.273313067987484892e+00 -1.136155096149108257e+00 -1.092049642980498003e+00 1.277966140516736004e+01 -2.560398309723310728e-02
-1.290810486067549689e+01 -3.341966884750165789e+00 1.167815101580323578e+01 -1.502897412310307956e+01 -2.479130912582832025e+00 -3.114339008079056725e+00 -1.089934187593327497e+00 -7.783910348242167876e-01 1.756524526611661918e-01 3.786213469127185927e-01 -1.615977088052349409e-01 -2.560398309723310728e-02 1.006175665559565502e+00
