8.960116587372230291e+08 5.870620510574551821e+08 3.615432731206538677e+08 2.203862803321554065e+08 1.262315693938422203e+08 6.802816649522076547e+07 3.382961255302748829e+07 1.593211983253178000e+07 6.731312388670031913e+06 2.309566483395515010e+06 7.247246011810426135e+05 2.167293943020330626e+05 3.162738737305923496e+04 3.459331212525023602e+03
5.870620510574551821e+08 3.849892090619406700e+08 2.369431802904033065e+08 1.444741684051004648e+08 8.274218604826949537e+07 4.457713190371172130e+07 2.217298371575995535e+07 1.044055798114293627e+07 4.415735692404154688e+06 1.518304735600728309e+06 4.746308833067256492e+05 1.419856716851349920e+05 2.061099629700958758e+04 2.196526464696304629e+03
3.615432731206538677e+08 2.369431802904033065e+08 1.460380479719428420e+08 8.893049446453730762e+07 5.093958822211963683e+07 2.745576543030229583e+07 1.365289267955498211e+07 6.431295382131876424e+06 2.716573129376273137e+06 9.343233102333461866e+05 2.931208086207997403e+05 8.724727906539391552e+04 1.272070503121554611e+04 1.429529121296655376e+03
2.203862803321554065e+08 1.444741684051004648e+08 8.893049446453730762e+07 5.431099539137560129e+07 3.105800718371954188e+07 1.673205471643258072e+07 8.331452857971965335e+06 3.921843468437578063e+06 1.654451587049340131e+06 5.696758480741448002e+05 1.775010743694905832e+05 5.358313518755841505e+04 7.805771502763716853e+03 8.165216414331628130e+02
1.262315693938422203e+08 8.274218604826949537e+07 5.093958822211963683e+07 3.105800718371954188e+07 1.782614504565558583e+07 9.588983429745616391e+06 4.766354091434487142e+06 2.243179767046027351e+06 9.495620446488321759e+05 3.259806648548481753e+05 1.022052226093570061e+05 3.041419236191216987e+04 4.396091412209419104e+03 4.728723778115692653e+02
6.802816649522076547e+07 4.457713190371172130e+07 2.745576543030229583e+07 1.673205471643258072e+07 9.588983429745616391e+06 5.185265323689864948e+06 2.571346109299546573e+06 1.210955814014564501e+06 5.121359388907836401e+05 1.756219766888598679e+05 5.564865482004145451e+04 1.637386084381528781e+04 2.441499704082576955e+03 2.600581364508918227e+02
3.382961255302748829e+07 2.217298371575995535e+07 1.365289267955498211e+07 8.331452857971965335e+06 4.766354091434487142e+06 2.571346109299546573e+06 1.287671875689567765e+06 6.023315453539198497e+05 2.539827760899441491e+05 8.732401130741956877e+04 2.711357217232145194e+04 8.141667724599245048e+03 1.198736382210326838e+03 1.298985954152915951e+02
1.593211983253178000e+07 1.044055798114293627e+07 6.431295382131876424e+06 3.921843468437578063e+06 2.243179767046027351e+06 1.210955814014564501e+06 6.023315453539198497e+05 2.867467814639904536e+05 1.195487674092525558e+05 4.087194686889478180e+04 1.278040562447743469e+04 3.747572981479693226e+03 5.589729853257588275e+02 5.984606549483139304e+01
6.731312388670031913e+06 4.415735692404154688e+06 2.716573129376273137e+06 1.654451587049340131e+06 9.495620446488321759e+05 5.121359388907836401e+05 2.539827760899441491e+05 1.195487674092525558e+05 5.235861417369062110e+04 1.736824760175722258e+04 5.489643988728800650e+03 1.557491444619154208e+03 2.449472048488563871e+02 2.249544896505032199e+01
2.309566483395515010e+06 1.518304735600728309e+06 9.343233102333461866e+05 5.696758480741448002e+05 3.259806648548481753e+05 1.756219766888598679e+05 8.732401130741956877e+04 4.087194686889478180e+04 1.736824760175722258e+04 6.608211453608765623e+03 1.826970018153770297e+03 5.428873574718741111e+02 6.507227042810315254e+01 2.742324322465359288e+00
7.247246011810426135e+05 4.746308833067256492e+05 2.931208086207997403e+05 1.775010743694905832e+05 1.022052226093570061e+05 5.564865482004145451e+04 2.711357217232145194e+04 1.278040562447743469e+04 5.489643988728800650e+03 1.826970018153770297e+03 7.646862649614158727e+02 1.928598622746578144e+02 1.955239457557646077e+01 4.637711124046633770e+00
2.167293943020330626e+05 1.419856716851349920e+05 8.724727906539391552e+04 5.358313518755841505e+04 3.041419236191216987e+04 1.637386084381528781e+04 8.141667724599245048e+03 3.747572981479693226e+03 1.557491444619154208e+03 5.428873574718741111e+02 1.928598622746578144e+02 1.175289688436729278e+02 4.951422365515905533e+00 1.894245558526034490e+00
3.162738737305923496e+04 2.061099629700958758e+04 1.272070503121554611e+04 7.805771502763716853e+03 4.396091412209419104e+03 2.441499704082576955e+03 1.198736382210326838e+03 5.589729853257588275e+02 2.449472048488563871e+02 6.507227042810315254e+01 1.955239457557646077e+01 4.951422365515905533e+00 8.911724078594790655e+00 -1.771292368159992775e-02
3.459331212525023602e+03 2.196526464696304629e+03 1.429529121296655376e+03 8.165216414331628130e+02 4.728723778115692653e+02 2.600581364508918227e+02 1.298985954152915951e+02 5.984606549483139304e+01 2.249544896505032199e+01 2.742324322465359288e+00 4.637711124046633770e+00 1.894245558526034490e+00 -1.771292368159992775e-02 1.005460808415445717e+00
