2.260377590523741965e+05 5.298293366988281923e+04 2.974710838245210471e+04 1.810809938610102836e+04 1.173897541065802579e+04 6.785445892461024414e+03 3.720821005866872838e+03 1.458769430340852750e+03 -3.823597028942854763e+02 -1.492314922778375603e+02 -5.993901193172243325e+01 -4.736200918437656782e+01
5.298293366988281923e+04 1.237899901929310872e+05 1.731356826430309593e+04 9.543888579310181740e+03 8.109185233891925236e+03 3.790136899486447419e+03 2.651211609433164540e+03 1.051349566314534741e+03 2.030644649480957753e+02 -6.475105850568542110e+01 -2.601845711478529211e+01 -3.197747709082896961e+00
2.974710838245210471e+04 1.731356826430309593e+04 5.873429527806300030e+04 7.698561223809810144e+03 4.729623960538985557e+03 2.353179957474912044e+03 2.000593094516583506e+03 7.213394413507376157e+02 8.387110734236674148e+01 1.250033996504990341e+02 1.066989647856821506e+02 3.833475211730971721e-01
1.810809938610102836e+04 9.543888579310181740e+03 7.698561223809810144e+03 2.905278544467914253e+04 2.589201570986164370e+03 8.168368229089367105e+02 1.112233443279839094e+03 1.156403359469552186e+02 2.142171874195611849e+02 -9.335455696246796720e+01 9.609443961292004133e+01 1.126865128329501919e+00
1.173897541065802579e+04 8.109185233891925236e+03 4.729623960538985557e+03 2.589201570986164370e+03 1.218321240914621558e+04 1.197700752503059903e+03 4.041380088789908882e+02 4.395486582438098822e+02 1.214155327283710939e+01 4.234645464500872691e+01 5.306625796607678858e+00 -2.463011431292549680e-01
6.785445892461024414e+03 3.790136899486447419e+03 2.353179957474912044e+03 8.168368229089367105e+02 1.197700752503059903e+03 5.922182922418805902e+03 2.327951602089189578e+02 6.517786249633263651e+01 -1.151054949705485200e+02 -4.709357551679172360e+01 1.666721473859475822e+01 5.067324809482105508e+00
3.720821005866872838e+03 2.651211609433164540e+03 2.000593094516583506e+03 1.112233443279839094e+03 4.041380088789908882e+02 2.327951602089189578e+02 2.673958326516533816e+03 2.692531314692148570e+01 2.256511537020734437e+01 1.601457875035211487e+01 6.037063242201745616e+00 3.483862213363143057e-01
1.458769430340852750e+03 1.051349566314534741e+03 7.213394413507376157e+02 1.156403359469552186e+02 4.395486582438098822e+02 6.517786249633263651e+01 2.692531314692148570e+01 9.295587674815564014e+02 1.749300763543404713e+01 -3.036584182379111763e+00 -1.024501222465035610e+01 -4.942470870691658691e-01
-3.823597028942854763e+02 2.030644649480957753e+02 8.387110734236674148e+01 2.142171874195611849e+02 1.214155327283710939e+01 -1.151054949705485200e+02 2.256511537020734437e+01 1.749300763543404713e+01 3.126459398585940903e+02 -3.092741458068432703e+00 1.632275713248665161e+00 -1.177056394403663386e+00
-1.492314922778375603e+02 -6.475105850568542110e+01 1.250033996504990341e+02 -9.335455696246796720e+01 4.234645464500872691e+01 -4.709357551679172360e+01 1.601457875035211487e+01 -3.036584182379111763e+00 -3.092741458068432703e+00 9.464519372059646685e+01 -8.727541538698960766e-01 -3.394186031872689635e-01
-5.993901193172243325e+01 -2.601845711478529211e+01 1.066989647856821506e+02 9.609443961292004133e+01 5.306625796607678858e+00 1.666721473859475822e+01 6.037063242201745616e+00 -1.024501222465035610e+01 1.632275713248665161e+00 -8.727541538698960766e-01 2.421342446636557000e+01 -9.071343881717210123e-02
-4.736200918437656782e+01 -3.197747709082896961e+00 3.833475211730971721e-01 1.126865128329501919e+00 -2.463011431292549680e-01 5.067324809482105508e+00 3.483862213363143057e-01 -4.942470870691658691e-01 -1.177056394403663386e+00 -3.394186031872689635e-01 -9.071343881717210123e-02 2.010256664662343873e+00
