4.284044089091807837e+05 1.118929718823856529e+05 1.030475428470218321e+05 4.882023508096481237e+04 3.732508552825941297e+04 1.493399004563886956e+04 9.521225194523603932e+03 6.345288871746872246e+03 9.992365158952899264e+02 9.411330507255671591e+02 -1.408290977901976930e+02 5.205489940481200506e+01 -7.867320561166457082e+01
1.118929718823856529e+05 2.257474234222842206e+05 6.647907496502678259e+04 3.732518033632537845e+04 3.154692979710935469e+04 1.611880148327185998e+04 8.520016907977687879e+03 3.370944343199314517e+03 5.400998785393683193e+02 4.526888987994408922e+02 3.920055588833117213e+02 7.537531395593022410e+01 6.981865370384903713e+01
1.030475428470218321e+05 6.647907496502678259e+04 1.333783798353016027e+05 2.745150693746600518e+04 2.156477614159818040e+04 8.368042718757782495e+03 6.217989302142796987e+03 1.790854747246765100e+03 3.732219562005432181e+02 4.113175990182547253e+02 9.013088295515504456e+01 1.398912322685276308e+02 -4.149346679916972591e-01
4.882023508096481237e+04 3.732518033632537845e+04 2.745150693746600518e+04 6.315060584177209967e+04 9.753311169977789177e+03 4.195702598746038348e+03 1.567133236532707315e+03 1.171995108780319697e+03 -8.743900954369549936e+02 -4.236347086688105179e+01 1.204090568546467495e+02 6.286975617402716665e+01 -1.236821445270089725e+01
3.732508552825941297e+04 3.154692979710935469e+04 2.156477614159818040e+04 9.753311169977789177e+03 3.385740959986094094e+04 5.964706248806592157e+03 2.943232669370143867e+03 1.803890247568836230e+03 3.304060282569910783e+02 6.681482092112327109e+01 -2.365485650037076226e+01 -2.256105581945867300e+01 4.643689568155801695e+00
1.493399004563886956e+04 1.611880148327185998e+04 8.368042718757782495e+03 4.195702598746038348e+03 5.964706248806592157e+03 1.609417353554640067e+04 1.271661589253750890e+03 5.036267370215255710e+02 2.427286176841536474e+02 -4.714133805398702748e+00 -4.791805914435887814e+01 -1.601093044699075207e+00 -1.183681679606031345e+01
9.521225194523603932e+03 8.520016907977687879e+03 6.217989302142796987e+03 1.567133236532707315e+03 2.943232669370143867e+03 1.271661589253750890e+03 6.936603260007331301e+03 1.514022825012289672e+02 2.304285835134970455e+02 1.115709178156731127e+02 -1.013587762609646248e+01 -1.924693867887106791e+01 -5.062874859837904751e+00
6.345288871746872246e+03 3.370944343199314517e+03 1.790854747246765100e+03 1.171995108780319697e+03 1.803890247568836230e+03 5.036267370215255710e+02 1.514022825012289672e+02 2.664492315534687350e+03 1.804624256669630995e+02 -3.855777155087500319e+01 3.612715641863874794e+01 1.637736915763624168e+01 5.878228307649650652e+00
9.992365158952899264e+02 5.400998785393683193e+02 3.732219562005432181e+02 -8.743900954369549936e+02 3.304060282569910783e+02 2.427286176841536474e+02 2.304285835134970455e+02 1.804624256669630995e+02 1.069535108655231397e+03 3.934135888741728593e+01 -4.677283883006285947e+00 5.432592934396403450e+00 -3.409742634931525185e+00
9.411330507255671591e+02 4.526888987994408922e+02 4.113175990182547253e+02 -4.236347086688105179e+01 6.681482092112327109e+01 -4.714133805398702748e+00 1.115709178156731127e+02 -3.855777155087500319e+01 3.934135888741728593e+01 3.875253282117756726e+02 -1.241791186871251007e+01 -1.108518328083099824e+01 -1.498439737644821634e-01
-1.408290977901976930e+02 3.920055588833117213e+02 9.013088295515504456e+01 1.204090568546467495e+02 -2.365485650037076226e+01 -4.791805914435887814e+01 -1.013587762609646248e+01 3.612715641863874794e+01 -4.677283883006285947e+00 -1.241791186871251007e+01 9.497587493969599848e+01 -1.395541828626380099e+00 -1.253100326220316862e+00
5.205489940481200506e+01 7.537531395593022410e+01 1.398912322685276308e+02 6.286975617402716665e+01 -2.256105581945867300e+01 -1.601093044699075207e+00 -1.924693867887106791e+01 1.637736915763624168e+01 5.432592934396403450e+00 -1.108518328083099824e+01 -1.395541828626380099e+00 2.892681908732156515e+01 -3.071850168795311475e-01
-7.867320561166457082e+01 6.981865370384903713e+01 -4.149346679916972591e-01 -1.236821445270089725e+01 4.643689568155801695e+00 -1.183681679606031345e+01 -5.062874859837904751e+00 5.878228307649650652e+00 -3.409742634931525185e+00 -1.498439737644821634e-01 -1.253100326220316862e+00 -3.071850168795311475e-01 5.975803725997172577e+00
