1.454941848406242905e+06 6.718020196486454224e+05 5.647256229593789903e+05 4.511479797386565479e+05 3.373255917517121416e+05 2.427248586286666396e+05 1.968781345105234359e+05 1.260323755487279850e+05 1.115256626571797824e+05 7.747460009527017246e+04 4.374502116784119426e+04 3.644360688562627183e+04 1.454538508471677778e+04 7.319186028826564325e+03 2.062490464572641486e+03 2.230994498072777333e+03 2.729172958731404037e+02 2.340894052293471361e+02 1.451619264546200050e+01
6.718020196486454224e+05 1.081643691044677747e+06 4.482774802444525994e+05 3.578242036984646693e+05 2.813484700017992291e+05 1.994812379746588995e+05 1.742049055013571051e+05 1.201528290245145909e+05 1.035612494268838636e+05 7.481545331072955742e+04 3.965357325384420255e+04 3.023715521005449773e+04 1.437676826442122729e+04 8.393389215980410881e+03 3.622135191911839684e+03 1.509911293491172501e+03 4.209168755582521726e+02 2.661788523207275716e+02 5.681034528697733776e+01
5.647256229593789903e+05 4.482774802444525994e+05 6.992648300467004301e+05 3.264016288292303798e+05 2.482595848506525799e+05 1.791948070981530182e+05 1.279289374042847630e+05 9.120699946303840261e+04 7.515634378439417924e+04 4.390281815861404903e+04 2.898089634946369188e+04 2.530189622431651514e+04 1.017735821841768120e+04 6.630325544431957496e+03 2.958968449688142755e+03 1.035797048942785750e+03 2.114799544467076657e+02 5.123352383602198046e+01 1.255035452254740891e+00
4.511479797386565479e+05 3.578242036984646693e+05 3.264016288292303798e+05 4.914931903530816780e+05 1.967989204421819595e+05 1.459522075596206705e+05 1.112243578925547336e+05 7.668264167023013579e+04 5.881008684717595315e+04 4.226428871602336585e+04 2.354033698153700243e+04 1.800756147461451837e+04 6.453556101705409674e+03 4.472072043016288262e+03 7.750880031926570837e+02 6.557206989343336545e+02 4.652403763606054099e+01 2.109047086190098241e+02 2.886573782571641189e+01
3.373255917517121416e+05 2.813484700017992291e+05 2.482595848506525799e+05 1.967989204421819595e+05 3.470694575356525020e+05 1.079539210089663247e+05 8.196245547337125754e+04 6.041955596911330940e+04 5.192721685655216424e+04 3.000112451499391318e+04 1.955791227053988041e+04 1.652850834107258561e+04 3.921070822192076321e+03 3.715819202282467359e+03 1.412948949869012722e+03 2.910188062914315310e+02 -1.741214535283544151e+01 3.177110111495428555e+02 2.798254676070948932e+01
2.427248586286666396e+05 1.994812379746588995e+05 1.791948070981530182e+05 1.459522075596206705e+05 1.079539210089663247e+05 2.259202319973269186e+05 7.327104991043229529e+04 3.934572337080959551e+04 3.480393515225943702e+04 2.962746154476539232e+04 1.500709743466663349e+04 1.215849676881657615e+04 6.521786839721099568e+03 2.466203306889146916e+03 1.807817407357420734e+03 4.675281106678948504e+02 1.188719891484134337e+02 -2.765874036566621541e+01 -3.783926602930698380e+00
1.968781345105234359e+05 1.742049055013571051e+05 1.279289374042847630e+05 1.112243578925547336e+05 8.196245547337125754e+04 7.327104991043229529e+04 1.340372568069121335e+05 3.824507578134863434e+04 3.005228500712190726e+04 2.284753562894476636e+04 1.118022480599330629e+04 9.196487003610855027e+03 2.406204122459878363e+03 1.616523136996715493e+03 8.085510829455485009e+02 6.557435188768121748e+01 2.329869891833809348e+01 1.808045704384074170e+01 -2.103355774623624885e+00
1.260323755487279850e+05 1.201528290245145909e+05 9.120699946303840261e+04 7.668264167023013579e+04 6.041955596911330940e+04 3.934572337080959551e+04 3.824507578134863434e+04 7.954768806749006035e+04 1.864785454127669072e+04 1.669268634724256117e+04 5.476265885822388555e+03 5.463727784694514412e+03 2.890862141737721686e+03 2.153617649799762603e+03 6.305810285440812777e+02 3.759061713979377259e+02 1.588747185388191667e+02 2.003457328717030350e+01 8.067618378792174028e+00
1.115256626571797824e+05 1.035612494268838636e+05 7.515634378439417924e+04 5.881008684717595315e+04 5.192721685655216424e+04 3.480393515225943702e+04 3.005228500712190726e+04 1.864785454127669072e+04 5.441211202203892026e+04 9.785464767161638520e+03 5.675083145613423767e+03 4.587465885474138304e+03 2.664147156968395393e+03 1.158425669494217573e+03 3.992075018146443881e+02 3.852747922741983189e+02 1.024933957968624937e-01 -3.492080181582902121e+00 3.858316150343616968e+00
7.747460009527017246e+04 7.481545331072955742e+04 4.390281815861404903e+04 4.226428871602336585e+04 3.000112451499391318e+04 2.962746154476539232e+04 2.284753562894476636e+04 1.669268634724256117e+04 9.785464767161638520e+03 3.452221257740616420e+04 5.331803376643882984e+03 4.445114792582277914e+03 1.832198256946421679e+03 1.153190757039822074e+03 4.287030753261664699e+02 3.054120184762400640e+02 2.940732736925957980e+01 2.429856831008873286e+01 -7.127524686554416178e-01
4.374502116784119426e+04 3.965357325384420255e+04 2.898089634946369188e+04 2.354033698153700243e+04 1.955791227053988041e+04 1.500709743466663349e+04 1.118022480599330629e+04 5.476265885822388555e+03 5.675083145613423767e+03 5.331803376643882984e+03 1.690988837554187194e+04 1.825984410565770986e+03 9.267762063763212836e+02 3.463010349362756983e+02 2.299607574093936364e+02 6.063712595006504813e+01 -1.238727709987475478e+01 2.989848530280672989e+01 6.884709838764675460e+00
3.644360688562627183e+04 3.023715521005449773e+04 2.530189622431651514e+04 1.800756147461451837e+04 1.652850834107258561e+04 1.215849676881657615e+04 9.196487003610855027e+03 5.463727784694514412e+03 4.587465885474138304e+03 4.445114792582277914e+03 1.825984410565770986e+03 9.242077696891419691e+03 2.885191947798126080e+02 6.201993490973180769e+02 1.847918923709722776e+02 2.851972260979635010e+01 -2.602796591186701036e+01 3.933441390574129670e+00 -4.106178418375112216e+00
1.454538508471677778e+04 1.437676826442122729e+04 1.017735821841768120e+04 6.453556101705409674e+03 3.921070822192076321e+03 6.521786839721099568e+03 2.406204122459878363e+03 2.890862141737721686e+03 2.664147156968395393e+03 1.832198256946421679e+03 9.267762063763212836e+02 2.885191947798126080e+02 4.409016653590941132e+03 5.187945664671534587e+02 4.390781580731280087e+01 1.246798536524561918e+01 5.351958868530396707e+00 -1.096949907503321109e+00 6.319725401246481411e+00
7.319186028826564325e+03 8.393389215980410881e+03 6.630325544431957496e+03 4.472072043016288262e+03 3.715819202282467359e+03 2.466203306889146916e+03 1.616523136996715493e+03 2.153617649799762603e+03 1.158425669494217573e+03 1.153190757039822074e+03 3.463010349362756983e+02 6.201993490973180769e+02 5.187945664671534587e+02 1.729962228061555606e+03 7.729965647710611165e+01 1.918671119730148789e+01 -6.509665445288581154e+00 3.301456455528501976e+00 -2.672389976390026067e-01
2.062490464572641486e+03 3.622135191911839684e+03 2.958968449688142755e+03 7.750880031926570837e+02 1.412948949869012722e+03 1.807817407357420734e+03 8.085510829455485009e+02 6.305810285440812777e+02 3.992075018146443881e+02 4.287030753261664699e+02 2.299607574093936364e+02 1.847918923709722776e+02 4.390781580731280087e+01 7.729965647710611165e+01 6.872835590973231774e+02 -1.573809308568639764e+01 1.401383500698427653e+01 2.436101063384452370e-01 -1.347604231025946619e+00
2.230994498072777333e+03 1.509911293491172501e+03 1.035797048942785750e+03 6.557206989343336545e+02 2.910188062914315310e+02 4.675281106678948504e+02 6.557435188768121748e+01 3.759061713979377259e+02 3.852747922741983189e+02 3.054120184762400640e+02 6.063712595006504813e+01 2.851972260979635010e+01 1.246798536524561918e+01 1.918671119730148789e+01 -1.573809308568639764e+01 2.232996994957156005e+02 -5.547644893154381585e+00 1.099917062909097076e-01 5.106341948734304248e-01
2.729172958731404037e+02 4.209168755582521726e+02 2.114799544467076657e+02 4.652403763606054099e+01 -1.741214535283544151e+01 1.188719891484134337e+02 2.329869891833809348e+01 1.588747185388191667e+02 1.024933957968624937e-01 2.940732736925957980e+01 -1.238727709987475478e+01 -2.602796591186701036e+01 5.351958868530396707e+00 -6.509665445288581154e+00 1.401383500698427653e+01 -5.547644893154381585e+00 6.485428127028283996e+01 -6.991003676137871325e-01 -1.217435204255959413e-01
2.340894052293471361e+02 2.661788523207275716e+02 5.123352383602198046e+01 2.109047086190098241e+02 3.177110111495428555e+02 -2.765874036566621541e+01 1.808045704384074170e+01 2.003457328717030350e+01 -3.492080181582902121e+00 2.429856831008873286e+01 2.989848530280672989e+01 3.933441390574129670e+00 -1.096949907503321109e+00 3.301456455528501976e+00 2.436101063384452370e-01 1.099917062909097076e-01 -6.991003676137871325e-01 1.368909891591918715e+01 -2.748591207317802043e-02
1.451619264546200050e+01 5.681034528697733776e+01 1.255035452254740891e+00 2.886573782571641189e+01 2.798254676070948932e+01 -3.783926602930698380e+00 -2.103355774623624885e+00 8.067618378792174028e+00 3.858316150343616968e+00 -7.127524686554416178e-01 6.884709838764675460e+00 -4.106178418375112216e+00 6.319725401246481411e+00 -2.672389976390026067e-01 -1.347604231025946619e+00 5.106341948734304248e-01 -1.217435204255959413e-01 -2.748591207317802043e-02 1.003154097169438375e+00
