9.995478142454688204e+05 3.984388814260478830e+05 3.456554721938173752e+05 2.435374917354031641e+05 2.158073878496248799e+05 1.345394481626964989e+05 9.971178371391195105e+04 5.042064825412495702e+04 3.802431706429768383e+04 1.953766098742262693e+04 1.068454486113883468e+04 8.772606267132172434e+03 2.700359369087055711e+03 8.867752916625647686e+02 6.818480039053584960e+02 1.428842134073129841e+02 -1.039142648522870189e+02
3.984388814260478830e+05 7.091628441402734024e+05 3.108709344040689175e+05 2.110111811730329646e+05 1.642700663327043876e+05 1.083807612997457763e+05 8.800354155525693204e+04 5.372276670898301381e+04 2.665896229476616281e+04 2.090892738439941968e+04 1.450316333811349614e+04 1.040103787212795760e+04 3.787848003694879480e+03 1.287789821622521458e+03 7.579640713211638570e+01 2.021444321596362670e+01 6.163699300618145571e+01
3.456554721938173752e+05 3.108709344040689175e+05 5.481992066107571591e+05 1.952896073464402580e+05 1.490014273886804003e+05 9.699605682151314977e+04 7.839197807461695629e+04 4.105741707378051069e+04 2.628803558266059554e+04 1.389648682324107176e+04 7.583322718848758086e+03 9.255140762210736284e+03 2.392306919368585113e+03 1.940847948115121881e+03 2.212257213068618711e+01 -7.805429589804201385e+01 -1.797936358225968689e+01
2.435374917354031641e+05 2.110111811730329646e+05 1.952896073464402580e+05 3.380753204717783374e+05 1.142036319943522394e+05 7.512424652109695307e+04 4.919393047481443500e+04 3.484349761475726700e+04 1.591287444692792633e+04 8.278591301607617424e+03 7.923551301957436408e+03 5.670179345694082258e+03 1.253765775551783690e+03 6.208053213739600551e+02 4.987093673288756008e+02 7.474743809644438386e+01 -8.817082889934826540e+01
2.158073878496248799e+05 1.642700663327043876e+05 1.490014273886804003e+05 1.142036319943522394e+05 2.231474026532665303e+05 5.424880961862172990e+04 4.491893298012505693e+04 2.286913085304657216e+04 1.574676599270183942e+04 7.874626539124757073e+03 6.744796457330063276e+03 5.879100458269857882e+03 7.508006984639907841e+02 1.824638466217562041e+02 1.170108185201172972e+02 2.668811505234826953e+01 3.103821097962018172e+01
1.345394481626964989e+05 1.083807612997457763e+05 9.699605682151314977e+04 7.512424652109695307e+04 5.424880961862172990e+04 1.256862545091557404e+05 3.064371701377008139e+04 1.865713987141783582e+04 1.055434573531567366e+04 6.025210682146499494e+03 5.413071956054031943e+03 2.974652979337651232e+03 1.590402321415891265e+03 5.215892370689615518e+02 2.066086047396731260e+02 -5.764580315730476201e+01 3.169971099744700993e+01
9.971178371391195105e+04 8.800354155525693204e+04 7.839197807461695629e+04 4.919393047481443500e+04 4.491893298012505693e+04 3.064371701377008139e+04 7.850686052390473196e+04 1.256544009658311370e+04 7.461618482648497775e+03 3.395981266571543983e+03 3.064803312728878609e+03 2.618138577878752130e+03 8.478410666256231707e+02 5.501899358775923474e+02 2.646631707555215840e+01 -5.842652781454578559e+01 -3.474156975722907159e+00
5.042064825412495702e+04 5.372276670898301381e+04 4.105741707378051069e+04 3.484349761475726700e+04 2.286913085304657216e+04 1.865713987141783582e+04 1.256544009658311370e+04 4.297935695208479592e+04 3.747215779613915402e+03 2.035295112351511534e+03 1.534088388863586260e+03 1.468447560204811225e+03 3.819155004931724307e+02 3.172508954397644132e+01 1.789130017536031687e+02 7.766756390570988344e+01 2.992163302701673633e+00
3.802431706429768383e+04 2.665896229476616281e+04 2.628803558266059554e+04 1.591287444692792633e+04 1.574676599270183942e+04 1.055434573531567366e+04 7.461618482648497775e+03 3.747215779613915402e+03 2.224556171971918957e+04 2.026006282055458996e+03 4.486100972269075555e+02 1.044481742078895650e+03 7.177591853326405271e+02 2.550320597986177518e+02 7.914514246776290918e+01 1.899467720517188241e+01 -6.104376539246275435e+00
1.953766098742262693e+04 2.090892738439941968e+04 1.389648682324107176e+04 8.278591301607617424e+03 7.874626539124757073e+03 6.025210682146499494e+03 3.395981266571543983e+03 2.035295112351511534e+03 2.026006282055458996e+03 1.068701851639849701e+04 5.578927953707982397e+02 1.388357670542428934e+02 3.763975531912593055e+02 -8.460183736267990184e+01 2.470853982577849806e+01 5.974176544587272097e+00 -2.541344169133202602e+00
1.068454486113883468e+04 1.450316333811349614e+04 7.583322718848758086e+03 7.923551301957436408e+03 6.744796457330063276e+03 5.413071956054031943e+03 3.064803312728878609e+03 1.534088388863586260e+03 4.486100972269075555e+02 5.578927953707982397e+02 5.904733584507591331e+03 5.727194978999539217e+02 1.400884360449454746e+01 6.546951450193301980e+01 2.674004075144266324e+01 -3.355237270906642699e+00 -9.406427473564699326e+00
8.772606267132172434e+03 1.040103787212795760e+04 9.255140762210736284e+03 5.670179345694082258e+03 5.879100458269857882e+03 2.974652979337651232e+03 2.618138577878752130e+03 1.468447560204811225e+03 1.044481742078895650e+03 1.388357670542428934e+02 5.727194978999539217e+02 2.782744640543843616e+03 5.928189302010888184e+01 4.365751352929024165e+01 -1.019638966113260281e+01 5.226851181638234145e+00 -3.478718156972818498e+00
2.700359369087055711e+03 3.787848003694879480e+03 2.392306919368585113e+03 1.253765775551783690e+03 7.508006984639907841e+02 1.590402321415891265e+03 8.478410666256231707e+02 3.819155004931724307e+02 7.177591853326405271e+02 3.763975531912593055e+02 1.400884360449454746e+01 5.928189302010888184e+01 9.258632850776624537e+02 -7.171858752720498664e+00 7.484389908270361325e+00 2.328965197779629737e+00 4.358188108824704088e+00
8.867752916625647686e+02 1.287789821622521458e+03 1.940847948115121881e+03 6.208053213739600551e+02 1.824638466217562041e+02 5.215892370689615518e+02 5.501899358775923474e+02 3.172508954397644132e+01 2.550320597986177518e+02 -8.460183736267990184e+01 6.546951450193301980e+01 4.365751352929024165e+01 -7.171858752720498664e+00 3.224953801359724253e+02 -5.772511995455083422e+00 6.716917292042741572e+00 2.182227560336074124e+00
6.818480039053584960e+02 7.579640713211638570e+01 2.212257213068618711e+01 4.987093673288756008e+02 1.170108185201172972e+02 2.066086047396731260e+02 2.646631707555215840e+01 1.789130017536031687e+02 7.914514246776290918e+01 2.470853982577849806e+01 2.674004075144266324e+01 -1.019638966113260281e+01 7.484389908270361325e+00 -5.772511995455083422e+00 7.065402774339737846e+01 -8.020008685602629805e-01 -9.551594212037464171e-01
1.428842134073129841e+02 2.021444321596362670e+01 -7.805429589804201385e+01 7.474743809644438386e+01 2.668811505234826953e+01 -5.764580315730476201e+01 -5.842652781454578559e+01 7.766756390570988344e+01 1.899467720517188241e+01 5.974176544587272097e+00 -3.355237270906642699e+00 5.226851181638234145e+00 2.328965197779629737e+00 6.716917292042741572e+00 -8.020008685602629805e-01 2.301659836576060414e+01 -2.829420440922003621e-01
-1.039142648522870189e+02 6.163699300618145571e+01 -1.797936358225968689e+01 -8.817082889934826540e+01 3.103821097962018172e+01 3.169971099744700993e+01 -3.474156975722907159e+00 2.992163302701673633e+00 -6.104376539246275435e+00 -2.541344169133202602e+00 -9.406427473564699326e+00 -3.478718156972818498e+00 4.358188108824704088e+00 2.182227560336074124e+00 -9.551594212037464171e-01 -2.829420440922003621e-01 5.964330223436838274e+00
