4.775437747792737007e+09 3.559911517326595306e+09 2.535903500750606060e+09 1.824667106046725273e+09 1.274870747228966951e+09 8.745675964587299824e+08 5.714764624024770260e+08 3.661089123366711736e+08 2.198381703248032629e+08 1.246679594951538742e+08 6.804767402559240162e+07 3.337047625662692636e+07 1.514631885351000167e+07 5.677556659243069589e+06 1.867528303694483358e+06 5.038970773093187599e+05 1.054235986288308923e+05 8.251260291063688783e+03
3.559911517326595306e+09 2.654662585002550602e+09 1.890645882023093939e+09 1.360433892102855444e+09 9.504756548509618044e+08 6.519960737593693733e+08 4.260011589421559572e+08 2.729542614573613405e+08 1.639036926148398817e+08 9.294775069724379480e+07 5.074960629842532426e+07 2.489238313014292344e+07 1.129392333764327690e+07 4.233536119000339881e+06 1.390058268201300409e+06 3.756705948356969748e+05 7.820339567789575085e+04 6.104426597524044155e+03
2.535903500750606060e+09 1.890645882023093939e+09 1.347219317380619526e+09 9.691116166274597645e+08 6.771163400940165520e+08 4.644859706824803948e+08 3.034892251663739085e+08 1.944825164032472372e+08 1.167460558062604964e+08 6.621294921340495348e+07 3.614105749142266065e+07 1.772915911170437932e+07 8.043571162101068534e+06 3.016280861101741903e+06 9.916620777995419921e+05 2.675539711224826751e+05 5.618758186293711333e+04 4.469190012744409614e+03
1.824667106046725273e+09 1.360433892102855444e+09 9.691116166274597645e+08 6.974974319765993357e+08 4.872252242825506926e+08 3.342181136249043941e+08 2.183759818721786141e+08 1.399071212339133322e+08 8.400780526048280299e+07 4.763520158321576566e+07 2.600048694726580754e+07 1.275118391576089710e+07 5.790446770198006183e+06 2.170752436006858014e+06 7.129707531516425079e+05 1.924121096219482424e+05 4.029743989873964165e+04 3.186586282068494256e+03
1.274870747228966951e+09 9.504756548509618044e+08 6.771163400940165520e+08 4.872252242825506926e+08 3.405431695766414404e+08 2.334916123671364486e+08 1.525679340540959835e+08 9.774656756700065732e+07 5.869562368985285610e+07 3.328114633782048896e+07 1.817219391484077647e+07 8.908056794197706506e+06 4.046622156628569122e+06 1.517212945425871294e+06 4.980936833016094170e+05 1.344653413451039814e+05 2.789559227307691617e+04 2.195978053402818205e+03
8.745675964587299824e+08 6.519960737593693733e+08 4.644859706824803948e+08 3.342181136249043941e+08 2.334916123671364486e+08 1.602930300808185041e+08 1.046741500980025083e+08 6.707459538246871531e+07 4.025882915159723163e+07 2.283231847820519656e+07 1.245722755005181953e+07 6.111184990647709928e+06 2.778625704145220108e+06 1.040554961014434928e+06 3.422689842613729415e+05 9.202818691590279923e+04 1.948576477181662995e+04 1.577109022427061063e+03
5.714764624024770260e+08 4.260011589421559572e+08 3.034892251663739085e+08 2.183759818721786141e+08 1.525679340540959835e+08 1.046741500980025083e+08 6.844900524567215145e+07 4.382253177641867101e+07 2.630125307907238975e+07 1.491837002786584385e+07 8.142969231774407439e+06 3.992274983691500966e+06 1.815127389283432625e+06 6.802799601055579260e+05 2.242491017539118184e+05 5.992963350467661803e+04 1.247148268172289318e+04 1.031816985668139296e+03
3.661089123366711736e+08 2.729542614573613405e+08 1.944825164032472372e+08 1.399071212339133322e+08 9.774656756700065732e+07 6.707459538246871531e+07 4.382253177641867101e+07 2.812363934927351773e+07 1.685934493062334135e+07 9.557787124140333384e+06 5.220528512371825054e+06 2.559897413817105349e+06 1.162691833927365951e+06 4.355460991943813860e+05 1.437451293790123600e+05 3.857641218049520830e+04 8.040728048073055106e+03 6.669297165377307692e+02
2.198381703248032629e+08 1.639036926148398817e+08 1.167460558062604964e+08 8.400780526048280299e+07 5.869562368985285610e+07 4.025882915159723163e+07 2.630125307907238975e+07 1.685934493062334135e+07 1.014265971667341143e+07 5.739394327989597805e+06 3.133433184676324483e+06 1.539691701689524576e+06 6.982387326700907433e+05 2.624664802291365340e+05 8.553873511622156366e+04 2.322846836846980295e+04 4.819260823992262885e+03 3.917807564398473801e+02
1.246679594951538742e+08 9.294775069724379480e+07 6.621294921340495348e+07 4.763520158321576566e+07 3.328114633782048896e+07 2.283231847820519656e+07 1.491837002786584385e+07 9.557787124140333384e+06 5.739394327989597805e+06 3.270262540760403965e+06 1.778478706843896303e+06 8.716208390396910254e+05 3.950043927057778346e+05 1.479689460909154441e+05 4.886001165320457949e+04 1.323383165305394868e+04 2.792066661964300238e+03 2.259165705228814147e+02
6.804767402559240162e+07 5.074960629842532426e+07 3.614105749142266065e+07 2.600048694726580754e+07 1.817219391484077647e+07 1.245722755005181953e+07 8.142969231774407439e+06 5.220528512371825054e+06 3.133433184676324483e+06 1.778478706843896303e+06 9.760747176881516352e+05 4.752812250522375689e+05 2.157306944409964199e+05 8.090116617270909774e+04 2.662124596517859391e+04 7.176211653742219823e+03 1.492768820574078518e+03 9.938847565935878947e+01
3.337047625662692636e+07 2.489238313014292344e+07 1.772915911170437932e+07 1.275118391576089710e+07 8.908056794197706506e+06 6.111184990647709928e+06 3.992274983691500966e+06 2.559897413817105349e+06 1.539691701689524576e+06 8.716208390396910254e+05 4.752812250522375689e+05 2.375681349240917771e+05 1.058874952225223387e+05 4.014665959722047410e+04 1.292356050694887017e+04 3.496214275854130847e+03 7.147932917480408150e+02 7.349274469963060596e+01
1.514631885351000167e+07 1.129392333764327690e+07 8.043571162101068534e+06 5.790446770198006183e+06 4.046622156628569122e+06 2.778625704145220108e+06 1.815127389283432625e+06 1.162691833927365951e+06 6.982387326700907433e+05 3.950043927057778346e+05 2.157306944409964199e+05 1.058874952225223387e+05 5.065709007476262195e+04 1.807331518110297475e+04 5.915373888799563247e+03 1.647515909207229925e+03 3.046802600849913460e+02 2.351139584009125727e+01
5.677556659243069589e+06 4.233536119000339881e+06 3.016280861101741903e+06 2.170752436006858014e+06 1.517212945425871294e+06 1.040554961014434928e+06 6.802799601055579260e+05 4.355460991943813860e+05 2.624664802291365340e+05 1.479689460909154441e+05 8.090116617270909774e+04 4.014665959722047410e+04 1.807331518110297475e+04 7.389734486563505016e+03 2.177458265754157765e+03 5.810751934078895147e+02 1.189883342385930689e+02 1.774416698854706809e+01
1.867528303694483358e+06 1.390058268201300409e+06 9.916620777995419921e+05 7.129707531516425079e+05 4.980936833016094170e+05 3.422689842613729415e+05 2.242491017539118184e+05 1.437451293790123600e+05 8.553873511622156366e+04 4.886001165320457949e+04 2.662124596517859391e+04 1.292356050694887017e+04 5.915373888799563247e+03 2.177458265754157765e+03 9.489003435433210143e+02 1.893445941058461415e+02 3.638243528197400423e+01 1.560115360121184791e+00
5.038970773093187599e+05 3.756705948356969748e+05 2.675539711224826751e+05 1.924121096219482424e+05 1.344653413451039814e+05 9.202818691590279923e+04 5.992963350467661803e+04 3.857641218049520830e+04 2.322846836846980295e+04 1.323383165305394868e+04 7.176211653742219823e+03 3.496214275854130847e+03 1.647515909207229925e+03 5.810751934078895147e+02 1.893445941058461415e+02 1.091557453977079604e+02 7.469636331804990093e+00 -1.217933957636863768e-01
1.054235986288308923e+05 7.820339567789575085e+04 5.618758186293711333e+04 4.029743989873964165e+04 2.789559227307691617e+04 1.948576477181662995e+04 1.247148268172289318e+04 8.040728048073055106e+03 4.819260823992262885e+03 2.792066661964300238e+03 1.492768820574078518e+03 7.147932917480408150e+02 3.046802600849913460e+02 1.189883342385930689e+02 3.638243528197400423e+01 7.469636331804990093e+00 1.475347348288762994e+01 -2.553198466838708242e-02
8.251260291063688783e+03 6.104426597524044155e+03 4.469190012744409614e+03 3.186586282068494256e+03 2.195978053402818205e+03 1.577109022427061063e+03 1.031816985668139296e+03 6.669297165377307692e+02 3.917807564398473801e+02 2.259165705228814147e+02 9.938847565935878947e+01 7.349274469963060596e+01 2.351139584009125727e+01 1.774416698854706809e+01 1.560115360121184791e+00 -1.217933957636863768e-01 -2.553198466838708242e-02 1.003475623409995521e+00
