2.684603797090647276e+05 7.105892932385801396e+04 3.102443807261974507e+04 2.972057779969404874e+04 1.789198920072353576e+04 6.926659925248955005e+03 2.969096362388345824e+03 1.721624737828029993e+03 8.420745976588985968e+02 -1.737415378471960636e+01 1.212061319264715138e+02 9.358737452213914310e+01 1.800262064926204886e+01
7.105892932385801396e+04 1.334776540543562733e+05 2.982797477598027035e+04 1.882548389562539523e+04 1.287250998885719491e+04 4.438755690107613191e+03 2.788254320841401295e+03 1.353355714450775622e+03 6.602596550411641374e+02 7.284032189800358026e+01 -6.419696575235325042e+01 7.898338077081400854e+01 2.422720481057938713e+01
3.102443807261974507e+04 2.982797477598027035e+04 6.614569100964232348e+04 1.292678663700591642e+04 8.165333313441775317e+03 4.530558246078730008e+03 1.480561226622342247e+03 5.308704831156169348e+02 6.754522266581435588e+02 9.199656579537446532e+01 -8.137682314772638392e+01 -3.498397016421983086e+00 -5.036009153227775315e+00
2.972057779969404874e+04 1.882548389562539523e+04 1.292678663700591642e+04 3.589244899224484834e+04 4.056809714101310874e+03 2.917332592846832540e+03 3.297460377070285062e+02 6.758898775241023031e+02 8.954365111915018716e+00 7.051541773757884357e+01 1.278965707534053386e+01 1.734649496616465569e+01 9.555641365450856739e+00
1.789198920072353576e+04 1.287250998885719491e+04 8.165333313441775317e+03 4.056809714101310874e+03 1.578367692729839655e+04 1.312871215111521906e+03 4.048564279045880880e+02 2.571906860073701750e+02 2.289801278730809599e+02 1.374696438873157547e+02 1.633777316459487849e+01 5.514555372692354851e+00 1.454167192936137276e+01
6.926659925248955005e+03 4.438755690107613191e+03 4.530558246078730008e+03 2.917332592846832540e+03 1.312871215111521906e+03 7.023541439989731771e+03 3.366854324896941080e+02 2.366165651322564258e+02 3.671567746869073545e+01 -9.310063872165672549e+00 -2.185321950524603452e+01 1.075427598137875052e+01 2.865919962935366883e+00
2.969096362388345824e+03 2.788254320841401295e+03 1.480561226622342247e+03 3.297460377070285062e+02 4.048564279045880880e+02 3.366854324896941080e+02 3.205885987058657065e+03 -1.739539038807130122e+00 2.542329098736907511e+01 -3.870105401286152613e+01 -3.216675239180658785e+00 -8.583817199639629081e+00 1.939329173635941372e-01
1.721624737828029993e+03 1.353355714450775622e+03 5.308704831156169348e+02 6.758898775241023031e+02 2.571906860073701750e+02 2.366165651322564258e+02 -1.739539038807130122e+00 1.261243016469723898e+03 6.070522210444000422e+01 -2.084471210063644619e+01 -5.206730485225202543e+00 1.360309236609014594e+00 1.814371260526565388e+00
8.420745976588985968e+02 6.602596550411641374e+02 6.754522266581435588e+02 8.954365111915018716e+00 2.289801278730809599e+02 3.671567746869073545e+01 2.542329098736907511e+01 6.070522210444000422e+01 4.639844012263666286e+02 7.641064115382322441e+00 -3.351616015640147328e+00 8.848637804941371643e-01 -7.739603992429850976e-01
-1.737415378471960636e+01 7.284032189800358026e+01 9.199656579537446532e+01 7.051541773757884357e+01 1.374696438873157547e+02 -9.310063872165672549e+00 -3.870105401286152613e+01 -2.084471210063644619e+01 7.641064115382322441e+00 1.070241402646229147e+02 -1.271582419919200069e+00 -1.720858369054906190e+00 -2.150252243362258675e-01
1.212061319264715138e+02 -6.419696575235325042e+01 -8.137682314772638392e+01 1.278965707534053386e+01 1.633777316459487849e+01 -2.185321950524603452e+01 -3.216675239180658785e+00 -5.206730485225202543e+00 -3.351616015640147328e+00 -1.271582419919200069e+00 2.143680649084483747e+01 -3.155442778768852707e-01 -3.942798568353584471e-02
9.358737452213914310e+01 7.898338077081400854e+01 -3.498397016421983086e+00 1.734649496616465569e+01 5.514555372692354851e+00 1.075427598137875052e+01 -8.583817199639629081e+00 1.360309236609014594e+00 8.848637804941371643e-01 -1.720858369054906190e+00 -3.155442778768852707e-01 7.947505653130303216e+00 -1.576284398962157426e-02
1.800262064926204886e+01 2.422720481057938713e+01 -5.036009153227775315e+00 9.555641365450856739e+00 1.454167192936137276e+01 2.865919962935366883e+00 1.939329173635941372e-01 1.814371260526565388e+00 -7.739603992429850976e-01 -2.150252243362258675e-01 -3.942798568353584471e-02 -1.576284398962157426e-02 1.006467506788114141e+00
