2.372645292421485938e+05 6.653786725750380720e+04 3.482127543567141402e+04 2.152585608137865347e+04 1.506602099945844748e+04 8.817887000144723061e+03 5.435298383646946604e+03 1.693238446392331070e+03 7.840866597470047736e+02 1.039081502603711726e+02 -1.230690411019381685e+02 -1.151081968177082970e+01 1.643274352848788311e+01
6.653786725750380720e+04 1.351938585089562985e+05 2.910881091735645532e+04 2.110432057244867246e+04 1.386402587128027335e+04 5.623958565032335173e+03 2.949187253076498109e+03 7.608812445478585005e+02 2.755152330631245263e+02 1.598799258187604551e+02 -7.039097676642603574e+01 5.433926430736144120e+00 8.451120978366030156e-01
3.482127543567141402e+04 2.910881091735645532e+04 6.775560248536922154e+04 7.816975717319021896e+03 8.270389577974054191e+03 3.547813706940240991e+03 2.613793685256572189e+03 4.508337986753239193e+02 3.355202607283529801e+02 -1.222652565035115515e+02 -5.246427483701242522e+01 2.383136931808973813e+01 2.153624197831701892e+01
2.152585608137865347e+04 2.110432057244867246e+04 7.816975717319021896e+03 3.901795060228097282e+04 5.164020189855232275e+03 2.961956129794408753e+03 1.124289601658327683e+03 1.217328495448746253e+02 3.047831175141421340e+02 1.298580012442124030e+02 3.300147363905012554e+01 -8.218457585165122481e+00 -2.562974535231630657e+00
1.506602099945844748e+04 1.386402587128027335e+04 8.270389577974054191e+03 5.164020189855232275e+03 1.924273536741163116e+04 2.323562419437598692e+03 9.682385313450222384e+02 -3.213128017179490143e+02 1.849554132226250829e+02 6.363591440557159196e+00 -3.408495301820350676e+01 -1.728837587860673253e+01 -3.557550862432551142e+00
8.817887000144723061e+03 5.623958565032335173e+03 3.547813706940240991e+03 2.961956129794408753e+03 2.323562419437598692e+03 8.950523161982624515e+03 3.422214917436255064e+02 1.281229702707801437e+02 3.710865383355587799e+00 3.057083503746560282e+01 3.530577960666947845e+00 -6.439159848137718356e+00 5.239048696993657828e+00
5.435298383646946604e+03 2.949187253076498109e+03 2.613793685256572189e+03 1.124289601658327683e+03 9.682385313450222384e+02 3.422214917436255064e+02 3.387886103635004474e+03 -1.874259850352136425e+01 5.663270225671868019e+01 -2.328233543753495027e+01 -6.099706543731609365e+00 4.497321492987744307e+00 -9.021697244848945196e-01
1.693238446392331070e+03 7.608812445478585005e+02 4.508337986753239193e+02 1.217328495448746253e+02 -3.213128017179490143e+02 1.281229702707801437e+02 -1.874259850352136425e+01 1.339997606425004733e+03 7.984033507544884856e+01 -1.949189643031179386e+01 1.803833775490699454e+00 2.150888778389703049e+00 3.572442794998224702e+00
7.840866597470047736e+02 2.755152330631245263e+02 3.355202607283529801e+02 3.047831175141421340e+02 1.849554132226250829e+02 3.710865383355587799e+00 5.663270225671868019e+01 7.984033507544884856e+01 3.978198153527898171e+02 -1.850384739565310355e+01 4.054636958179384187e+00 7.899907238283434552e-01 -1.571277410347388326e+00
1.039081502603711726e+02 1.598799258187604551e+02 -1.222652565035115515e+02 1.298580012442124030e+02 6.363591440557159196e+00 3.057083503746560282e+01 -2.328233543753495027e+01 -1.949189643031179386e+01 -1.850384739565310355e+01 1.279571718682683894e+02 4.698761803418179395e-01 -1.026117745957799254e+00 -5.088518519834813736e-01
-1.230690411019381685e+02 -7.039097676642603574e+01 -5.246427483701242522e+01 3.300147363905012554e+01 -3.408495301820350676e+01 3.530577960666947845e+00 -6.099706543731609365e+00 1.803833775490699454e+00 4.054636958179384187e+00 4.698761803418179395e-01 1.754290645874440102e+01 -2.839566003354194734e-01 -7.095283866563574515e-02
-1.151081968177082970e+01 5.433926430736144120e+00 2.383136931808973813e+01 -8.218457585165122481e+00 -1.728837587860673253e+01 -6.439159848137718356e+00 4.497321492987744307e+00 2.150888778389703049e+00 7.899907238283434552e-01 -1.026117745957799254e+00 -2.839566003354194734e-01 7.946893292116945950e+00 -3.151916033259184041e-02
1.643274352848788311e+01 8.451120978366030156e-01 2.153624197831701892e+01 -2.562974535231630657e+00 -3.557550862432551142e+00 5.239048696993657828e+00 -9.021697244848945196e-01 3.572442794998224702e+00 -1.571277410347388326e+00 -5.088518519834813736e-01 -7.095283866563574515e-02 -3.151916033259184041e-02 2.008318677237360017e+00
