5.044878884389061132e+05 1.599495345084097062e+05 1.176320453959562583e+05 6.118198656657414540e+04 5.596685739710053895e+04 2.985884603287675054e+04 2.108038297371382578e+04 1.247220997427239672e+04 8.917109161383532410e+02 8.821575472639566442e+02 6.344606880380706571e+02 1.742436933073808234e+02 -6.278291305806409639e+01 3.963244592342615391e+01 3.603106461340134903e+00
1.599495345084097062e+05 3.197878185440730886e+05 8.363093993712816155e+04 5.238556754278107837e+04 3.302168094330633903e+04 2.288281271063967506e+04 1.729108554977920357e+04 8.253109168140426846e+03 4.013287733524858140e+03 9.031742714245552861e+02 3.460417443011147611e+02 2.164145826944173905e+02 -9.899753261839130403e+01 -4.492231147683659742e+01 1.371612249490202906e+01
1.176320453959562583e+05 8.363093993712816155e+04 1.775088043932090804e+05 3.707608972134104260e+04 2.609484813538293020e+04 1.596597837857362174e+04 1.115167406411885895e+04 6.977784927393388898e+03 2.524380851087686096e+03 8.347265132306503119e+02 1.979145228903003613e+02 -2.647982998778308783e+01 -5.149024080191750130e+01 -2.131428494635556348e+01 -7.102188967030255817e+00
6.118198656657414540e+04 5.238556754278107837e+04 3.707608972134104260e+04 8.913952782332139031e+04 1.967361641184403561e+04 1.008708068723540600e+04 5.183604005783623506e+03 5.214615063228143299e+03 6.822084611799847380e+02 -9.135970600834069444e+01 3.216459103710416798e+02 7.378190019957234824e+01 -1.047793292579714830e+01 -4.353697282508047550e+00 -3.147285150328944514e+00
5.596685739710053895e+04 3.302168094330633903e+04 2.609484813538293020e+04 1.967361641184403561e+04 4.888988124959378183e+04 8.554465060965201701e+03 4.962115533050243357e+03 2.224250914934970297e+03 7.572194660906219497e+02 2.373595467549005207e+02 -3.150096026926505743e+01 1.395473560236806065e+02 -1.613105496823754947e+01 -2.551589800119516838e+01 6.393029039733797880e+00
2.985884603287675054e+04 2.288281271063967506e+04 1.596597837857362174e+04 1.008708068723540600e+04 8.554465060965201701e+03 2.734973800288106941e+04 3.078870654379727966e+03 2.323679922172156239e+03 3.569345893957938642e+02 7.349490030970840735e+02 1.821587708344304701e+01 -6.229148602720758277e+01 1.023969311249060787e+01 4.293796144692572092e+00 7.174853592476032382e+00
2.108038297371382578e+04 1.729108554977920357e+04 1.115167406411885895e+04 5.183604005783623506e+03 4.962115533050243357e+03 3.078870654379727966e+03 1.300328598161569607e+04 1.928428004840084668e+03 2.623905303935968618e+02 2.131210036850995948e+02 1.056417709419219051e+02 3.458133294383740974e+01 9.337665607204858276e+00 5.109830990666189621e+00 -2.008401074939722086e+00
1.247220997427239672e+04 8.253109168140426846e+03 6.977784927393388898e+03 5.214615063228143299e+03 2.224250914934970297e+03 2.323679922172156239e+03 1.928428004840084668e+03 5.275455006076248537e+03 5.946390393604784919e+01 3.708479454477151194e+01 -1.186744147208873418e-01 1.312571411652719622e+00 -1.556567822600492690e+01 -1.672835322916658596e+00 -2.916036702215325960e+00
8.917109161383532410e+02 4.013287733524858140e+03 2.524380851087686096e+03 6.822084611799847380e+02 7.572194660906219497e+02 3.569345893957938642e+02 2.623905303935968618e+02 5.946390393604784919e+01 2.361971520392990442e+03 1.552432441260853579e+02 -2.942470159564046739e+01 -5.213291150213075209e-01 -2.206719166349027095e+00 1.045680094979864611e-01 7.080438104729793736e-01
8.821575472639566442e+02 9.031742714245552861e+02 8.347265132306503119e+02 -9.135970600834069444e+01 2.373595467549005207e+02 7.349490030970840735e+02 2.131210036850995948e+02 3.708479454477151194e+01 1.552432441260853579e+02 9.027287359206678730e+02 -2.180339189069357531e+01 -1.436408794746908413e+00 2.441543865470164665e+00 -2.700736176048875725e-01 1.255289041628685043e+00
6.344606880380706571e+02 3.460417443011147611e+02 1.979145228903003613e+02 3.216459103710416798e+02 -3.150096026926505743e+01 1.821587708344304701e+01 1.056417709419219051e+02 -1.186744147208873418e-01 -2.942470159564046739e+01 -2.180339189069357531e+01 2.522486227994506862e+02 -6.940637579182113992e-01 6.779729348592287153e-01 -1.583899679883165490e+00 -5.277753797352896514e-01
1.742436933073808234e+02 2.164145826944173905e+02 -2.647982998778308783e+01 7.378190019957234824e+01 1.395473560236806065e+02 -6.229148602720758277e+01 3.458133294383740974e+01 1.312571411652719622e+00 -5.213291150213075209e-01 -1.436408794746908413e+00 -6.940637579182113992e-01 7.050136070321057957e+01 -9.769775950402098674e-01 -4.252794394423135560e-01 -1.417084809701046055e-01
-6.278291305806409639e+01 -9.899753261839130403e+01 -5.149024080191750130e+01 -1.047793292579714830e+01 -1.613105496823754947e+01 1.023969311249060787e+01 9.337665607204858276e+00 -1.556567822600492690e+01 -2.206719166349027095e+00 2.441543865470164665e+00 6.779729348592287153e-01 -9.769775950402098674e-01 1.372642737412986769e+01 -8.265462055846942158e-02 -2.754156358901485233e-02
3.963244592342615391e+01 -4.492231147683659742e+01 -2.131428494635556348e+01 -4.353697282508047550e+00 -2.551589800119516838e+01 4.293796144692572092e+00 5.109830990666189621e+00 -1.672835322916658596e+00 1.045680094979864611e-01 -2.700736176048875725e-01 -1.583899679883165490e+00 -4.252794394423135560e-01 -8.265462055846942158e-02 3.003824748683526114e+00 -5.899286922658767210e-03
3.603106461340134903e+00 1.371612249490202906e+01 -7.102188967030255817e+00 -3.147285150328944514e+00 6.393029039733797880e+00 7.174853592476032382e+00 -2.008401074939722086e+00 -2.916036702215325960e+00 7.080438104729793736e-01 1.255289041628685043e+00 -5.277753797352896514e-01 -1.417084809701046055e-01 -2.754156358901485233e-02 -5.899286922658767210e-03 1.004481344650375307e+00
