3.683342869947802392e+05 1.172070103701944900e+05 7.835807467547424312e+04 4.433606068793801387e+04 2.199895781770784015e+04 1.429879422709577193e+04 1.027084200939778566e+04 5.591905342788576490e+03 1.066937108378673202e+03 5.364066430766172289e+02 4.034762717232042064e+02 2.024334681103173139e+01 1.461199401734189607e+01
1.172070103701944900e+05 1.951669330436040764e+05 5.140021896073226526e+04 2.893459677805724641e+04 1.546682130452478486e+04 1.164363215502694766e+04 3.753870647215333975e+03 2.942289654713418713e+03 8.374463445123409429e+02 3.676211427559690037e+02 2.065995290421509480e+02 -1.380868475816917496e+01 1.944557791296615790e+01
7.835807467547424312e+04 5.140021896073226526e+04 9.815190057014326158e+04 1.758597351777149015e+04 1.184995072151840759e+04 6.389231031972522032e+03 4.373942354039372731e+03 1.983993980766643972e+03 5.649324090923888662e+02 3.921340526761833303e+02 -6.889088275070373868e+01 -1.698932101980897968e+01 1.206790977833858847e+01
4.433606068793801387e+04 2.893459677805724641e+04 1.758597351777149015e+04 4.874385102137605281e+04 6.526370147233675198e+03 3.866826677609273247e+03 2.500254052046097513e+03 1.397095960692651261e+03 5.086817396792441173e+02 7.293293817216898844e+01 -1.374049228100266440e+01 -3.849116611856558734e+01 3.290909721317507142e+00
2.199895781770784015e+04 1.546682130452478486e+04 1.184995072151840759e+04 6.526370147233675198e+03 2.315786747548298081e+04 2.070861267773020245e+03 7.732459059611589964e+02 6.446689524091716521e+02 2.168555107461004354e+02 -4.365058468573570849e+01 -8.524431964236575254e+01 3.982781163958671300e+01 2.626240692522205045e+00
1.429879422709577193e+04 1.164363215502694766e+04 6.389231031972522032e+03 3.866826677609273247e+03 2.070861267773020245e+03 1.089225316726956044e+04 1.027725359719656353e+03 2.138854338887506970e+02 1.877529542045269864e+02 1.121762192241574638e+02 3.249301237853782709e+01 1.737280275608478775e+01 3.124467275681869882e+00
1.027084200939778566e+04 3.753870647215333975e+03 4.373942354039372731e+03 2.500254052046097513e+03 7.732459059611589964e+02 1.027725359719656353e+03 5.310713096943472920e+03 3.832715116905647506e+02 1.851801619301888309e+02 5.418312548622858316e+01 -4.510668456396113868e+01 -3.838859223412479094e-01 3.343205136694608615e-01
5.591905342788576490e+03 2.942289654713418713e+03 1.983993980766643972e+03 1.397095960692651261e+03 6.446689524091716521e+02 2.138854338887506970e+02 3.832715116905647506e+02 2.210506992719146183e+03 8.987686692127535082e+01 4.071506696667411518e+01 2.246379415424995862e+00 3.826145924881911853e+00 -2.544766295639784293e+00
1.066937108378673202e+03 8.374463445123409429e+02 5.649324090923888662e+02 5.086817396792441173e+02 2.168555107461004354e+02 1.877529542045269864e+02 1.851801619301888309e+02 8.987686692127535082e+01 7.045725812046963483e+02 2.192604164804801670e+01 3.164633803932891620e+00 2.017730895367902288e+00 -1.371743835718218341e+00
5.364066430766172289e+02 3.676211427559690037e+02 3.921340526761833303e+02 7.293293817216898844e+01 -4.365058468573570849e+01 1.121762192241574638e+02 5.418312548622858316e+01 4.071506696667411518e+01 2.192604164804801670e+01 1.665759967963085160e+02 4.263475290534749496e-01 2.098954499629735349e+00 -3.549848068402657875e-01
4.034762717232042064e+02 2.065995290421509480e+02 -6.889088275070373868e+01 -1.374049228100266440e+01 -8.524431964236575254e+01 3.249301237853782709e+01 -4.510668456396113868e+01 2.246379415424995862e+00 3.164633803932891620e+00 4.263475290534749496e-01 5.364455029574799738e+01 6.387295132596286784e-01 -9.854119902885648263e-02
2.024334681103173139e+01 -1.380868475816917496e+01 -1.698932101980897968e+01 -3.849116611856558734e+01 3.982781163958671300e+01 1.737280275608478775e+01 -3.838859223412479094e-01 3.826145924881911853e+00 2.017730895367902288e+00 2.098954499629735349e+00 6.387295132596286784e-01 1.373664734778280838e+01 -2.757574604189230033e-02
1.461199401734189607e+01 1.944557791296615790e+01 1.206790977833858847e+01 3.290909721317507142e+00 2.626240692522205045e+00 3.124467275681869882e+00 3.343205136694608615e-01 -2.544766295639784293e+00 -1.371743835718218341e+00 -3.549848068402657875e-01 -9.854119902885648263e-02 -2.757574604189230033e-02 1.006227077037443074e+00
