1.182778803576624487e+06 4.767930405065393425e+05 4.034903715312260902e+05 2.696902469254517346e+05 2.117871268728455761e+05 1.252641200734102604e+05 9.590241190374371945e+04 6.097439430051921954e+04 4.189360731643313920e+04 1.068438858768521459e+04 7.023723449400580648e+03 6.747729375177866132e+03 4.334076584531957792e+02 6.974231129935253648e+02 -1.569437337170507192e+02 -7.671721106400681833e+01 3.533179611877459791e+01
4.767930405065393425e+05 6.650110819061028305e+05 2.634098718651088420e+05 1.796215293856781500e+05 1.378240002574388054e+05 8.738205612183551420e+04 6.254275233161967481e+04 4.358421634593779891e+04 2.138016137703183631e+04 1.442352527234065928e+04 3.741576091591633940e+03 3.603119831371926466e+03 5.565740737168911210e+02 3.609837884069495431e+02 -3.900294706372978908e+02 1.251802767535127003e+02 8.250690668240244108e+00
4.034903715312260902e+05 2.634098718651088420e+05 4.874856220807655482e+05 1.575379467018148280e+05 1.231108439905802079e+05 8.204440154271593201e+04 6.229649484040547395e+04 3.495764157695922768e+04 2.042451205843188654e+04 8.307224029207405692e+03 5.055439820248871001e+03 3.489494093662916839e+03 8.588305336059451065e+02 6.737370570647076420e+02 -2.282315553553207792e+02 -1.293287301236038331e+02 -2.992878240651715593e+00
2.696902469254517346e+05 1.796215293856781500e+05 1.575379467018148280e+05 2.758437011100144591e+05 8.389284862760669785e+04 5.526964943609700276e+04 4.367890579074918060e+04 2.758419315051206286e+04 1.852131936976170618e+04 5.211697792910325916e+03 2.343478413812184954e+03 2.495407613614174352e+03 5.240383195234728646e+02 5.559108830827277643e+02 1.330486779887811792e+02 6.391460631592231323e+00 1.355055065506336653e+01
2.117871268728455761e+05 1.378240002574388054e+05 1.231108439905802079e+05 8.389284862760669785e+04 1.716394443375667615e+05 3.594221299588123657e+04 3.390570386652861635e+04 2.273287767236038053e+04 1.079293973537111924e+04 8.363386784727896156e+03 2.287501392529096393e+03 1.785246644191570113e+03 8.144079243030151929e+02 4.644948799853698347e+02 -3.098920060247242532e+02 -2.909103605331738507e+01 2.117042682942088749e+00
1.252641200734102604e+05 8.738205612183551420e+04 8.204440154271593201e+04 5.526964943609700276e+04 3.594221299588123657e+04 9.203730633985997702e+04 1.542154265077196214e+04 1.429647699001557339e+04 7.261613673975364691e+03 2.759855933160093628e+03 1.944315360441856683e+03 1.307161674389135669e+03 1.256895069613118636e+02 2.645328671081106364e+01 -1.547444177543825390e+02 2.457143761622173628e+01 2.437519293481075877e+01
9.590241190374371945e+04 6.254275233161967481e+04 6.229649484040547395e+04 4.367890579074918060e+04 3.390570386652861635e+04 1.542154265077196214e+04 5.963290668252397154e+04 8.303647962338773141e+03 6.866120918902134690e+03 4.512492395012056477e+03 1.237595703894075996e+03 6.110216440377121216e+02 2.324865652809656353e+02 2.752403171359296721e+02 1.847937491460688619e+01 -3.150505690250074053e+01 -1.520720430634189846e+01
6.097439430051921954e+04 4.358421634593779891e+04 3.495764157695922768e+04 2.758419315051206286e+04 2.273287767236038053e+04 1.429647699001557339e+04 8.303647962338773141e+03 3.050897431968222736e+04 2.929919454279428919e+03 2.202264637984389083e+03 6.659658597125102233e+02 4.268211239653437019e+02 1.438836012184379740e+02 2.018367482678378622e+01 -5.545176690547703657e+01 4.588023599128658248e+01 -3.938121167657846922e+00
4.189360731643313920e+04 2.138016137703183631e+04 2.042451205843188654e+04 1.852131936976170618e+04 1.079293973537111924e+04 7.261613673975364691e+03 6.866120918902134690e+03 2.929919454279428919e+03 1.581330735484420984e+04 6.673349496472711735e+02 4.719583116608355340e+02 4.333148967870839101e+02 2.072013041236737649e+02 2.277945227980744107e+02 -3.503347705378810417e+01 1.553556740332899899e+01 -7.722427237516246379e+00
1.068438858768521459e+04 1.442352527234065928e+04 8.307224029207405692e+03 5.211697792910325916e+03 8.363386784727896156e+03 2.759855933160093628e+03 4.512492395012056477e+03 2.202264637984389083e+03 6.673349496472711735e+02 8.370918081697129310e+03 3.685630663170624075e+02 4.363112253864620094e+00 6.181779246075649326e+01 1.293726808180145156e+02 -2.011692033564534299e+01 -1.987230044052572353e+01 4.612309614559228166e+00
7.023723449400580648e+03 3.741576091591633940e+03 5.055439820248871001e+03 2.343478413812184954e+03 2.287501392529096393e+03 1.944315360441856683e+03 1.237595703894075996e+03 6.659658597125102233e+02 4.719583116608355340e+02 3.685630663170624075e+02 3.404516013572213978e+03 1.559178963188518878e+02 -3.248997766970180123e+01 3.554517250841784204e+01 -1.735469634485081158e+01 -1.453593518996715162e+01 -4.136875899610733320e+00
6.747729375177866132e+03 3.603119831371926466e+03 3.489494093662916839e+03 2.495407613614174352e+03 1.785246644191570113e+03 1.307161674389135669e+03 6.110216440377121216e+02 4.268211239653437019e+02 4.333148967870839101e+02 4.363112253864620094e+00 1.559178963188518878e+02 1.433060728373166512e+03 -4.993959833912753332e+00 -5.362283237298971272e+00 -7.289235635308975780e+00 8.184867611282266031e-01 3.729453123790566149e+00
4.334076584531957792e+02 5.565740737168911210e+02 8.588305336059451065e+02 5.240383195234728646e+02 8.144079243030151929e+02 1.256895069613118636e+02 2.324865652809656353e+02 1.438836012184379740e+02 2.072013041236737649e+02 6.181779246075649326e+01 -3.248997766970180123e+01 -4.993959833912753332e+00 4.996097553067027661e+02 -4.269840522936254601e+00 -6.255289381885790867e+00 5.349294482089773650e-01 1.336980295530028062e-01
6.974231129935253648e+02 3.609837884069495431e+02 6.737370570647076420e+02 5.559108830827277643e+02 4.644948799853698347e+02 2.645328671081106364e+01 2.752403171359296721e+02 2.018367482678378622e+01 2.277945227980744107e+02 1.293726808180145156e+02 3.554517250841784204e+01 -5.362283237298971272e+00 -4.269840522936254601e+00 1.297082119227208068e+02 -5.899135764766546414e-02 -2.988257659786554554e-01 -5.778435568557198643e-01
-1.569437337170507192e+02 -3.900294706372978908e+02 -2.282315553553207792e+02 1.330486779887811792e+02 -3.098920060247242532e+02 -1.547444177543825390e+02 1.847937491460688619e+01 -5.545176690547703657e+01 -3.503347705378810417e+01 -2.011692033564534299e+01 -1.735469634485081158e+01 -7.289235635308975780e+00 -6.255289381885790867e+00 -5.899135764766546414e-02 4.081751131982974101e+01 -6.603620330763417812e-01 -1.650481253360171763e-01
-7.671721106400681833e+01 1.251802767535127003e+02 -1.293287301236038331e+02 6.391460631592231323e+00 -2.909103605331738507e+01 2.457143761622173628e+01 -3.150505690250074053e+01 4.588023599128658248e+01 1.553556740332899899e+01 -1.987230044052572353e+01 -1.453593518996715162e+01 8.184867611282266031e-01 5.349294482089773650e-01 -2.988257659786554554e-01 -6.603620330763417812e-01 7.922653437076768945e+00 -3.143102972381704024e-02
3.533179611877459791e+01 8.250690668240244108e+00 -2.992878240651715593e+00 1.355055065506336653e+01 2.117042682942088749e+00 2.437519293481075877e+01 -1.520720430634189846e+01 -3.938121167657846922e+00 -7.722427237516246379e+00 4.612309614559228166e+00 -4.136875899610733320e+00 3.729453123790566149e+00 1.336980295530028062e-01 -5.778435568557198643e-01 -1.650481253360171763e-01 -3.143102972381704024e-02 2.003213736907424547e+00
