1.098576884954363341e+06 4.563403196383787435e+05 3.384675434318641201e+05 2.774170346942691831e+05 1.916744269076426863e+05 1.328275720096937730e+05 7.952799462599754042e+04 6.876050388389384898e+04 3.415997615311828122e+04 2.799652795685151432e+04 9.579511395961311791e+03 3.239185070138019000e+03 -3.539862140112219890e+01 1.941613406432875081e+03 5.735153890734650304e+02 -5.681855148287973378e+01 -1.231563545863894689e+02
4.563403196383787435e+05 7.780209700347278267e+05 2.761263779154837830e+05 2.319092537390984362e+05 1.519761717586361628e+05 1.028701574099423306e+05 6.042375934062125452e+04 5.145096981018960651e+04 2.052093838979311840e+04 1.594072180936129553e+04 7.342876189076821902e+03 1.694148572101795253e+03 -3.988892658546161556e+02 1.104142442589150050e+03 2.719662199813457164e+02 9.506968832056560359e+01 -7.086253247702080671e+01
3.384675434318641201e+05 2.761263779154837830e+05 4.495279937367975363e+05 1.525765741916484549e+05 1.040977570199749898e+05 8.057797253300598823e+04 4.645315735231238796e+04 4.171595326344487694e+04 1.770466602968597726e+04 1.421981041566479871e+04 5.902738050067328004e+03 2.704929870661285804e+03 -6.014194012638529330e+02 5.666859604079166957e+02 2.148797234284807587e+02 9.270372804662396504e+01 -2.831229692820588184e+01
2.774170346942691831e+05 2.319092537390984362e+05 1.525765741916484549e+05 2.719070282643394312e+05 8.398602171002422983e+04 5.746262150945288886e+04 3.869845032717998401e+04 2.974762456711610866e+04 1.575205069034335975e+04 1.022045260532551765e+04 5.696131474473201706e+03 2.853239776921361681e+03 -2.741500633407204646e+02 6.383790839732525910e+02 1.521758749583660517e+02 -6.970331354102977883e+00 -5.105045183179715451e+01
1.916744269076426863e+05 1.519761717586361628e+05 1.040977570199749898e+05 8.398602171002422983e+04 1.665273929849072592e+05 4.665694315511461900e+04 2.458573252586516537e+04 2.421047822874212216e+04 1.106641061471057401e+04 8.466592956434102234e+03 2.340102602871224462e+03 8.266184125765507815e+02 2.523443129347149636e+02 3.382276624131363860e+02 2.326146516053136679e+02 3.621839738710879431e+01 -5.845444417205860610e+00
1.328275720096937730e+05 1.028701574099423306e+05 8.057797253300598823e+04 5.746262150945288886e+04 4.665694315511461900e+04 9.763668391873713699e+04 1.965350485717667107e+04 1.819618532630678601e+04 1.107341551270563832e+04 5.828608981001288157e+03 3.126999210751684586e+03 8.519110398036287961e+02 1.557564538424954037e+02 2.267926971489795278e+02 8.843942812400102582e+01 -8.370361266437818415e+00 -2.130318372602177135e+01
7.952799462599754042e+04 6.042375934062125452e+04 4.645315735231238796e+04 3.869845032717998401e+04 2.458573252586516537e+04 1.965350485717667107e+04 5.043047071268571744e+04 8.945333016013350061e+03 3.692197740394426091e+03 3.955878718003969425e+03 1.801595561197096913e+03 5.171690535411586325e+02 1.636010529971321148e+02 1.584095200231985530e+02 6.339419851072725010e+01 -1.598360210702271544e+01 -6.327379019836161689e+00
6.876050388389384898e+04 5.145096981018960651e+04 4.171595326344487694e+04 2.974762456711610866e+04 2.421047822874212216e+04 1.819618532630678601e+04 8.945333016013350061e+03 3.444471978698208113e+04 5.588319101319762922e+03 2.795614932350912568e+03 1.804729391573981957e+03 6.837290869130671354e+02 2.079061307469740427e+02 1.506881446537026363e+02 5.409225102685552145e+01 2.072130727671254036e+01 -5.052367048574862851e-01
3.415997615311828122e+04 2.052093838979311840e+04 1.770466602968597726e+04 1.575205069034335975e+04 1.106641061471057401e+04 1.107341551270563832e+04 3.692197740394426091e+03 5.588319101319762922e+03 1.560992454738867309e+04 1.419923264366143485e+03 8.852616873260571992e+02 3.489920747342202958e+02 -9.375730095264883346e+01 -8.555896807282804772e+00 1.030744472895247910e+01 1.218610545925217536e+01 -7.426838105268798174e+00
2.799652795685151432e+04 1.594072180936129553e+04 1.421981041566479871e+04 1.022045260532551765e+04 8.466592956434102234e+03 5.828608981001288157e+03 3.955878718003969425e+03 2.795614932350912568e+03 1.419923264366143485e+03 7.328079702237270794e+03 5.599994580261378587e+02 3.063773568122790607e+02 1.027788319664706762e+02 4.217576880519177962e+01 2.740760374648027664e+01 2.071022449785042241e+00 1.105112653713653970e+00
9.579511395961311791e+03 7.342876189076821902e+03 5.902738050067328004e+03 5.696131474473201706e+03 2.340102602871224462e+03 3.126999210751684586e+03 1.801595561197096913e+03 1.804729391573981957e+03 8.852616873260571992e+02 5.599994580261378587e+02 3.530083862834952470e+03 4.435516737198382486e+01 6.525795793273279344e+01 -2.843401358075245966e+01 -2.248215667668259954e+01 -1.118879581173469440e+01 -2.940995203563775195e+00
3.239185070138019000e+03 1.694148572101795253e+03 2.704929870661285804e+03 2.853239776921361681e+03 8.266184125765507815e+02 8.519110398036287961e+02 5.171690535411586325e+02 6.837290869130671354e+02 3.489920747342202958e+02 3.063773568122790607e+02 4.435516737198382486e+01 1.333597614848629064e+03 -1.225430854932155356e+01 -4.379260099109479221e+00 2.356397553737703099e+00 8.846390902370062648e+00 -1.485405341592754835e+00
-3.539862140112219890e+01 -3.988892658546161556e+02 -6.014194012638529330e+02 -2.741500633407204646e+02 2.523443129347149636e+02 1.557564538424954037e+02 1.636010529971321148e+02 2.079061307469740427e+02 -9.375730095264883346e+01 1.027788319664706762e+02 6.525795793273279344e+01 -1.225430854932155356e+01 4.523742847707424630e+02 -6.770506621183294271e+00 4.220641614106015460e+00 -3.629355982274428793e+00 -8.790272128427261134e-01
1.941613406432875081e+03 1.104142442589150050e+03 5.666859604079166957e+02 6.383790839732525910e+02 3.382276624131363860e+02 2.267926971489795278e+02 1.584095200231985530e+02 1.506881446537026363e+02 -8.555896807282804772e+00 4.217576880519177962e+01 -2.843401358075245966e+01 -4.379260099109479221e+00 -6.770506621183294271e+00 1.485805813604134187e+02 2.737964184645356625e+00 -1.101180650773943448e+00 7.234024297336960618e-01
5.735153890734650304e+02 2.719662199813457164e+02 2.148797234284807587e+02 1.521758749583660517e+02 2.326146516053136679e+02 8.843942812400102582e+01 6.339419851072725010e+01 5.409225102685552145e+01 1.030744472895247910e+01 2.740760374648027664e+01 -2.248215667668259954e+01 2.356397553737703099e+00 4.220641614106015460e+00 2.737964184645356625e+00 3.108325106921946102e+01 2.929174660970276789e-01 -6.485366738312850488e-02
-5.681855148287973378e+01 9.506968832056560359e+01 9.270372804662396504e+01 -6.970331354102977883e+00 3.621839738710879431e+01 -8.370361266437818415e+00 -1.598360210702271544e+01 2.072130727671254036e+01 1.218610545925217536e+01 2.071022449785042241e+00 -1.118879581173469440e+01 8.846390902370062648e+00 -3.629355982274428793e+00 -1.101180650773943448e+00 2.929174660970276789e-01 1.083107163741599521e+01 -2.161201708691280754e-02
-1.231563545863894689e+02 -7.086253247702080671e+01 -2.831229692820588184e+01 -5.105045183179715451e+01 -5.845444417205860610e+00 -2.130318372602177135e+01 -6.327379019836161689e+00 -5.052367048574862851e-01 -7.426838105268798174e+00 1.105112653713653970e+00 -2.940995203563775195e+00 -1.485405341592754835e+00 -8.790272128427261134e-01 7.234024297336960618e-01 -6.485366738312850488e-02 -2.161201708691280754e-02 1.003656535666000771e+00
