5.338624734755188692e+05 1.790133646074128046e+05 1.224084271900505846e+05 7.950921710167160199e+04 6.093734366784071608e+04 3.534961316216712294e+04 1.876050515218297369e+04 6.207259599640452507e+03 3.236281973605002804e+03 2.230051071456452974e+03 6.693179924422935301e+02 -1.577339574267489581e+02 -2.464466699057238230e+01 5.187292704160048373e+01
1.790133646074128046e+05 3.091920816140467068e+05 7.992847326666639128e+04 5.258124997114378493e+04 3.922819976883982599e+04 2.343048405990287574e+04 1.155632615549210641e+04 4.390265392625177810e+03 3.026454948668335874e+03 1.546523056390217334e+03 1.191250043693937783e+02 2.248545776032185302e+02 1.136850500743127839e+02 8.873234418535915324e+00
1.224084271900505846e+05 7.992847326666639128e+04 1.555526747445121873e+05 3.277660186166067433e+04 2.595178638090896857e+04 1.949328114647931579e+04 7.548579527997955665e+03 3.806177694609288665e+03 1.107948712173823196e+03 7.637342154677470489e+02 -1.260212231311232074e+02 -1.446000118683645894e+02 -1.301536589714789471e+01 -2.432740887252013984e+00
7.950921710167160199e+04 5.258124997114378493e+04 3.277660186166067433e+04 8.770658445278603176e+04 1.828068105629965794e+04 1.222574874731342788e+04 6.080204424752248997e+03 1.388739560085384483e+03 1.200269951099095806e+03 5.380430409290959233e+02 9.905655773934199715e+01 2.547418099376109968e+00 -1.670975369014483791e-01 -1.853901352647413958e+01
6.093734366784071608e+04 3.922819976883982599e+04 2.595178638090896857e+04 1.828068105629965794e+04 5.168016664400600712e+04 6.995928333234555794e+03 4.341267579411533916e+03 1.531857776530780484e+03 9.766968472599762663e+02 3.411584780996182076e+02 1.239079179626436940e+02 8.818963846701412024e+01 -1.853640440000391409e+00 -6.081971269716911266e+00
3.534961316216712294e+04 2.343048405990287574e+04 1.949328114647931579e+04 1.222574874731342788e+04 6.995928333234555794e+03 2.419483352240910608e+04 2.208205322529048772e+03 1.837460008148801535e+03 8.582931674506502304e+02 3.836865126203642831e+02 2.236059365785053501e+02 3.132781281654612116e+01 2.268084007449295392e+00 4.890397910424855721e-01
1.876050515218297369e+04 1.155632615549210641e+04 7.548579527997955665e+03 6.080204424752248997e+03 4.341267579411533916e+03 2.208205322529048772e+03 1.085782983298931140e+04 2.735851111459363096e+02 4.075071958334901865e+02 3.140978867686727654e+02 3.773979448237081868e+01 2.824072060160775521e+01 2.296273736026477330e+00 1.974924608328037179e+00
6.207259599640452507e+03 4.390265392625177810e+03 3.806177694609288665e+03 1.388739560085384483e+03 1.531857776530780484e+03 1.837460008148801535e+03 2.735851111459363096e+02 4.773901754834292660e+03 2.073172018057643413e+02 3.176794651511833578e+01 -3.051309435509134360e+01 4.856885776082346950e+01 -1.806273084893630809e+01 -4.438508893360836538e+00
3.236281973605002804e+03 3.026454948668335874e+03 1.107948712173823196e+03 1.200269951099095806e+03 9.766968472599762663e+02 8.582931674506502304e+02 4.075071958334901865e+02 2.073172018057643413e+02 2.307805716781240790e+03 4.662895034463125654e+01 1.986111460979216758e+01 -2.236440957129008211e+01 -3.171177673689099308e+00 -3.173615706651269353e+00
2.230051071456452974e+03 1.546523056390217334e+03 7.637342154677470489e+02 5.380430409290959233e+02 3.411584780996182076e+02 3.836865126203642831e+02 3.140978867686727654e+02 3.176794651511833578e+01 4.662895034463125654e+01 8.366810992695055802e+02 2.677638241739794367e+01 7.953737515360294275e+00 1.011506313630934351e+00 -5.380312165301265326e-01
6.693179924422935301e+02 1.191250043693937783e+02 -1.260212231311232074e+02 9.905655773934199715e+01 1.239079179626436940e+02 2.236059365785053501e+02 3.773979448237081868e+01 -3.051309435509134360e+01 1.986111460979216758e+01 2.677638241739794367e+01 2.621132482001696644e+02 8.831632705091955193e-01 9.477822328116723982e-01 -4.746506977439501895e-01
-1.577339574267489581e+02 2.248545776032185302e+02 -1.446000118683645894e+02 2.547418099376109968e+00 8.818963846701412024e+01 3.132781281654612116e+01 2.824072060160775521e+01 4.856885776082346950e+01 -2.236440957129008211e+01 7.953737515360294275e+00 8.831632705091955193e-01 6.860006274516950953e+01 1.260451428833224141e-01 -1.259852520594745839e-01
-2.464466699057238230e+01 1.136850500743127839e+02 -1.301536589714789471e+01 -1.670975369014483791e-01 -1.853640440000391409e+00 2.268084007449295392e+00 2.296273736026477330e+00 -1.806273084893630809e+01 -3.171177673689099308e+00 1.011506313630934351e+00 9.477822328116723982e-01 1.260451428833224141e-01 1.467554675530217700e+01 -2.951423262384132024e-02
5.187292704160048373e+01 8.873234418535915324e+00 -2.432740887252013984e+00 -1.853901352647413958e+01 -6.081971269716911266e+00 4.890397910424855721e-01 1.974924608328037179e+00 -4.438508893360836538e+00 -3.173615706651269353e+00 -5.380312165301265326e-01 -4.746506977439501895e-01 -1.259852520594745839e-01 -2.951423262384132024e-02 1.004973780644186965e+00
