3.590205061397511745e+05 1.035665447861847933e+05 7.344398421885680000e+04 2.664896209454017298e+04 2.246304883681446154e+04 2.176573667965217101e+04 1.257938305748869607e+04 2.579742648107294372e+03 1.237250227602355608e+03 1.856046898033370383e+02 4.573365648346743910e+02 -9.983173543497191815e+01 -3.317176052082402293e+01 -8.733835603530719638e+00
1.035665447861847933e+05 2.288071288883553643e+05 5.622253728702905210e+04 2.620840331215734477e+04 2.399531696465362620e+04 1.725016841442280565e+04 8.969322061110897266e+03 2.347688829444221483e+03 9.104023146061772422e+02 6.597362194000749014e+02 1.315688510357058192e+02 7.768663171904502462e+01 -9.081636231051350094e+00 6.617739399124975108e+00
7.344398421885680000e+04 5.622253728702905210e+04 1.192259673540569929e+05 2.167522298401101943e+04 1.775764000287883755e+04 8.571224663466735365e+03 5.870703069161104395e+03 1.913807361349088751e+03 1.096311449890096810e+03 -2.489179265959949703e+02 8.956761128509813830e+01 -1.451666216044925939e+01 -5.687698394714464456e+01 2.178230638625052507e+00
2.664896209454017298e+04 2.620840331215734477e+04 2.167522298401101943e+04 5.465593502191919833e+04 8.411640864883112954e+03 4.396735206805030430e+03 1.952151934171772155e+03 9.997427865871816266e+02 2.729827789368421804e+02 2.516795773596787171e+02 -5.435289780352837141e+01 -6.454239830504420183e+01 8.011255861258511857e+00 1.929383531244639016e+01
2.246304883681446154e+04 2.399531696465362620e+04 1.775764000287883755e+04 8.411640864883112954e+03 2.890218641263555037e+04 4.418378938387940252e+03 3.077318235495915815e+03 5.831530255904717706e+02 2.561152796679034509e+02 7.596247488808117510e+01 2.109280773927070243e+02 -1.506138049075672392e+01 2.874639183246509244e+00 1.070002183167650323e+01
2.176573667965217101e+04 1.725016841442280565e+04 8.571224663466735365e+03 4.396735206805030430e+03 4.418378938387940252e+03 1.717524212226981399e+04 1.783316423443168787e+03 2.658403123691653036e+02 3.022818666186188352e+02 1.925370214752893219e+02 2.419795607700761408e+01 2.584782212268198709e+00 4.002635637093329146e-01 -5.316149687487598641e+00
1.257938305748869607e+04 8.969322061110897266e+03 5.870703069161104395e+03 1.952151934171772155e+03 3.077318235495915815e+03 1.783316423443168787e+03 6.796101877970927490e+03 2.088685509089625896e+02 -1.018105244203293438e+02 -1.985685734092644372e+00 8.594799008076371649e+01 -6.982357538283311627e+00 -1.895340922059519873e+00 -1.162837845042630658e+00
2.579742648107294372e+03 2.347688829444221483e+03 1.913807361349088751e+03 9.997427865871816266e+02 5.831530255904717706e+02 2.658403123691653036e+02 2.088685509089625896e+02 2.739369248520559722e+03 1.011077331163714490e+02 -3.254438374894942854e+01 -2.329933293783131276e+01 -1.446894245666416223e+00 -4.396469322240602828e+00 5.320979972155345905e+00
1.237250227602355608e+03 9.104023146061772422e+02 1.096311449890096810e+03 2.729827789368421804e+02 2.561152796679034509e+02 3.022818666186188352e+02 -1.018105244203293438e+02 1.011077331163714490e+02 1.053498335084623022e+03 4.757141285041072365e+00 -8.456631321743172336e+00 1.247952967671370317e+00 3.130636513379819963e+00 2.059918144434912168e+00
1.856046898033370383e+02 6.597362194000749014e+02 -2.489179265959949703e+02 2.516795773596787171e+02 7.596247488808117510e+01 1.925370214752893219e+02 -1.985685734092644372e+00 -3.254438374894942854e+01 4.757141285041072365e+00 3.168135421196242305e+02 7.344037292034059083e-01 -3.069933993171913400e+00 -3.530374678495333818e-01 -3.430338818391422961e-01
4.573365648346743910e+02 1.315688510357058192e+02 8.956761128509813830e+01 -5.435289780352837141e+01 2.109280773927070243e+02 2.419795607700761408e+01 8.594799008076371649e+01 -2.329933293783131276e+01 -8.456631321743172336e+00 7.344037292034059083e-01 8.102909461377454647e+01 1.041013997388360535e+00 -8.277901612746220161e-01 -3.309788576767507262e-01
-9.983173543497191815e+01 7.768663171904502462e+01 -1.451666216044925939e+01 -6.454239830504420183e+01 -1.506138049075672392e+01 2.584782212268198709e+00 -6.982357538283311627e+00 -1.446894245666416223e+00 1.247952967671370317e+00 -3.069933993171913400e+00 1.041013997388360535e+00 1.182228455715738313e+01 -1.181815636483090209e-01 -4.725303677750865294e-02
-3.317176052082402293e+01 -9.081636231051350094e+00 -5.687698394714464456e+01 8.011255861258511857e+00 2.874639183246509244e+00 4.002635637093329146e-01 -1.895340922059519873e+00 -4.396469322240602828e+00 3.130636513379819963e+00 -3.530374678495333818e-01 -8.277901612746220161e-01 -1.181815636483090209e-01 4.991427511922180038e+00 -1.968189025598880357e-02
-8.733835603530719638e+00 6.617739399124975108e+00 2.178230638625052507e+00 1.929383531244639016e+01 1.070002183167650323e+01 -5.316149687487598641e+00 -1.162837845042630658e+00 5.320979972155345905e+00 2.059918144434912168e+00 -3.430338818391422961e-01 -3.309788576767507262e-01 -4.725303677750865294e-02 -1.968189025598880357e-02 2.006720922694957832e+00
