8.545675127782130148e+05 3.623401686915435712e+05 2.602019871169844992e+05 1.634672380786703434e+05 1.200920068108632404e+05 7.961474597855114553e+04 5.743198726522878860e+04 4.017272887310037186e+04 1.738931434844753312e+04 2.532177166252159623e+03 3.830737047380810054e+03 1.628162330283500523e+03 9.389943540427826463e+01 -3.101810014827637474e+02 -3.362581410473566734e+01 -7.259474290271607622e+00
3.623401686915435712e+05 5.614140767949715955e+05 2.188131256832435902e+05 1.580618330465895415e+05 9.643816973437616252e+04 7.838843652458145516e+04 4.343614635898119741e+04 2.851205437965412420e+04 1.431102514517136842e+04 6.251149224303274423e+03 4.103736304162310262e+03 1.320075890519098948e+03 4.910930043710864652e+02 -8.496755441295104561e+01 -1.622183191116592837e+01 -2.891855551549380721e+01
2.602019871169844992e+05 2.188131256832435902e+05 3.594920697969545145e+05 1.070926588278249110e+05 6.798402354761188326e+04 5.285689370665999741e+04 3.860643431760129170e+04 2.135666317834052097e+04 8.765980744614505966e+03 1.142508583446831608e+03 2.597581812781262215e+03 8.398127677707818748e+02 4.899668833798450009e+02 1.162931788128243511e+02 -1.096495569452347141e+01 7.165645923641690729e+00
1.634672380786703434e+05 1.580618330465895415e+05 1.070926588278249110e+05 2.102786234751351585e+05 4.663243663350710995e+04 3.574950620364007773e+04 2.313937792764288679e+04 1.698334530658417134e+04 8.384750309559423840e+03 5.246291738831992006e+03 2.781585801980364067e+03 1.142075558011687235e+03 6.575419678246726107e+02 -4.534361132744278677e+01 2.751273309788744292e+00 -2.484390821572895369e+00
1.200920068108632404e+05 9.643816973437616252e+04 6.798402354761188326e+04 4.663243663350710995e+04 1.170228316465808748e+05 2.208512837702408797e+04 1.693791123373515802e+04 1.005244989097379948e+04 4.044883101881991934e+03 5.694352572326404243e+02 1.149956205442202872e+03 2.071184538994999400e+02 -2.373065008382836893e+01 -1.588522009875516403e+02 2.962222947684596974e+01 8.982431153516879263e+00
7.961474597855114553e+04 7.838843652458145516e+04 5.285689370665999741e+04 3.574950620364007773e+04 2.208512837702408797e+04 6.342074997682224057e+04 1.225682375266606505e+04 6.777705436655275662e+03 4.930309496466763449e+03 1.626135002721279307e+03 1.090522210210696585e+03 5.773469901035777241e+01 1.065703939592195297e+02 1.333227530224483530e+02 -4.531543641857098947e+01 -1.357090584183335658e+01
5.743198726522878860e+04 4.343614635898119741e+04 3.860643431760129170e+04 2.313937792764288679e+04 1.693791123373515802e+04 1.225682375266606505e+04 3.262703265266322342e+04 4.842170488715472857e+03 2.281677761978859053e+03 1.028045289810525446e+03 5.413964213494192563e+02 2.206317239864380610e+02 1.277314660246653659e+02 9.268557373708729585e+01 2.459566594473744061e+01 -2.272525064602926304e-01
4.017272887310037186e+04 2.851205437965412420e+04 2.135666317834052097e+04 1.698334530658417134e+04 1.005244989097379948e+04 6.777705436655275662e+03 4.842170488715472857e+03 1.799758470243554621e+04 1.143925999176057076e+03 1.024022814644382379e+03 3.272974983872172743e+02 3.166244429578013069e+02 1.180101495578959003e+02 -4.107032870035374827e+01 2.147762772594452940e+01 -8.652472321243379838e+00
1.738931434844753312e+04 1.431102514517136842e+04 8.765980744614505966e+03 8.384750309559423840e+03 4.044883101881991934e+03 4.930309496466763449e+03 2.281677761978859053e+03 1.143925999176057076e+03 8.979904411252489808e+03 4.725525433009895551e+02 3.728685186350475078e+02 7.426910896463527934e+01 9.656581625284266579e+01 -1.874307655431375963e+01 -3.175004172207539810e+01 9.720253733276451591e-01
2.532177166252159623e+03 6.251149224303274423e+03 1.142508583446831608e+03 5.246291738831992006e+03 5.694352572326404243e+02 1.626135002721279307e+03 1.028045289810525446e+03 1.024022814644382379e+03 4.725525433009895551e+02 3.982796971322277386e+03 2.206818437334250120e+02 3.275567527228503906e+01 9.316832674828773975e+01 1.285041324168424426e+00 -7.992083557730639498e+00 -1.170201829115108616e+00
3.830737047380810054e+03 4.103736304162310262e+03 2.597581812781262215e+03 2.781585801980364067e+03 1.149956205442202872e+03 1.090522210210696585e+03 5.413964213494192563e+02 3.272974983872172743e+02 3.728685186350475078e+02 2.206818437334250120e+02 1.592048980323170781e+03 1.130085958827744719e+01 2.136028667436522355e+01 -1.903025224942360083e+01 -6.876133789722935319e+00 3.963018650680846022e+00
1.628162330283500523e+03 1.320075890519098948e+03 8.398127677707818748e+02 1.142075558011687235e+03 2.071184538994999400e+02 5.773469901035777241e+01 2.206317239864380610e+02 3.166244429578013069e+02 7.426910896463527934e+01 3.275567527228503906e+01 1.130085958827744719e+01 5.746787809485521166e+02 -5.901890062136858184e+00 1.072066656284214581e+01 3.062289996618775323e+00 9.267655640734631106e-01
9.389943540427826463e+01 4.910930043710864652e+02 4.899668833798450009e+02 6.575419678246726107e+02 -2.373065008382836893e+01 1.065703939592195297e+02 1.277314660246653659e+02 1.180101495578959003e+02 9.656581625284266579e+01 9.316832674828773975e+01 2.136028667436522355e+01 -5.901890062136858184e+00 1.718784075597283163e+02 -5.230067858598056674e+00 -5.508114376431807319e-02 -3.402540315921641079e-01
-3.101810014827637474e+02 -8.496755441295104561e+01 1.162931788128243511e+02 -4.534361132744278677e+01 -1.588522009875516403e+02 1.333227530224483530e+02 9.268557373708729585e+01 -4.107032870035374827e+01 -1.874307655431375963e+01 1.285041324168424426e+00 -1.903025224942360083e+01 1.072066656284214581e+01 -5.230067858598056674e+00 4.889824257611137881e+01 -9.910948836333821621e-01 -8.257455582352721257e-02
-3.362581410473566734e+01 -1.622183191116592837e+01 -1.096495569452347141e+01 2.751273309788744292e+00 2.962222947684596974e+01 -4.531543641857098947e+01 2.459566594473744061e+01 2.147762772594452940e+01 -3.175004172207539810e+01 -7.992083557730639498e+00 -6.876133789722935319e+00 3.062289996618775323e+00 -5.508114376431807319e-02 -9.910948836333821621e-01 1.179583039473330963e+01 -2.358689497442886113e-02
-7.259474290271607622e+00 -2.891855551549380721e+01 7.165645923641690729e+00 -2.484390821572895369e+00 8.982431153516879263e+00 -1.357090584183335658e+01 -2.272525064602926304e-01 -8.652472321243379838e+00 9.720253733276451591e-01 -1.170201829115108616e+00 3.963018650680846022e+00 9.267655640734631106e-01 -3.402540315921641079e-01 -8.257455582352721257e-02 -2.358689497442886113e-02 1.004205707701397277e+00
