6.354853392976731993e+05 2.319099843239791808e+05 1.446828164187154034e+05 1.090481923159081925e+05 6.238668426281669235e+04 3.161523992198520864e+04 2.462137518618015747e+04 1.508320606416717601e+04 1.163017098659052863e+04 5.208935849349732052e+03 2.580812743755143856e+03 6.191329336056670627e+02 6.800779273016972581e+01 -1.937903279623789032e+01 -7.558976190748653323e+01 1.982734692202897619e+01
2.319099843239791808e+05 3.765654770716120256e+05 1.001541828581158188e+05 9.373054633553317399e+04 3.392308691600332531e+04 3.492274763415959751e+04 1.937221469139126202e+04 1.125608973829755632e+04 6.075317560600959041e+03 3.278658769232276427e+03 1.767820702021928128e+03 2.095779446726846231e+02 1.797139548216408969e+02 4.637358800549927196e+01 -3.861482095106286749e+01 2.116060159512622363e+01
1.446828164187154034e+05 1.001541828581158188e+05 2.132062958723933261e+05 6.055256821725259215e+04 3.550385885126608628e+04 2.025637770239149540e+04 1.187298141668883909e+04 7.541828863367938538e+03 3.764527723046619940e+03 2.650975992467688229e+03 9.947393642199574515e+02 5.340434321914482325e+02 4.279477811585893221e+01 -4.849435545837279449e+01 -1.722615236772887926e+01 -4.528058741143044408e+00
1.090481923159081925e+05 9.373054633553317399e+04 6.055256821725259215e+04 1.284697702555765572e+05 2.296143283722833803e+04 1.790873516708258103e+04 1.151167779045434145e+04 4.875860032238716485e+03 1.870642050617814675e+03 2.904883166977499059e+03 3.459596966974842189e+02 9.477840755025101771e+01 1.842382814687717882e+02 2.539532768248377792e+01 -1.401526851117647077e+01 1.487952746635558654e+01
6.238668426281669235e+04 3.392308691600332531e+04 3.550385885126608628e+04 2.296143283722833803e+04 6.124949305963655206e+04 5.441760374815427895e+03 4.275846456832789045e+03 2.585431441071437803e+03 2.482463704547822090e+03 8.194399266535436936e+02 3.103810693927528064e+02 1.513433178496753158e+02 -3.313185054935141238e+01 1.571615620285419457e+00 -2.246202393878817816e+01 2.076193336088361363e+01
3.161523992198520864e+04 3.492274763415959751e+04 2.025637770239149540e+04 1.790873516708258103e+04 5.441760374815427895e+03 3.376375541427340795e+04 3.622636649147751086e+03 2.372687912813316416e+03 1.046100560077915134e+03 9.246240215781750749e+02 1.229877701197618478e+02 6.904821646295904713e+01 4.315514958614329544e+01 9.491115900363293889e+00 -1.841172965739562528e+01 -1.601671333125777030e+00
2.462137518618015747e+04 1.937221469139126202e+04 1.187298141668883909e+04 1.151167779045434145e+04 4.275846456832789045e+03 3.622636649147751086e+03 1.760890748426452774e+04 1.430334165108856496e+03 4.994856894356552175e+02 4.218426748848555690e+02 2.928880676212147804e+01 1.350048048845512767e+02 2.634289594258973111e+01 2.036088521105146754e+01 1.039964335631418102e+00 1.064086454965718964e+01
1.508320606416717601e+04 1.125608973829755632e+04 7.541828863367938538e+03 4.875860032238716485e+03 2.585431441071437803e+03 2.372687912813316416e+03 1.430334165108856496e+03 8.930017002385524393e+03 6.311320976792709416e+02 1.676479618569546801e+02 -1.687586369347040360e+01 3.480879319372595404e+01 3.449998270327052552e+01 5.688174377621534328e-01 -8.688357262034340778e-01 3.608951277631171184e+00
1.163017098659052863e+04 6.075317560600959041e+03 3.764527723046619940e+03 1.870642050617814675e+03 2.482463704547822090e+03 1.046100560077915134e+03 4.994856894356552175e+02 6.311320976792709416e+02 3.785190442623949821e+03 -3.108110106962411479e+01 -3.116240789493930308e+01 9.190982308727646100e+00 -1.799629927457238665e+01 -7.466002924534142160e+00 -6.158493776618426452e+00 -2.068887757673742556e+00
5.208935849349732052e+03 3.278658769232276427e+03 2.650975992467688229e+03 2.904883166977499059e+03 8.194399266535436936e+02 9.246240215781750749e+02 4.218426748848555690e+02 1.676479618569546801e+02 -3.108110106962411479e+01 1.487444647926454536e+03 5.019978047116323694e+01 -2.645268040966485756e+01 1.143324397623310240e+01 -3.012279740894196589e+00 -5.006223603583758175e-01 2.272090718407536070e+00
2.580812743755143856e+03 1.767820702021928128e+03 9.947393642199574515e+02 3.459596966974842189e+02 3.103810693927528064e+02 1.229877701197618478e+02 2.928880676212147804e+01 -1.687586369347040360e+01 -3.116240789493930308e+01 5.019978047116323694e+01 4.859175499156797287e+02 -1.086481568831235123e+01 3.281562673154386989e+00 -1.308098117320580345e+00 -8.311688762774235295e-01 -9.196308577481816515e-01
6.191329336056670627e+02 2.095779446726846231e+02 5.340434321914482325e+02 9.477840755025101771e+01 1.513433178496753158e+02 6.904821646295904713e+01 1.350048048845512767e+02 3.480879319372595404e+01 9.190982308727646100e+00 -2.645268040966485756e+01 -1.086481568831235123e+01 1.601757850259639895e+02 3.321144796701192892e+00 2.488760413554588435e+00 -6.378016033573642440e-01 -3.188419410701240908e-01
6.800779273016972581e+01 1.797139548216408969e+02 4.279477811585893221e+01 1.842382814687717882e+02 -3.313185054935141238e+01 4.315514958614329544e+01 2.634289594258973111e+01 3.449998270327052552e+01 -1.799629927457238665e+01 1.143324397623310240e+01 3.281562673154386989e+00 3.321144796701192892e+00 3.863592771899672584e+01 2.440357215006990543e+00 -1.456022267886917521e-01 -7.278767624456282392e-02
-1.937903279623789032e+01 4.637358800549927196e+01 -4.849435545837279449e+01 2.539532768248377792e+01 1.571615620285419457e+00 9.491115900363293889e+00 2.036088521105146754e+01 5.688174377621534328e-01 -7.466002924534142160e+00 -3.012279740894196589e+00 -1.308098117320580345e+00 2.488760413554588435e+00 2.440357215006990543e+00 7.931549089682772724e+00 -3.146748659780111701e-02 -1.573083926824089471e-02
-7.558976190748653323e+01 -3.861482095106286749e+01 -1.722615236772887926e+01 -1.401526851117647077e+01 -2.246202393878817816e+01 -1.841172965739562528e+01 1.039964335631418102e+00 -8.688357262034340778e-01 -6.158493776618426452e+00 -5.006223603583758175e-01 -8.311688762774235295e-01 -6.378016033573642440e-01 -1.456022267886917521e-01 -3.146748659780111701e-02 2.005611564775906075e+00 -3.931845847469363567e-03
1.982734692202897619e+01 2.116060159512622363e+01 -4.528058741143044408e+00 1.487952746635558654e+01 2.076193336088361363e+01 -1.601671333125777030e+00 1.064086454965718964e+01 3.608951277631171184e+00 -2.068887757673742556e+00 2.272090718407536070e+00 -9.196308577481816515e-01 -3.188419410701240908e-01 -7.278767624456282392e-02 -1.573083926824089471e-02 -3.931845847469363567e-03 1.004401194050989599e+00
