7.074248772114632884e+05 2.801010665784347220e+05 2.028419585719211900e+05 1.519856198594144953e+05 1.023887685071943706e+05 6.593379636047959502e+04 3.040868033673372338e+04 1.881889875268549076e+04 1.842149380630177257e+04 7.292196502073156807e+03 4.346110426135978742e+03 2.744859476493318198e+03 3.549968603434433021e+02 1.087628760352837176e+01 -4.322898001448296945e+00 -4.385119477104272789e+01
2.801010665784347220e+05 4.996545284537398256e+05 1.693532688497992058e+05 1.082588159458682348e+05 7.443162998918493395e+04 5.049344595072344964e+04 3.463025775062255707e+04 1.734919761373817892e+04 1.654788040104505490e+04 7.911705667749512031e+03 3.250064797543753684e+03 2.157819784617600362e+03 2.840057267330698210e+02 2.267105487496643548e+02 -1.040795061805509363e+02 -1.582780348063673159e+01
2.028419585719211900e+05 1.693532688497992058e+05 2.857095593467517174e+05 9.857710105820986792e+04 6.214774784525422729e+04 4.191629270346310659e+04 2.215938450116134482e+04 1.243237877628707611e+04 7.252849201774211906e+03 5.488496243930099808e+03 2.464018974860232902e+03 1.217052862324836724e+03 4.367891048522083111e+02 8.477890222632437656e+01 1.841365020957955778e+01 3.967124195679082277e+01
1.519856198594144953e+05 1.082588159458682348e+05 9.857710105820986792e+04 1.819453018910136307e+05 3.915785555289727199e+04 3.373944279885934520e+04 1.659680906300737843e+04 8.440880252600569293e+03 7.389882736512185147e+03 5.011305919978095517e+03 1.429661715956060789e+03 1.896233672118685945e+03 9.627624820390245475e+01 1.117938094585884983e+02 -1.064067318400897193e+02 -8.293134170571319075e+00
1.023887685071943706e+05 7.443162998918493395e+04 6.214774784525422729e+04 3.915785555289727199e+04 1.098929150424661784e+05 1.757060278878922327e+04 1.156000005996289292e+04 5.065284423244333084e+03 4.504216766379099681e+03 3.122713553159516778e+03 6.807387952968850868e+02 6.611456392800399726e+02 1.666979183250257393e+02 1.930038236426658500e+02 -3.068561506465310984e+01 1.807120373184324436e+01
6.593379636047959502e+04 5.049344595072344964e+04 4.191629270346310659e+04 3.373944279885934520e+04 1.757060278878922327e+04 5.614728599597210268e+04 7.278348723591689122e+03 2.442292684098480095e+03 3.029385704191677178e+03 2.188857777927670213e+03 1.443530809579482366e+03 6.502578231441591470e+02 1.225037249512863298e+02 -7.808038674275846525e+00 -2.625350342531950432e+01 4.952637057783109142e+00
3.040868033673372338e+04 3.463025775062255707e+04 2.215938450116134482e+04 1.659680906300737843e+04 1.156000005996289292e+04 7.278348723591689122e+03 3.161690803583198431e+04 1.600486564764081550e+03 9.113188884369187690e+02 1.415498164002620115e+03 8.382726305476727475e+02 3.585861420493816922e+02 -5.875122127466759281e+01 4.611907967397829111e+01 -2.129607613925960052e+01 5.771102651644122616e+00
1.881889875268549076e+04 1.734919761373817892e+04 1.243237877628707611e+04 8.440880252600569293e+03 5.065284423244333084e+03 2.442292684098480095e+03 1.600486564764081550e+03 1.533086192895751446e+04 1.051315545926993082e+03 9.037939782057219418e+02 2.270457764907471017e+02 1.799381389554964699e+02 -3.945561420688235188e+01 6.954224998226443688e+01 -5.528617875807657900e-02 1.716527537651472812e+01
1.842149380630177257e+04 1.654788040104505490e+04 7.252849201774211906e+03 7.389882736512185147e+03 4.504216766379099681e+03 3.029385704191677178e+03 9.113188884369187690e+02 1.051315545926993082e+03 7.939917628174133824e+03 3.165992681453794830e+02 2.840985608189865985e+01 6.200840664483474285e+01 2.678204227698526196e+01 -1.404096437920562579e+01 -1.468707085590760641e+01 -7.335467541947593428e-01
7.292196502073156807e+03 7.911705667749512031e+03 5.488496243930099808e+03 5.011305919978095517e+03 3.122713553159516778e+03 2.188857777927670213e+03 1.415498164002620115e+03 9.037939782057219418e+02 3.165992681453794830e+02 3.391819264695431229e+03 4.849602842713562012e+01 -1.120742367894036740e+01 5.048988158508493918e+00 8.359174382476517451e-01 -1.238468215102621528e+01 -2.096346261510287690e+00
4.346110426135978742e+03 3.250064797543753684e+03 2.464018974860232902e+03 1.429661715956060789e+03 6.807387952968850868e+02 1.443530809579482366e+03 8.382726305476727475e+02 2.270457764907471017e+02 2.840985608189865985e+01 4.849602842713562012e+01 1.229122267905805984e+03 1.526176086203371085e+01 -8.829754526791445457e+00 3.495082031842126291e+00 -4.193055195916951305e+00 -9.096400955665245869e-01
2.744859476493318198e+03 2.157819784617600362e+03 1.217052862324836724e+03 1.896233672118685945e+03 6.611456392800399726e+02 6.502578231441591470e+02 3.585861420493816922e+02 1.799381389554964699e+02 6.200840664483474285e+01 -1.120742367894036740e+01 1.526176086203371085e+01 4.282819155005753942e+02 1.109388428533329396e+01 6.915261930131294754e+00 -6.377497507888859607e-01 -6.139494053725276235e-01
3.549968603434433021e+02 2.840057267330698210e+02 4.367891048522083111e+02 9.627624820390245475e+01 1.666979183250257393e+02 1.225037249512863298e+02 -5.875122127466759281e+01 -3.945561420688235188e+01 2.678204227698526196e+01 5.048988158508493918e+00 -8.829754526791445457e+00 1.109388428533329396e+01 1.169380555792215688e+02 1.511549172458442447e+00 -7.555156140313147306e-01 5.035294622518531327e-01
1.087628760352837176e+01 2.267105487496643548e+02 8.477890222632437656e+01 1.117938094585884983e+02 1.930038236426658500e+02 -7.808038674275846525e+00 4.611907967397829111e+01 6.954224998226443688e+01 -1.404096437920562579e+01 8.359174382476517451e-01 3.495082031842126291e+00 6.915261930131294754e+00 1.511549172458442447e+00 2.844870452336802202e+01 -4.130138888649757534e-01 -1.179693845598053376e-01
-4.322898001448296945e+00 -1.040795061805509363e+02 1.841365020957955778e+01 -1.064067318400897193e+02 -3.068561506465310984e+01 -2.625350342531950432e+01 -2.129607613925960052e+01 -5.528617875807657900e-02 -1.468707085590760641e+01 -1.238468215102621528e+01 -4.193055195916951305e+00 -6.377497507888859607e-01 -7.555156140313147306e-01 -4.130138888649757534e-01 6.950018167017137038e+00 -2.751675766187433592e-02
-4.385119477104272789e+01 -1.582780348063673159e+01 3.967124195679082277e+01 -8.293134170571319075e+00 1.807120373184324436e+01 4.952637057783109142e+00 5.771102651644122616e+00 1.716527537651472812e+01 -7.335467541947593428e-01 -2.096346261510287690e+00 -9.096400955665245869e-01 -6.139494053725276235e-01 5.035294622518531327e-01 -1.179693845598053376e-01 -2.751675766187433592e-02 2.004204794953118540e+00
