1.023571152062972251e+05 1.655953036550839533e+04 1.296121369568745649e+04 7.503601792728972214e+03 1.005183405890810718e+03 9.344654936404396040e+02 1.097240637339616342e+03 3.802810359349386715e+01 -1.415730879189054381e+00 -3.761104115813520110e+01 9.655355622588761122e+00
1.655953036550839533e+04 4.905254180147144507e+04 5.957745771183094803e+03 3.775525275918206262e+03 1.885962945791537777e+03 1.267852232321587280e+03 3.595552322872600826e+02 2.259346046305260813e+00 7.224055366208240514e+01 -2.558650473020822602e+01 -1.600197514685518074e+00
1.296121369568745649e+04 5.957745771183094803e+03 2.503054986054311667e+04 2.456337060796484366e+03 8.317574185414769090e+02 5.470999517103452945e+02 3.128352934146013808e+02 -7.853750328996754604e+01 2.842108615553102879e+01 -1.441804004016626450e+01 4.372239837872321289e+00
7.503601792728972214e+03 3.775525275918206262e+03 2.456337060796484366e+03 1.109602062382718759e+04 1.055947421409399567e+03 2.784620430783830329e+02 1.895205816367550256e+02 5.130920268010625307e+01 3.740653873710384403e+01 1.279817691415143699e+01 -5.459712753459500689e+00
1.005183405890810718e+03 1.885962945791537777e+03 8.317574185414769090e+02 1.055947421409399567e+03 4.568603212143454584e+03 3.669309913994005683e+02 1.081404295458521005e+02 -2.888671301126251478e+01 -1.888653242197981541e+01 3.213952179910934959e+00 -4.484802264143374018e+00
9.344654936404396040e+02 1.267852232321587280e+03 5.470999517103452945e+02 2.784620430783830329e+02 3.669309913994005683e+02 1.715989625236013126e+03 1.658645559914558376e+01 -1.459882595291231056e+01 -9.850448381652368468e+00 4.172560961889491438e+00 -2.742105576751785012e+00
1.097240637339616342e+03 3.595552322872600826e+02 3.128352934146013808e+02 1.895205816367550256e+02 1.081404295458521005e+02 1.658645559914558376e+01 6.139234285063953394e+02 -1.160555546361606183e+01 3.134298950240175241e-01 -1.241128919622139115e+01 8.360310995666377920e-01
3.802810359349386715e+01 2.259346046305260813e+00 -7.853750328996754604e+01 5.130920268010625307e+01 -2.888671301126251478e+01 -1.459882595291231056e+01 -1.160555546361606183e+01 1.680361853540335346e+02 5.547566338125363705e-01 2.549651587117854223e+00 -6.490004059813641035e-01
-1.415730879189054381e+00 7.224055366208240514e+01 2.842108615553102879e+01 3.740653873710384403e+01 -1.888653242197981541e+01 -9.850448381652368468e+00 3.134298950240175241e-01 5.547566338125363705e-01 4.312106173696081157e+01 8.621425307076990840e-01 -1.660267310072517377e-01
-3.761104115813520110e+01 -2.558650473020822602e+01 -1.441804004016626450e+01 1.279817691415143699e+01 3.213952179910934959e+00 4.172560961889491438e+00 -1.241128919622139115e+01 2.549651587117854223e+00 8.621425307076990840e-01 1.377432928389256261e+01 -5.529390523827612536e-02
9.655355622588761122e+00 -1.600197514685518074e+00 4.372239837872321289e+00 -5.459712753459500689e+00 -4.484802264143374018e+00 -2.742105576751785012e+00 8.360310995666377920e-01 -6.490004059813641035e-01 -1.660267310072517377e-01 -5.529390523827612536e-02 2.013379092542880056e+00
