9.608106768092977582e+05 3.884668677989789285e+05 2.748402643017767696e+05 1.839501014514051494e+05 1.237034589481334842e+05 1.006803584293713502e+05 6.094540523287020187e+04 4.176687183938571980e+04 1.830618567875755616e+04 5.325666197049624316e+03 4.527608465055535817e+03 8.531894689200921675e+02 2.956759387917305162e+02 4.607676435563446660e+01 3.388383209482697112e+02 1.252634330889957255e+02
3.884668677989789285e+05 5.367506881503695622e+05 1.812630602791555866e+05 1.407148618735431228e+05 9.327921395437921456e+04 6.385437185256513476e+04 3.818907146639708662e+04 2.759072131770876513e+04 1.091023682231746898e+04 2.853328880102028052e+03 2.121793715784522192e+03 3.214055587348354379e+02 2.771686713635277783e+02 1.270361047878506469e+02 -2.351080551260615081e+01 1.221932778373236346e+02
2.748402643017767696e+05 1.812630602791555866e+05 3.177740551747758291e+05 9.934679744855832541e+04 7.099234934692319075e+04 4.859040323543592240e+04 3.384531215366155811e+04 2.240895561887475924e+04 9.579934486593723705e+03 2.862514581200528028e+03 2.804837859188855873e+03 7.397248417149751276e+02 1.583475621703248351e+02 2.180075054450426535e+02 1.925825337611572508e+01 3.045479453493786792e+01
1.839501014514051494e+05 1.407148618735431228e+05 9.934679744855832541e+04 1.860632212145677477e+05 5.604716463199593272e+04 4.077812129389446636e+04 2.109247068320224207e+04 1.126520451871690238e+04 6.433506395879304364e+03 3.632333471022443973e+03 2.478919940672185930e+03 8.948785825682560926e+02 6.603663011391763860e+01 2.064612962344441769e+02 7.605455536058121879e+01 3.645299462067225704e+01
1.237034589481334842e+05 9.327921395437921456e+04 7.099234934692319075e+04 5.604716463199593272e+04 1.109309491821080010e+05 2.284796354897171477e+04 1.501571568050810492e+04 9.614874821993225851e+03 4.746165773586627438e+03 2.009387906309018263e+03 1.194445461039686052e+03 3.488574060317786234e+02 1.878353432216626686e+02 4.833438404512807374e+00 2.560722003851369877e+01 2.352088968585957840e+00
1.006803584293713502e+05 6.385437185256513476e+04 4.859040323543592240e+04 4.077812129389446636e+04 2.284796354897171477e+04 5.928399970844749623e+04 1.148239882266088171e+04 6.884226877592818710e+03 2.318432244059798450e+03 1.132103448409156044e+03 8.584662538604183055e+02 4.483452389622898977e+02 3.240930475586492889e+02 7.485997577056551222e-01 -3.304239400940458538e+00 5.029822959186501130e+00
6.094540523287020187e+04 3.818907146639708662e+04 3.384531215366155811e+04 2.109247068320224207e+04 1.501571568050810492e+04 1.148239882266088171e+04 3.593569268712032499e+04 4.378479382991369675e+03 2.679123749720012256e+03 3.567786228471248933e+02 9.457315828087918135e+02 1.914992937415893834e+02 -1.810360613325208945e+01 5.448059240359202704e+01 1.957747191992583780e+01 9.012466962209986221e+00
4.176687183938571980e+04 2.759072131770876513e+04 2.240895561887475924e+04 1.126520451871690238e+04 9.614874821993225851e+03 6.884226877592818710e+03 4.378479382991369675e+03 1.681951362164581951e+04 2.368946858260206227e+03 1.078870853593704624e+03 2.797798650973065833e+02 2.759496260394787441e+02 7.250606771917053095e+01 -2.277074322101949377e+01 -7.808213378458570553e+00 1.303404894160411231e+01
1.830618567875755616e+04 1.091023682231746898e+04 9.579934486593723705e+03 6.433506395879304364e+03 4.746165773586627438e+03 2.318432244059798450e+03 2.679123749720012256e+03 2.368946858260206227e+03 8.309836601947341478e+03 1.308673216308132794e+02 3.470574132911644938e+02 5.642236198497007393e+01 5.646920993903132313e+01 -2.002484430046274255e+01 5.827977648392802301e+00 4.726735398482193595e+00
5.325666197049624316e+03 2.853328880102028052e+03 2.862514581200528028e+03 3.632333471022443973e+03 2.009387906309018263e+03 1.132103448409156044e+03 3.567786228471248933e+02 1.078870853593704624e+03 1.308673216308132794e+02 3.859909562743413971e+03 1.015388106692209647e+01 2.638871889437076845e+01 -2.528885845314807312e+01 5.622051867687673621e+00 1.166212183342081588e+01 1.233416663668661428e+00
4.527608465055535817e+03 2.121793715784522192e+03 2.804837859188855873e+03 2.478919940672185930e+03 1.194445461039686052e+03 8.584662538604183055e+02 9.457315828087918135e+02 2.797798650973065833e+02 3.470574132911644938e+02 1.015388106692209647e+01 1.453551511990274776e+03 2.750622935741656860e+01 1.995868640911638892e+01 1.798140007282296438e+01 3.048429216713399725e+00 2.914068385928008653e-01
8.531894689200921675e+02 3.214055587348354379e+02 7.397248417149751276e+02 8.948785825682560926e+02 3.488574060317786234e+02 4.483452389622898977e+02 1.914992937415893834e+02 2.759496260394787441e+02 5.642236198497007393e+01 2.638871889437076845e+01 2.750622935741656860e+01 5.467953018454425091e+02 2.092460451689967016e+01 1.890079361800297786e+00 3.589970893515380457e+00 9.445831536878158685e-01
2.956759387917305162e+02 2.771686713635277783e+02 1.583475621703248351e+02 6.603663011391763860e+01 1.878353432216626686e+02 3.240930475586492889e+02 -1.810360613325208945e+01 7.250606771917053095e+01 5.646920993903132313e+01 -2.528885845314807312e+01 1.995868640911638892e+01 2.092460451689967016e+01 1.423459744824604911e+02 -1.842036897381230665e+00 -1.030886969079337634e+00 -2.911215422806451847e-01
4.607676435563446660e+01 1.270361047878506469e+02 2.180075054450426535e+02 2.064612962344441769e+02 4.833438404512807374e+00 7.485997577056551222e-01 5.448059240359202704e+01 -2.277074322101949377e+01 -2.002484430046274255e+01 5.622051867687673621e+00 1.798140007282296438e+01 1.890079361800297786e+00 -1.842036897381230665e+00 3.197193347583228373e+01 -4.680543982244697587e-01 -6.685457857888224553e-02
3.388383209482697112e+02 -2.351080551260615081e+01 1.925825337611572508e+01 7.605455536058121879e+01 2.560722003851369877e+01 -3.304239400940458538e+00 1.957747191992583780e+01 -7.808213378458570553e+00 5.827977648392802301e+00 1.166212183342081588e+01 3.048429216713399725e+00 3.589970893515380457e+00 -1.030886969079337634e+00 -4.680543982244697587e-01 6.949700328465620913e+00 -1.375965564035443525e-02
1.252634330889957255e+02 1.221932778373236346e+02 3.045479453493786792e+01 3.645299462067225704e+01 2.352088968585957840e+00 5.029822959186501130e+00 9.012466962209986221e+00 1.303404894160411231e+01 4.726735398482193595e+00 1.233416663668661428e+00 2.914068385928008653e-01 9.445831536878158685e-01 -2.911215422806451847e-01 -6.685457857888224553e-02 -1.375965564035443525e-02 1.004299601003374232e+00
