1.498307541277131066e+06 7.169278562722918577e+05 5.364273160960002569e+05 4.097941009414448636e+05 3.265187450273828581e+05 2.179606575658407237e+05 1.428811506678026635e+05 1.304861751398109482e+05 6.697608427740639308e+04 3.995489108877498802e+04 2.912023856357044497e+04 1.157083194906013705e+04 9.377918687810457413e+03 3.078431249028497859e+03 -6.003205641823553833e+02 -2.637650274338864165e+02 -1.363583447530064063e+02 5.208535303058980048e+01
7.169278562722918577e+05 1.061709028203997994e+06 4.303985873460608418e+05 3.413628994495526422e+05 2.407208639441924752e+05 1.760155637021060102e+05 1.212411359415271727e+05 9.561050255414216372e+04 6.528222714557025029e+04 3.480711465938988840e+04 2.295978954021084428e+04 7.471422855072936727e+03 8.297100686655998288e+03 2.907667759739207213e+03 2.566900265553195482e+02 -2.289169301918364852e+02 -5.825997779218496930e+01 -1.088756662766925416e+02
5.364273160960002569e+05 4.303985873460608418e+05 6.257151056573981186e+05 2.401401850066354964e+05 1.836676963157512364e+05 1.330221482866310398e+05 9.667465278339022188e+04 7.086780734764433873e+04 4.815234785399155226e+04 2.863089554684901668e+04 1.471318173254508474e+04 7.409680432993507566e+03 6.042204669069570627e+03 2.326983103339826812e+03 5.380348518322073232e+02 -1.431654127216877157e+02 5.867322359983737101e+01 -4.736229849439786221e+01
4.097941009414448636e+05 3.413628994495526422e+05 2.401401850066354964e+05 4.265063406593319960e+05 1.407900197428847314e+05 9.687726016196652199e+04 7.502580271318380255e+04 5.574850624140416767e+04 4.165128458085021703e+04 2.064528697235815707e+04 1.278519250922197170e+04 6.003115761554748133e+03 4.032353091294375645e+03 1.314722165816683855e+03 -3.627330758173519030e+02 5.656276329010758275e+01 -8.554440551526580805e+01 4.572972130685754166e+01
3.265187450273828581e+05 2.407208639441924752e+05 1.836676963157512364e+05 1.407900197428847314e+05 3.077417364391266019e+05 7.417292926878518483e+04 5.917169966007378389e+04 5.046679790553681960e+04 3.261408521144495535e+04 1.818128838278434705e+04 1.230398238882254191e+04 4.532094663030809897e+03 3.385882144362186864e+03 1.160162378987536158e+03 6.130705234185149948e+02 -2.002157036992954318e+02 -1.976765142493321150e+02 3.995886441373822606e+01
2.179606575658407237e+05 1.760155637021060102e+05 1.330221482866310398e+05 9.687726016196652199e+04 7.417292926878518483e+04 1.604110504452257010e+05 4.039282599120856321e+04 3.790487968024743168e+04 2.488164239781804645e+04 1.011967580789231215e+04 6.175580724226176244e+03 4.215047642361506405e+03 1.347160112243110689e+03 1.840701440048081849e+03 6.438666440980519212e+01 -8.904818959333609030e+01 -2.472242870199233522e+01 2.897922454177770035e+01
1.428811506678026635e+05 1.212411359415271727e+05 9.667465278339022188e+04 7.502580271318380255e+04 5.917169966007378389e+04 4.039282599120856321e+04 9.539265194359296584e+04 2.322331695006442533e+04 1.426943477694473404e+04 1.163259218269720441e+04 6.196329340125980707e+03 2.333810512110997024e+03 1.050846358740972391e+03 1.152076287173506444e+03 2.205347637973235635e+02 -1.002579715413696988e+02 -6.410710149868477004e+01 5.874697622403420638e+01
1.304861751398109482e+05 9.561050255414216372e+04 7.086780734764433873e+04 5.574850624140416767e+04 5.046679790553681960e+04 3.790487968024743168e+04 2.322331695006442533e+04 6.646984270634743734e+04 1.213472434082858854e+04 7.456106562652590583e+03 4.055428996128130620e+03 2.490631036804731593e+03 1.116745489996631704e+03 1.240129648106950526e+03 2.262292009736655416e+02 -1.920170908367235185e+01 -3.189523041372248002e+01 -2.363562067485789697e+01
6.697608427740639308e+04 6.528222714557025029e+04 4.815234785399155226e+04 4.165128458085021703e+04 3.261408521144495535e+04 2.488164239781804645e+04 1.426943477694473404e+04 1.213472434082858854e+04 3.638834133453451068e+04 5.818809643805607266e+03 3.139429451533152132e+03 8.465949957677086104e+02 5.936570088411459665e+02 3.748611550173062028e+02 8.900586035668742113e+01 -7.532175363017400116e+01 1.161577743169456056e+01 -2.639845239414858824e+01
3.995489108877498802e+04 3.480711465938988840e+04 2.863089554684901668e+04 2.064528697235815707e+04 1.818128838278434705e+04 1.011967580789231215e+04 1.163259218269720441e+04 7.456106562652590583e+03 5.818809643805607266e+03 1.859694685819654842e+04 1.710616128914110050e+03 1.149122422363967871e+03 2.248042260198686790e+02 2.917667764082279973e+02 -5.706053936884112332e+00 -1.831949852181423477e+00 9.979402201865669397e+00 4.857878851954680499e+00
2.912023856357044497e+04 2.295978954021084428e+04 1.471318173254508474e+04 1.278519250922197170e+04 1.230398238882254191e+04 6.175580724226176244e+03 6.196329340125980707e+03 4.055428996128130620e+03 3.139429451533152132e+03 1.710616128914110050e+03 9.386258848019595462e+03 3.880529827544640966e+02 4.139824301382837461e+02 2.533077448547358301e+02 -9.797804938953788678e+00 -6.505199701137021862e+01 2.413972270326051017e+01 1.859603869835599443e+00
1.157083194906013705e+04 7.471422855072936727e+03 7.409680432993507566e+03 6.003115761554748133e+03 4.532094663030809897e+03 4.215047642361506405e+03 2.333810512110997024e+03 2.490631036804731593e+03 8.465949957677086104e+02 1.149122422363967871e+03 3.880529827544640966e+02 5.226786066306736757e+03 2.393803934567910687e+02 1.824139164676623750e+02 6.706745464125357437e+00 -1.365809612693928266e+01 2.031040603031936698e+01 1.756321074136604876e+00
9.377918687810457413e+03 8.297100686655998288e+03 6.042204669069570627e+03 4.032353091294375645e+03 3.385882144362186864e+03 1.347160112243110689e+03 1.050846358740972391e+03 1.116745489996631704e+03 5.936570088411459665e+02 2.248042260198686790e+02 4.139824301382837461e+02 2.393803934567910687e+02 1.877376641812835715e+03 4.658592236641717932e+01 3.065490636314356721e+01 4.239973364996416194e+00 -1.469570600155209661e+01 -4.910816471564858787e+00
3.078431249028497859e+03 2.907667759739207213e+03 2.326983103339826812e+03 1.314722165816683855e+03 1.160162378987536158e+03 1.840701440048081849e+03 1.152076287173506444e+03 1.240129648106950526e+03 3.748611550173062028e+02 2.917667764082279973e+02 2.533077448547358301e+02 1.824139164676623750e+02 4.658592236641717932e+01 7.730504368775425519e+02 9.501557289723940869e+00 3.106120287306957994e+00 9.041531599789547069e-02 2.322873490458233547e+00
-6.003205641823553833e+02 2.566900265553195482e+02 5.380348518322073232e+02 -3.627330758173519030e+02 6.130705234185149948e+02 6.438666440980519212e+01 2.205347637973235635e+02 2.262292009736655416e+02 8.900586035668742113e+01 -5.706053936884112332e+00 -9.797804938953788678e+00 6.706745464125357437e+00 3.065490636314356721e+01 9.501557289723940869e+00 2.390430534235818527e+02 -1.792382556001792793e+01 -3.143973251722889661e-02 -2.829080206927578334e-01
-2.637650274338864165e+02 -2.289169301918364852e+02 -1.431654127216877157e+02 5.656276329010758275e+01 -2.002157036992954318e+02 -8.904818959333609030e+01 -1.002579715413696988e+02 -1.920170908367235185e+01 -7.532175363017400116e+01 -1.831949852181423477e+00 -6.505199701137021862e+01 -1.365809612693928266e+01 4.239973364996416194e+00 3.106120287306957994e+00 -1.792382556001792793e+01 6.682844536208891384e+01 -5.107701696327304752e-02 4.321144271946669724e-02
-1.363583447530064063e+02 -5.825997779218496930e+01 5.867322359983737101e+01 -8.554440551526580805e+01 -1.976765142493321150e+02 -2.472242870199233522e+01 -6.410710149868477004e+01 -3.189523041372248002e+01 1.161577743169456056e+01 9.979402201865669397e+00 2.413972270326051017e+01 2.031040603031936698e+01 -1.469570600155209661e+01 9.041531599789547069e-02 -3.143973251722889661e-02 -5.107701696327304752e-02 1.464275563593974994e+01 -2.061998639353672114e-01
5.208535303058980048e+01 -1.088756662766925416e+02 -4.736229849439786221e+01 4.572972130685754166e+01 3.995886441373822606e+01 2.897922454177770035e+01 5.874697622403420638e+01 -2.363562067485789697e+01 -2.639845239414858824e+01 4.857878851954680499e+00 1.859603869835599443e+00 1.756321074136604876e+00 -4.910816471564858787e+00 2.322873490458233547e+00 -2.829080206927578334e-01 4.321144271946669724e-02 -2.061998639353672114e-01 6.940845890716135003e+00
