5.557064442959936569e+05 2.089623811582392082e+05 1.221486992891156260e+05 8.449757046620677283e+04 5.727377890688374464e+04 3.016721575146992109e+04 2.094174970371041854e+04 1.075790701559420449e+04 5.465088760554785949e+03 1.709574435575991856e+03 4.485590626322118055e+02 7.628797523982669304e+01 3.212984120344043504e+02 9.691241138147280765e+01
2.089623811582392082e+05 3.650623528475380153e+05 9.935092337200154725e+04 7.198971517981594661e+04 3.958114071284148667e+04 3.386189008166917483e+04 1.800126264659190201e+04 8.976845245389955380e+03 4.918033576882614398e+03 1.599858116615125482e+03 1.409891038593283383e+02 3.095680211262043002e+01 1.786946223353835137e+02 2.822645326713878244e+00
1.221486992891156260e+05 9.935092337200154725e+04 1.561554912900894415e+05 4.039170608136800729e+04 2.766956159192078485e+04 2.298510234806420340e+04 7.330827992557572543e+03 4.720125388931407542e+03 1.897694655941096244e+03 4.111675882481483768e+02 -3.563955348634926246e+00 -7.209200534691389350e+01 1.304705045779963655e+02 1.279517633315290048e+01
8.449757046620677283e+04 7.198971517981594661e+04 4.039170608136800729e+04 9.268046378272869333e+04 1.900502106715799164e+04 1.449212004166324368e+04 6.603492717708915734e+03 3.493937382399849866e+03 2.355538460748477974e+03 6.747774670806650192e+02 1.116348025526905374e+01 9.238848917544305550e+01 6.420612475906285965e+01 -1.963950486466092826e+01
5.727377890688374464e+04 3.958114071284148667e+04 2.766956159192078485e+04 1.900502106715799164e+04 5.832385201110272465e+04 9.454134101012465180e+03 4.988095986052179796e+03 2.573677530996435962e+03 2.603300970060803365e+02 7.466683685117262712e+02 1.602600516396791761e+02 4.889125416977672955e+01 6.311662937308579302e+01 2.469059226982528088e+01
3.016721575146992109e+04 3.386189008166917483e+04 2.298510234806420340e+04 1.449212004166324368e+04 9.454134101012465180e+03 2.877315827120025278e+04 2.777853398966003624e+03 2.145854940406892183e+03 5.287925814636515724e+02 3.987980428960173072e+02 2.188154170812286452e+02 -9.383778243493061666e+00 3.793757657144979589e+01 3.389228365171140123e+00
2.094174970371041854e+04 1.800126264659190201e+04 7.330827992557572543e+03 6.603492717708915734e+03 4.988095986052179796e+03 2.777853398966003624e+03 1.305078570444334764e+04 8.034800402308217144e+02 3.608790024080170724e+02 3.793109293520947745e+01 1.020652617455461240e+02 2.217318481728631596e+01 -4.046108967675376533e+00 -4.483657098472870750e+00
1.075790701559420449e+04 8.976845245389955380e+03 4.720125388931407542e+03 3.493937382399849866e+03 2.573677530996435962e+03 2.145854940406892183e+03 8.034800402308217144e+02 5.335837824992726382e+03 3.730180268753711630e+02 1.242954042611186622e+02 4.592406251592646527e+01 -3.687641003555692976e+01 2.044808450774372588e+01 -2.425667038123809682e+00
5.465088760554785949e+03 4.918033576882614398e+03 1.897694655941096244e+03 2.355538460748477974e+03 2.603300970060803365e+02 5.287925814636515724e+02 3.608790024080170724e+02 3.730180268753711630e+02 2.342696181098468969e+03 4.293826286155774596e+01 8.886873292485475417e+01 2.314950858165244441e+01 1.218163659633137996e+01 -3.889316856975654879e+00
1.709574435575991856e+03 1.599858116615125482e+03 4.111675882481483768e+02 6.747774670806650192e+02 7.466683685117262712e+02 3.987980428960173072e+02 3.793109293520947745e+01 1.242954042611186622e+02 4.293826286155774596e+01 8.842572072524777695e+02 2.522528257756129477e+01 -5.371549495948928055e+00 -6.765167654988567314e+00 -9.660889892814854552e-01
4.485590626322118055e+02 1.409891038593283383e+02 -3.563955348634926246e+00 1.116348025526905374e+01 1.602600516396791761e+02 2.188154170812286452e+02 1.020652617455461240e+02 4.592406251592646527e+01 8.886873292485475417e+01 2.522528257756129477e+01 2.780297473827732233e+02 7.335953167588681323e-01 -3.232439767269975617e-01 -6.226016742885203126e-01
7.628797523982669304e+01 3.095680211262043002e+01 -7.209200534691389350e+01 9.238848917544305550e+01 4.889125416977672955e+01 -9.383778243493061666e+00 2.217318481728631596e+01 -3.687641003555692976e+01 2.314950858165244441e+01 -5.371549495948928055e+00 7.335953167588681323e-01 6.373189027003656548e+01 -9.199702804810654388e-01 -4.194431721971417226e-01
3.212984120344043504e+02 1.786946223353835137e+02 1.304705045779963655e+02 6.420612475906285965e+01 6.311662937308579302e+01 3.793757657144979589e+01 -4.046108967675376533e+00 2.044808450774372588e+01 1.218163659633137996e+01 -6.765167654988567314e+00 -3.232439767269975617e-01 -9.199702804810654388e-01 2.231780221124342134e+01 -1.239958237114834050e-01
9.691241138147280765e+01 2.822645326713878244e+00 1.279517633315290048e+01 -1.963950486466092826e+01 2.469059226982528088e+01 3.389228365171140123e+00 -4.483657098472870750e+00 -2.425667038123809682e+00 -3.889316856975654879e+00 -9.660889892814854552e-01 -6.226016742885203126e-01 -4.194431721971417226e-01 -1.239958237114834050e-01 3.004292089117730491e+00
