9.269785302782421932e+05 3.697634632499784930e+05 2.699723030561959604e+05 2.012011531476268137e+05 1.393239650043292204e+05 1.023806637677025283e+05 6.856979962144591263e+04 2.921709322606324713e+04 2.730692673547551021e+04 1.156137287939280213e+04 8.684931374136520390e+03 4.829701912967038879e+03 1.920471826603923773e+03 2.648217706940702101e+02 2.469211931475226720e+02 4.905079701525346536e+01 -4.790803695352589386e+01
3.697634632499784930e+05 6.543059412999636261e+05 2.540910544115625089e+05 1.787480482931393199e+05 1.133196442723827931e+05 8.014012354856111051e+04 6.222460295390053943e+04 3.192079452275075528e+04 1.851683031728194692e+04 1.003836818560848587e+04 6.025536894806404234e+03 4.569476806660842158e+03 1.136019174451815388e+03 4.026535983960575891e+02 2.085409811896901147e+02 -4.619886936170791358e+01 2.278185153820421860e+00
2.699723030561959604e+05 2.540910544115625089e+05 4.173193718063787092e+05 1.396147984778860991e+05 7.482879348567269335e+04 7.079830733592672914e+04 3.315712106774739368e+04 2.111142376553034774e+04 1.208901462029658069e+04 1.127099893156466351e+04 4.774259281295257097e+03 3.880521855438337752e+03 1.449333909859576579e+03 3.388136846972579974e+02 -1.576450281424790205e+02 1.150722309412325295e+01 8.233697372774866352e+00
2.012011531476268137e+05 1.787480482931393199e+05 1.396147984778860991e+05 2.622228149838526151e+05 6.665834997063904302e+04 4.414257203690363531e+04 3.396693360558121640e+04 1.567169439768890697e+04 1.033078317679043721e+04 1.013591033145634901e+04 6.069250187091196494e+03 1.899978791937380720e+03 6.244621492915340468e+02 2.330743895957161556e+02 -1.519201555574897888e+00 4.500764008413249861e+00 -2.304297827899820561e+01
1.393239650043292204e+05 1.133196442723827931e+05 7.482879348567269335e+04 6.665834997063904302e+04 1.553153989431744267e+05 3.871656899193926074e+04 2.467183101963662557e+04 1.511087457615984567e+04 5.264004100193716113e+03 4.182412988037466675e+03 3.450713570548084590e+03 1.455075087919351290e+03 4.938861423651351288e+02 -7.587903435719334766e+01 2.602454347752406250e+01 1.374870611763332029e+01 -3.162710622998393006e+00
1.023806637677025283e+05 8.014012354856111051e+04 7.079830733592672914e+04 4.414257203690363531e+04 3.871656899193926074e+04 8.489223673364796559e+04 1.367536696107974603e+04 7.277910522993805898e+03 4.209733937949896244e+03 2.394108004475079269e+03 3.193115379397371726e+03 1.563849459190297921e+03 3.674026922868328597e+02 1.936528733920980585e+02 7.333603752106068896e+01 -1.404736132683849981e+01 -9.776954423173893627e-01
6.856979962144591263e+04 6.222460295390053943e+04 3.315712106774739368e+04 3.396693360558121640e+04 2.467183101963662557e+04 1.367536696107974603e+04 5.453303903864066524e+04 3.756112915702156442e+03 1.370462134419000449e+03 2.659649995527007377e+03 1.720693567955427852e+03 1.147934513363528140e+03 5.540849766688223781e+02 4.928394688252462075e+00 4.913036456279526476e+01 2.620926846061867366e+01 -4.831541717386165224e+00
2.921709322606324713e+04 3.192079452275075528e+04 2.111142376553034774e+04 1.567169439768890697e+04 1.511087457615984567e+04 7.277910522993805898e+03 3.756112915702156442e+03 2.704367547448903497e+04 1.968230723305840456e+03 9.964927753485235371e+02 9.219808594213382094e+02 9.278497049172316338e+02 2.402872138761441647e+02 6.418593595543622143e+01 1.037684601309548214e+02 -2.770023674218075271e+01 2.170961316479363301e+00
2.730692673547551021e+04 1.851683031728194692e+04 1.208901462029658069e+04 1.033078317679043721e+04 5.264004100193716113e+03 4.209733937949896244e+03 1.370462134419000449e+03 1.968230723305840456e+03 1.260552859891025764e+04 5.664466272422412203e+02 -1.063896711632074243e+02 5.172249446753124857e+02 -7.818945340912567588e+01 -2.375687706150945644e+01 6.761916872147619273e+00 6.610294457984354111e+00 1.351314356907821335e+01
1.156137287939280213e+04 1.003836818560848587e+04 1.127099893156466351e+04 1.013591033145634901e+04 4.182412988037466675e+03 2.394108004475079269e+03 2.659649995527007377e+03 9.964927753485235371e+02 5.664466272422412203e+02 7.378261059567365919e+03 3.808309099524187218e+02 1.753058627001832974e+02 -3.569749927822531532e+01 4.436703378240316908e+01 -3.548426633643838102e+01 -8.937738696396216653e+00 2.304814430420139004e+00
8.684931374136520390e+03 6.025536894806404234e+03 4.774259281295257097e+03 6.069250187091196494e+03 3.450713570548084590e+03 3.193115379397371726e+03 1.720693567955427852e+03 9.219808594213382094e+02 -1.063896711632074243e+02 3.808309099524187218e+02 3.048663911776647637e+03 3.082706623782821609e+01 -3.332383575893921801e+01 -2.048979163705018092e-01 -1.634739083697862227e+01 -4.426438575843783418e+00 -3.374150483731074068e+00
4.829701912967038879e+03 4.569476806660842158e+03 3.880521855438337752e+03 1.899978791937380720e+03 1.455075087919351290e+03 1.563849459190297921e+03 1.147934513363528140e+03 9.278497049172316338e+02 5.172249446753124857e+02 1.753058627001832974e+02 3.082706623782821609e+01 1.185382423380155387e+03 -6.764280906004636940e+00 2.524357300899186285e+01 4.169220907547782851e+00 3.857205737787456346e-01 8.519225700077803776e-01
1.920471826603923773e+03 1.136019174451815388e+03 1.449333909859576579e+03 6.244621492915340468e+02 4.938861423651351288e+02 3.674026922868328597e+02 5.540849766688223781e+02 2.402872138761441647e+02 -7.818945340912567588e+01 -3.569749927822531532e+01 -3.332383575893921801e+01 -6.764280906004636940e+00 4.322664079469736862e+02 1.653266038847129860e+00 4.273556305631606378e+00 2.092950798254602063e+00 2.713888323162151339e-01
2.648217706940702101e+02 4.026535983960575891e+02 3.388136846972579974e+02 2.330743895957161556e+02 -7.587903435719334766e+01 1.936528733920980585e+02 4.928394688252462075e+00 6.418593595543622143e+01 -2.375687706150945644e+01 4.436703378240316908e+01 -2.048979163705018092e-01 2.524357300899186285e+01 1.653266038847129860e+00 8.886602938600361767e+01 2.785058483255669959e+00 -6.606905954636846934e-01 -1.651329078988812427e-01
2.469211931475226720e+02 2.085409811896901147e+02 -1.576450281424790205e+02 -1.519201555574897888e+00 2.602454347752406250e+01 7.333603752106068896e+01 4.913036456279526476e+01 1.037684601309548214e+02 6.761916872147619273e+00 -3.548426633643838102e+01 -1.634739083697862227e+01 4.169220907547782851e+00 4.273556305631606378e+00 2.785058483255669959e+00 3.541597114276817138e+01 -2.987917392742218681e-01 -7.467996230200418806e-02
4.905079701525346536e+01 -4.619886936170791358e+01 1.150722309412325295e+01 4.500764008413249861e+00 1.374870611763332029e+01 -1.404736132683849981e+01 2.620926846061867366e+01 -2.770023674218075271e+01 6.610294457984354111e+00 -8.937738696396216653e+00 -4.426438575843783418e+00 3.857205737787456346e-01 2.092950798254602063e+00 -6.606905954636846934e-01 -2.987917392742218681e-01 3.993341794812984347e+00 -7.859017689835032239e-03
-4.790803695352589386e+01 2.278185153820421860e+00 8.233697372774866352e+00 -2.304297827899820561e+01 -3.162710622998393006e+00 -9.776954423173893627e-01 -4.831541717386165224e+00 2.170961316479363301e+00 1.351314356907821335e+01 2.304814430420139004e+00 -3.374150483731074068e+00 8.519225700077803776e-01 2.713888323162151339e-01 -1.651329078988812427e-01 -7.467996230200418806e-02 -7.859017689835032239e-03 1.003747947400471352e+00
