7.499272280955798924e+05 2.544383596920514246e+05 2.075510712073454342e+05 1.544101023914917314e+05 8.341783887228992535e+04 7.078840998992687673e+04 4.250022423629194236e+04 1.747444832668259914e+04 1.559242883816225185e+04 5.633811661595316764e+03 2.286413412948720634e+02 1.514918205666387621e+03 1.657388163733119484e+02 1.039780759343631757e+02 -1.021826031123118526e+02
2.544383596920514246e+05 3.890947475852147327e+05 1.468102381601505331e+05 1.108154160394570936e+05 6.095017313720749371e+04 4.525055467035082984e+04 2.910826935890384993e+04 1.545902987191294778e+04 6.070496139360447160e+03 3.385327552715810270e+03 6.127720485324778110e+02 4.682325081218511400e+02 1.624114485676030597e+02 4.117877665093466533e+01 -6.654349932100762999e+01
2.075510712073454342e+05 1.468102381601505331e+05 2.676942706631403998e+05 7.422548492161076865e+04 5.620200327953101805e+04 4.216624478419082152e+04 2.459688423683409201e+04 9.526031429755390491e+03 9.156521936849234407e+03 1.205346181049647839e+03 9.578807479608661879e+02 3.246077464267031587e+02 1.917541517113406258e+02 6.142161625672113878e+00 5.445902893521097354e+00
1.544101023914917314e+05 1.108154160394570936e+05 7.422548492161076865e+04 1.479303596065361635e+05 4.012878245264405268e+04 2.721029276950469284e+04 1.686997554217364450e+04 7.515864053428245825e+03 4.805486977999315059e+03 1.780718910039869570e+03 2.456123925288026300e+01 1.381388084389654125e+02 8.087339051207149510e+01 1.613829370183552214e+01 -7.036189264134212751e-01
8.341783887228992535e+04 6.095017313720749371e+04 5.620200327953101805e+04 4.012878245264405268e+04 8.593811000952005270e+04 2.345448676511761369e+04 1.182783986817773803e+04 5.038423076693058647e+03 3.235749132340812594e+03 3.292484851732700690e+01 3.892056345011556573e+02 1.131534940496952544e+02 -1.117199906301373602e+02 3.842282734239407915e+01 -1.339716351286179119e+01
7.078840998992687673e+04 4.525055467035082984e+04 4.216624478419082152e+04 2.721029276950469284e+04 2.345448676511761369e+04 5.145963629164543090e+04 8.100825124394354134e+03 4.086635970430324051e+03 3.173426027448711011e+03 3.549212901477778814e+02 -1.161982253961781026e+02 2.299669530407894058e+02 6.300364170258593077e+01 -3.244951507574128868e+01 3.376602649647541199e+00
4.250022423629194236e+04 2.910826935890384993e+04 2.459688423683409201e+04 1.686997554217364450e+04 1.182783986817773803e+04 8.100825124394354134e+03 2.679096739432953473e+04 3.016586295644105576e+03 2.425652835178089390e+03 6.844535985175788255e+02 1.066766092475920971e+02 -4.775472896490742869e+01 -6.459807066657869257e+01 -3.220212710583508198e+01 4.584832335303124395e+00
1.747444832668259914e+04 1.545902987191294778e+04 9.526031429755390491e+03 7.515864053428245825e+03 5.038423076693058647e+03 4.086635970430324051e+03 3.016586295644105576e+03 9.374693490443722112e+03 1.166218956344041771e+03 2.350267916522041389e+02 2.113162720367447989e+01 9.248180515792134848e-01 4.012802101051088499e+01 3.317305270301460496e+00 -4.500177855379608793e+00
1.559242883816225185e+04 6.070496139360447160e+03 9.156521936849234407e+03 4.805486977999315059e+03 3.235749132340812594e+03 3.173426027448711011e+03 2.425652835178089390e+03 1.166218956344041771e+03 5.390086523848434808e+03 2.124364248940441655e+02 4.433811404125098932e+01 9.504399948112963159e+01 2.287933293686247538e+01 1.405280871939149456e+01 1.537986420954694788e-01
5.633811661595316764e+03 3.385327552715810270e+03 1.205346181049647839e+03 1.780718910039869570e+03 3.292484851732700690e+01 3.549212901477778814e+02 6.844535985175788255e+02 2.350267916522041389e+02 2.124364248940441655e+02 1.830204557871560837e+03 1.021184679939237014e+02 7.523136315517965578e+00 1.779560119493190484e+01 -2.538632392458575637e+00 -3.617223181171088875e+00
2.286413412948720634e+02 6.127720485324778110e+02 9.578807479608661879e+02 2.456123925288026300e+01 3.892056345011556573e+02 -1.161982253961781026e+02 1.066766092475920971e+02 2.113162720367447989e+01 4.433811404125098932e+01 1.021184679939237014e+02 7.346044733725315155e+02 -3.011951081988302192e+01 -1.390215815630984331e+01 2.142985177073115199e+00 -8.190346523118666733e-01
1.514918205666387621e+03 4.682325081218511400e+02 3.246077464267031587e+02 1.381388084389654125e+02 1.131534940496952544e+02 2.299669530407894058e+02 -4.775472896490742869e+01 9.248180515792134848e-01 9.504399948112963159e+01 7.523136315517965578e+00 -3.011951081988302192e+01 2.500647779979956624e+02 -6.386229936406039975e+00 -1.173303810869664066e+00 -1.035067422585058905e+00
1.657388163733119484e+02 1.624114485676030597e+02 1.917541517113406258e+02 8.087339051207149510e+01 -1.117199906301373602e+02 6.300364170258593077e+01 -6.459807066657869257e+01 4.012802101051088499e+01 2.287933293686247538e+01 1.779560119493190484e+01 -1.390215815630984331e+01 -6.386229936406039975e+00 6.422839636127768870e+01 1.582046933265554678e+00 -2.399616388808024081e-01
1.039780759343631757e+02 4.117877665093466533e+01 6.142161625672113878e+00 1.613829370183552214e+01 3.842282734239407915e+01 -3.244951507574128868e+01 -3.220212710583508198e+01 3.317305270301460496e+00 1.405280871939149456e+01 -2.538632392458575637e+00 2.142985177073115199e+00 -1.173303810869664066e+00 1.582046933265554678e+00 1.180269498184446419e+01 -4.719107269522158921e-02
-1.021826031123118526e+02 -6.654349932100762999e+01 5.445902893521097354e+00 -7.036189264134212751e-01 -1.339716351286179119e+01 3.376602649647541199e+00 4.584832335303124395e+00 -4.500177855379608793e+00 1.537986420954694788e-01 -3.617223181171088875e+00 -8.190346523118666733e-01 -1.035067422585058905e+00 -2.399616388808024081e-01 -4.719107269522158921e-02 2.004783381802494713e+00
