2.901580256260184646e+08 1.758954862923754454e+08 9.842466920452782512e+07 5.409548132538497448e+07 2.700436291885451972e+07 1.283927781566581130e+07 5.377870540310162120e+06 1.977241312857870711e+06 6.868080770352958934e+05 1.661244893642919778e+05 2.763308480698778294e+04 1.407476460909195157e+04
1.758954862923754454e+08 1.068112924085627049e+08 5.968333636632838845e+07 3.282635847681051493e+07 1.637341226134576276e+07 7.792283810831015930e+06 3.262203019886912778e+06 1.200434054219154874e+06 4.176592385606844327e+05 1.004112063118370861e+05 1.680212050482750419e+04 8.376151888087535553e+03
9.842466920452782512e+07 5.968333636632838845e+07 3.343621015780838579e+07 1.835124849904547259e+07 9.163381515953997150e+06 4.354658795811510645e+06 1.824136859533592826e+06 6.715042790044335416e+05 2.329041234274146555e+05 5.636772146270500525e+04 9.486675850924575570e+03 4.742970270743729088e+03
5.409548132538497448e+07 3.282635847681051493e+07 1.835124849904547259e+07 1.012501482269391976e+07 5.036472735540824942e+06 2.399712342258417048e+06 1.001577596152555896e+06 3.686231509811171563e+05 1.289852013948394451e+05 3.076353040297313783e+04 5.202243685002611528e+03 2.653079518109865603e+03
2.700436291885451972e+07 1.637341226134576276e+07 9.163381515953997150e+06 5.036472735540824942e+06 2.530693707025383133e+06 1.196655850958765252e+06 5.002675735544948839e+05 1.839886838189658301e+05 6.423753350792230776e+04 1.551381142879950858e+04 2.577752901330329223e+03 1.328017358890288961e+03
1.283927781566581130e+07 7.792283810831015930e+06 4.354658795811510645e+06 2.399712342258417048e+06 1.196655850958765252e+06 5.760877597588205244e+05 2.374997280165754200e+05 8.768255813219871197e+04 3.043306958644439146e+04 7.135488395394742838e+03 1.303187648906755840e+03 5.955110903058543954e+02
5.377870540310162120e+06 3.262203019886912778e+06 1.824136859533592826e+06 1.001577596152555896e+06 5.002675735544948839e+05 2.374997280165754200e+05 1.015660596294713032e+05 3.662553466855703300e+04 1.266732712307838483e+04 2.996126012297266243e+03 5.148270420222070243e+02 2.750444384809274538e+02
1.977241312857870711e+06 1.200434054219154874e+06 6.715042790044335416e+05 3.686231509811171563e+05 1.839886838189658301e+05 8.768255813219871197e+04 3.662553466855703300e+04 1.439206035464073466e+04 4.655295096165394170e+03 1.086386822898212586e+03 1.893798807446918602e+02 7.339769663364937458e+01
6.868080770352958934e+05 4.176592385606844327e+05 2.329041234274146555e+05 1.289852013948394451e+05 6.423753350792230776e+04 3.043306958644439146e+04 1.266732712307838483e+04 4.655295096165394170e+03 1.887612486362299933e+03 4.164314901191607419e+02 6.637478816231688938e+01 3.974611547583764093e+01
1.661244893642919778e+05 1.004112063118370861e+05 5.636772146270500525e+04 3.076353040297313783e+04 1.551381142879950858e+04 7.135488395394742838e+03 2.996126012297266243e+03 1.086386822898212586e+03 4.164314901191607419e+02 1.937256673973112981e+02 1.084455943908438691e+01 9.966130002845579483e+00
2.763308480698778294e+04 1.680212050482750419e+04 9.486675850924575570e+03 5.202243685002611528e+03 2.577752901330329223e+03 1.303187648906755840e+03 5.148270420222070243e+02 1.893798807446918602e+02 6.637478816231688938e+01 1.084455943908438691e+01 1.577149055351593887e+01 -1.932199438316799522e-01
1.407476460909195157e+04 8.376151888087535553e+03 4.742970270743729088e+03 2.653079518109865603e+03 1.328017358890288961e+03 5.955110903058543954e+02 2.750444384809274538e+02 7.339769663364937458e+01 3.974611547583764093e+01 9.966130002845579483e+00 -1.932199438316799522e-01 6.966926279638205877e+00
