9.688684429808747955e+05 4.521738338059305097e+05 2.630248608282353962e+05 2.082814285700875625e+05 1.721945113261140359e+05 9.875662070233614941e+04 8.145095592899511394e+04 3.814283852094525355e+04 2.427696629657370431e+04 1.443613849798491538e+04 6.377919193096921845e+03 9.384453237708065672e+02 1.144225944221736171e+02 9.123086944635969076e+02 4.080534592714832343e+02 -1.077821526895358204e+02 -8.268162423005937001e+01
4.521738338059305097e+05 6.678438184969300637e+05 2.333547961813005968e+05 1.735907175771831826e+05 1.367629130238650541e+05 6.469365541170500364e+04 5.571077813598945067e+04 2.885838079215626203e+04 1.774279511554968485e+04 1.024496462386187341e+04 5.933788512126555361e+03 8.365036603375806408e+02 -4.759310900230371431e+02 4.209538983007781781e+02 1.295040650671436424e+02 -7.425709575344313862e+01 -5.606964740623198651e+01
2.630248608282353962e+05 2.333547961813005968e+05 3.275418444064710638e+05 1.069122377363256528e+05 8.324008492313798342e+04 4.981977531498019380e+04 4.357038173381279921e+04 2.476210186478888863e+04 1.347667862750163113e+04 7.065604624974880608e+03 4.160319930301247041e+03 9.881648161165269357e+02 -3.019599895549187067e+02 3.962017881464061588e+02 1.397369511055377700e+02 -2.914192608594538569e+01 -5.284194515672777470e+01
2.082814285700875625e+05 1.735907175771831826e+05 1.069122377363256528e+05 2.268219097967811394e+05 6.410055865641181299e+04 3.616509921796867275e+04 2.645760320345171203e+04 1.593686547282187348e+04 1.190770002255459076e+04 5.263059770488150207e+03 2.138590380561806342e+03 8.017625501131861938e+02 1.595155347934853651e+01 2.316313337425414716e+02 3.741069339088961243e+01 2.783472913068931742e+00 -1.234816792345449876e+01
1.721945113261140359e+05 1.367629130238650541e+05 8.324008492313798342e+04 6.410055865641181299e+04 1.320839029914591229e+05 2.869727740080263175e+04 2.714311925885137316e+04 1.365942951920705309e+04 9.605528498714080342e+03 3.976033621167554429e+03 2.228742238998678658e+03 7.146228740647138693e+02 2.073105784451450688e+02 3.341071823545704689e+01 7.087632812842295493e+01 -2.177979575121475442e+00 -4.576599709437857655e+01
9.875662070233614941e+04 6.469365541170500364e+04 4.981977531498019380e+04 3.616509921796867275e+04 2.869727740080263175e+04 7.099034854205991724e+04 1.293693177016612754e+04 6.057615125352867835e+03 5.403399792151975817e+03 2.851156616275830856e+03 1.235445909258714209e+03 6.929028880928170793e+02 -9.749404516364432727e-01 1.275478298753446040e+02 2.113166023780468095e+01 -4.312057574485510081e+00 3.925197429498331836e+00
8.145095592899511394e+04 5.571077813598945067e+04 4.357038173381279921e+04 2.645760320345171203e+04 2.714311925885137316e+04 1.293693177016612754e+04 4.422468871377475443e+04 6.541447589539745422e+03 3.995894057289991451e+03 2.319292170702497060e+03 1.224039630157837337e+03 4.036945738840173590e+02 8.763346370693164999e+01 1.092905531903501668e+02 -4.156363960289059634e+01 7.076872983364933534e-01 -8.753387824993575705e+00
3.814283852094525355e+04 2.885838079215626203e+04 2.476210186478888863e+04 1.593686547282187348e+04 1.365942951920705309e+04 6.057615125352867835e+03 6.541447589539745422e+03 2.115785671706210633e+04 1.962110140597715827e+03 1.936109681709318920e+03 8.147053978885637662e+02 4.305007330793166886e+01 1.297080908364514187e+02 1.680981644962628607e+01 2.530455627865307022e+01 3.214153273993661575e+00 1.606751461518398649e+00
2.427696629657370431e+04 1.774279511554968485e+04 1.347667862750163113e+04 1.190770002255459076e+04 9.605528498714080342e+03 5.403399792151975817e+03 3.995894057289991451e+03 1.962110140597715827e+03 1.040804326074174787e+04 6.768738874443203031e+02 3.504359128502798058e+02 3.178199704943220354e+02 -9.952235909751985332e+01 -1.933807625777702155e+00 1.328042261332310581e+01 6.611042882298076684e+00 -5.276721697517825049e+00
1.443613849798491538e+04 1.024496462386187341e+04 7.065604624974880608e+03 5.263059770488150207e+03 3.976033621167554429e+03 2.851156616275830856e+03 2.319292170702497060e+03 1.936109681709318920e+03 6.768738874443203031e+02 4.568099937196957399e+03 2.905313343358689622e+02 -1.127283867712951775e+02 8.115881742306149249e+01 -1.031154127502792228e+00 7.194412839702468698e-01 -3.901807663140512417e-01 8.136972248426692644e-01
6.377919193096921845e+03 5.933788512126555361e+03 4.160319930301247041e+03 2.138590380561806342e+03 2.228742238998678658e+03 1.235445909258714209e+03 1.224039630157837337e+03 8.147053978885637662e+02 3.504359128502798058e+02 2.905313343358689622e+02 1.969343190542592538e+03 1.236777902815417463e+01 1.639878609593316661e+00 -1.440653285528616045e+01 2.993970208739296979e+00 4.978277853927330909e+00 -2.551638699914848818e+00
9.384453237708065672e+02 8.365036603375806408e+02 9.881648161165269357e+02 8.017625501131861938e+02 7.146228740647138693e+02 6.929028880928170793e+02 4.036945738840173590e+02 4.305007330793166886e+01 3.178199704943220354e+02 -1.127283867712951775e+02 1.236777902815417463e+01 6.961190164859193601e+02 8.257852304077037076e+00 -2.504770068627936386e+00 -1.102425819189205153e-01 2.834144682726500997e-01 -3.620674340004170211e-01
1.144225944221736171e+02 -4.759310900230371431e+02 -3.019599895549187067e+02 1.595155347934853651e+01 2.073105784451450688e+02 -9.749404516364432727e-01 8.763346370693164999e+01 1.297080908364514187e+02 -9.952235909751985332e+01 8.115881742306149249e+01 1.639878609593316661e+00 8.257852304077037076e+00 2.754412656487500612e+02 -8.337568446389649779e+00 1.172763162431006423e+00 -9.285477262617369831e-01 5.428544851389772719e-01
9.123086944635969076e+02 4.209538983007781781e+02 3.962017881464061588e+02 2.316313337425414716e+02 3.341071823545704689e+01 1.275478298753446040e+02 1.092905531903501668e+02 1.680981644962628607e+01 -1.933807625777702155e+00 -1.031154127502792228e+00 -1.440653285528616045e+01 -2.504770068627936386e+00 -8.337568446389649779e+00 5.908648722696791111e+01 1.115275165569099114e+00 -2.241826508314088695e-01 -1.120686448853980277e-01
4.080534592714832343e+02 1.295040650671436424e+02 1.397369511055377700e+02 3.741069339088961243e+01 7.087632812842295493e+01 2.113166023780468095e+01 -4.156363960289059634e+01 2.530455627865307022e+01 1.328042261332310581e+01 7.194412839702468698e-01 2.993970208739296979e+00 -1.102425819189205153e-01 1.172763162431006423e+00 1.115275165569099114e+00 1.654754948248981705e+01 -6.684311202885653835e-02 -3.341479350527547937e-02
-1.077821526895358204e+02 -7.425709575344313862e+01 -2.914192608594538569e+01 2.783472913068931742e+00 -2.177979575121475442e+00 -4.312057574485510081e+00 7.076872983364933534e-01 3.214153273993661575e+00 6.611042882298076684e+00 -3.901807663140512417e-01 4.978277853927330909e+00 2.834144682726500997e-01 -9.285477262617369831e-01 -2.241826508314088695e-01 -6.684311202885653835e-02 2.004823258328619850e+00 -3.930230593921335558e-03
-8.268162423005937001e+01 -5.606964740623198651e+01 -5.284194515672777470e+01 -1.234816792345449876e+01 -4.576599709437857655e+01 3.925197429498331836e+00 -8.753387824993575705e+00 1.606751461518398649e+00 -5.276721697517825049e+00 8.136972248426692644e-01 -2.551638699914848818e+00 -3.620674340004170211e-01 5.428544851389772719e-01 -1.120686448853980277e-01 -3.341479350527547937e-02 -3.930230593921335558e-03 1.003970732451710646e+00
