1.003390075815768912e+06 4.505598048186862143e+05 3.116368075186885544e+05 2.182200974107041548e+05 1.466700221910361142e+05 1.161446369669714768e+05 7.690739894153756904e+04 5.353133742470980360e+04 2.759501596055997652e+04 1.634606571360386079e+04 9.305321497662238471e+03 3.267671616065299986e+03 2.308921089310299067e+03 8.619542577381439514e+02 4.382428977425469157e+02 9.904562190955616074e+01 9.266640984475978371e+01
4.505598048186862143e+05 7.507298873499676120e+05 2.768734956993050873e+05 2.032595133517716895e+05 1.533733047776133171e+05 9.665951352966236300e+04 7.884769482194571174e+04 4.899029303330643597e+04 2.645479546004736403e+04 1.005036568335242737e+04 7.552901521501583375e+03 1.962750825350694868e+03 1.535584927633202369e+03 9.050377050075489933e+02 2.108119284052620515e+02 6.291828326328059973e+01 1.264495240539597631e+02
3.116368075186885544e+05 2.768734956993050873e+05 4.174258804409248987e+05 1.345589754095208482e+05 1.056135189797277562e+05 7.367093866266841360e+04 5.178242233274186583e+04 3.795560091693445429e+04 1.957265302291302942e+04 8.129512708892727460e+03 5.073078938679905150e+03 3.209607295020380207e+03 8.528054400460176794e+02 -2.848066622549681792e+00 2.114789698434631191e+02 5.250485408576410329e+00 7.420118339976542643e+01
2.182200974107041548e+05 2.032595133517716895e+05 1.345589754095208482e+05 2.608534512986933405e+05 8.372656188285636017e+04 5.198877993072246318e+04 3.786021125638904050e+04 2.107043568849348594e+04 1.404566199954134572e+04 4.639230472191677109e+03 3.712711181708235927e+03 1.609021226136276255e+03 7.099963898994391798e+01 1.811976587685633433e+02 2.048495673037069480e+02 1.223594064525855352e+01 6.207665041238522008e+01
1.466700221910361142e+05 1.533733047776133171e+05 1.056135189797277562e+05 8.372656188285636017e+04 1.726380455888111319e+05 3.637681580705103261e+04 3.564504775627885101e+04 1.969334369227591378e+04 8.809675452400060749e+03 5.762390912328394734e+03 1.433991437086487394e+03 2.389346428439578631e+03 4.899751035291495782e+02 4.128450095431890645e+02 3.468033260229120884e+01 8.661198726752925836e+01 2.954306327811347543e+01
1.161446369669714768e+05 9.665951352966236300e+04 7.367093866266841360e+04 5.198877993072246318e+04 3.637681580705103261e+04 9.537836393028438033e+04 1.826637367490830366e+04 1.159124175699466286e+04 7.878303076782411154e+03 3.366746611352569289e+03 1.065093340296009956e+03 1.502059538143549844e+03 7.433911347771319242e+02 1.446986035539788702e+02 9.187589020230052483e+01 7.818219359335873975e-01 9.360649994842319410e-01
7.690739894153756904e+04 7.884769482194571174e+04 5.178242233274186583e+04 3.786021125638904050e+04 3.564504775627885101e+04 1.826637367490830366e+04 5.703475306392993662e+04 1.044423560200768407e+04 6.052557781142472777e+03 1.997269429396582836e+03 9.231280587537628435e+02 8.586174723206570434e+02 3.363284118123015674e+02 2.399658738523740453e+02 2.267126141560597219e+01 5.424817978548132302e+00 4.843064392217598879e+00
5.353133742470980360e+04 4.899029303330643597e+04 3.795560091693445429e+04 2.107043568849348594e+04 1.969334369227591378e+04 1.159124175699466286e+04 1.044423560200768407e+04 2.691927906287629594e+04 3.027680289502449341e+03 2.478345264645855877e+03 7.631414147530181253e+02 3.772743776527423165e+02 3.204376533050285047e+02 9.256552090046862702e+01 -9.594914126981109348e+00 8.818824040715771417e+00 6.307226012808766491e+00
2.759501596055997652e+04 2.645479546004736403e+04 1.957265302291302942e+04 1.404566199954134572e+04 8.809675452400060749e+03 7.878303076782411154e+03 6.052557781142472777e+03 3.027680289502449341e+03 1.434830235186200662e+04 8.710721354336451441e+02 9.266847088557400411e+02 4.186040906282476612e+02 3.149419347512958893e+02 6.419669213041611044e+01 -6.007503875611257094e+00 9.819428074522033034e-01 1.143060380117870700e+01
1.634606571360386079e+04 1.005036568335242737e+04 8.129512708892727460e+03 4.639230472191677109e+03 5.762390912328394734e+03 3.366746611352569289e+03 1.997269429396582836e+03 2.478345264645855877e+03 8.710721354336451441e+02 6.939367988332495770e+03 4.222871909682487512e+02 1.692279604894101226e+02 1.167223442317420563e+02 1.449237479610955148e+01 -6.581874301742710820e+00 2.844873765696832812e+00 5.318555328668447046e+00
9.305321497662238471e+03 7.552901521501583375e+03 5.073078938679905150e+03 3.712711181708235927e+03 1.433991437086487394e+03 1.065093340296009956e+03 9.231280587537628435e+02 7.631414147530181253e+02 9.266847088557400411e+02 4.222871909682487512e+02 2.940445427060155453e+03 2.864959324209290870e+01 -3.614864487906815782e+01 2.110141677531638038e+01 9.649530649977137386e+00 8.607617366586035601e+00 3.204729001718213954e+00
3.267671616065299986e+03 1.962750825350694868e+03 3.209607295020380207e+03 1.609021226136276255e+03 2.389346428439578631e+03 1.502059538143549844e+03 8.586174723206570434e+02 3.772743776527423165e+02 4.186040906282476612e+02 1.692279604894101226e+02 2.864959324209290870e+01 1.466703147954131282e+03 4.067055296585111535e+01 -1.295868612635435646e+01 1.052994089570881142e+00 1.564342952875809489e+00 5.213685445709312916e-01
2.308921089310299067e+03 1.535584927633202369e+03 8.528054400460176794e+02 7.099963898994391798e+01 4.899751035291495782e+02 7.433911347771319242e+02 3.363284118123015674e+02 3.204376533050285047e+02 3.149419347512958893e+02 1.167223442317420563e+02 -3.614864487906815782e+01 4.067055296585111535e+01 4.890322508556631078e+02 1.062678174892257355e+00 -3.726121692910668859e+00 2.242201306052766796e-01 7.472870507216296254e-02
8.619542577381439514e+02 9.050377050075489933e+02 -2.848066622549681792e+00 1.811976587685633433e+02 4.128450095431890645e+02 1.446986035539788702e+02 2.399658738523740453e+02 9.256552090046862702e+01 6.419669213041611044e+01 1.449237479610955148e+01 2.110141677531638038e+01 -1.295868612635435646e+01 1.062678174892257355e+00 1.218018724374203003e+02 -2.403207870041121463e+00 2.300375234184325990e+00 -2.398317975300112981e-01
4.382428977425469157e+02 2.108119284052620515e+02 2.114789698434631191e+02 2.048495673037069480e+02 3.468033260229120884e+01 9.187589020230052483e+01 2.267126141560597219e+01 -9.594914126981109348e+00 -6.007503875611257094e+00 -6.581874301742710820e+00 9.649530649977137386e+00 1.052994089570881142e+00 -3.726121692910668859e+00 -2.403207870041121463e+00 2.931540918155949527e+01 -1.827952173572705563e-01 -6.092249544951625767e-02
9.904562190955616074e+01 6.291828326328059973e+01 5.250485408576410329e+00 1.223594064525855352e+01 8.661198726752925836e+01 7.818219359335873975e-01 5.424817978548132302e+00 8.818824040715771417e+00 9.819428074522033034e-01 2.844873765696832812e+00 8.607617366586035601e+00 1.564342952875809489e+00 2.242201306052766796e-01 2.300375234184325990e+00 -1.827952173572705563e-01 3.000638015750620724e+00 -5.894268768116008549e-03
9.266640984475978371e+01 1.264495240539597631e+02 7.420118339976542643e+01 6.207665041238522008e+01 2.954306327811347543e+01 9.360649994842319410e-01 4.843064392217598879e+00 6.307226012808766491e+00 1.143060380117870700e+01 5.318555328668447046e+00 3.204729001718213954e+00 5.213685445709312916e-01 7.472870507216296254e-02 -2.398317975300112981e-01 -6.092249544951625767e-02 -5.894268768116008549e-03 1.003838136133980985e+00
