# M_low [Msun/h] M_high[Msun/h] Number M_mean[Msun/h]
1.284196000000000026e+01 1.307329000000000008e+01 2.666940000000000000e+05 8.935982811761794922e+12
1.307329000000000008e+01 1.330462999999999951e+01 1.487110000000000000e+05 1.520176718601851953e+13
1.330462999999999951e+01 1.353595999999999933e+01 7.843500000000000000e+04 2.584668834066424609e+13
1.353595999999999933e+01 1.376730000000000054e+01 3.928000000000000000e+04 4.394938900203665625e+13
1.376730000000000054e+01 1.399863000000000035e+01 1.801200000000000000e+04 7.445680657339551562e+13
1.399863000000000035e+01 1.422996999999999979e+01 7.250000000000000000e+03 1.257887586206896562e+14
1.422996999999999979e+01 1.446129999999999960e+01 2.351000000000000000e+03 2.138500638026371875e+14
1.446129999999999960e+01 1.469264000000000081e+01 6.800000000000000000e+02 3.571195588235294375e+14
1.469264000000000081e+01 1.492397000000000062e+01 1.170000000000000000e+02 5.922647008547008750e+14
1.492397000000000062e+01 1.515531000000000006e+01 1.400000000000000000e+01 9.339007142857142500e+14
