# M_low [Msun/h] M_high[Msun/h] Number M_mean[Msun/h]
1.284196000000000026e+01 1.302973000000000070e+01 1.394800000000000000e+05 8.513069974189847656e+12
1.302973000000000070e+01 1.321749999999999936e+01 7.676200000000000000e+04 1.310984601756077148e+13
1.321749999999999936e+01 1.340526999999999980e+01 4.064400000000000000e+04 2.013770790276547656e+13
1.340526999999999980e+01 1.359304000000000023e+01 2.030400000000000000e+04 3.094912332545311328e+13
1.359304000000000023e+01 1.378081000000000067e+01 9.374000000000000000e+03 4.757510134414337500e+13
1.378081000000000067e+01 1.396857999999999933e+01 3.647000000000000000e+03 7.285664930079517188e+13
1.396857999999999933e+01 1.415634999999999977e+01 1.238000000000000000e+03 1.124748788368336094e+14
1.415634999999999977e+01 1.434412000000000020e+01 3.760000000000000000e+02 1.710879521276595625e+14
1.434412000000000020e+01 1.453187999999999924e+01 6.800000000000000000e+01 2.610179411764705938e+14
1.453187999999999924e+01 1.471964999999999968e+01 1.500000000000000000e+01 3.908900000000000000e+14
