# M_low [Msun/h] M_high[Msun/h] Number M_mean[Msun/h]
1.284196000000000026e+01 1.307732000000000028e+01 2.934300000000000000e+05 8.980506424019357422e+12
1.307732000000000028e+01 1.331267000000000067e+01 1.665820000000000000e+05 1.542552616729298438e+13
1.331267000000000067e+01 1.354803000000000068e+01 9.031200000000000000e+04 2.648521791124103125e+13
1.354803000000000068e+01 1.378337999999999930e+01 4.634500000000000000e+04 4.545202287193871875e+13
1.378337999999999930e+01 1.401873999999999931e+01 2.207500000000000000e+04 7.773508493771234375e+13
1.401873999999999931e+01 1.425408999999999970e+01 9.490000000000000000e+03 1.326649104320337188e+14
1.425408999999999970e+01 1.448944999999999972e+01 3.328000000000000000e+03 2.262270432692307812e+14
1.448944999999999972e+01 1.472480000000000011e+01 1.008000000000000000e+03 3.876909722222222500e+14
1.472480000000000011e+01 1.496016000000000012e+01 2.120000000000000000e+02 6.412259433962263750e+14
1.496016000000000012e+01 1.519551000000000052e+01 2.400000000000000000e+01 1.113337083333333375e+15
