# M_low [Msun/h] M_high[Msun/h] Number M_mean[Msun/h]
1.284196000000000026e+01 1.298783000000000065e+01 2.618500000000000000e+04 8.094195149894978516e+12
1.298783000000000065e+01 1.313369999999999926e+01 1.354500000000000000e+04 1.131822812846068750e+13
1.313369999999999926e+01 1.327957999999999927e+01 6.425000000000000000e+03 1.581212451361867773e+13
1.327957999999999927e+01 1.342544999999999966e+01 2.772000000000000000e+03 2.210803391053391016e+13
1.342544999999999966e+01 1.357132000000000005e+01 1.134000000000000000e+03 3.080895061728394922e+13
1.357132000000000005e+01 1.371719000000000044e+01 4.210000000000000000e+02 4.327931116389548438e+13
1.371719000000000044e+01 1.386307000000000045e+01 1.180000000000000000e+02 5.992507627118643750e+13
1.386307000000000045e+01 1.400894000000000084e+01 3.000000000000000000e+01 8.329953333333332812e+13
1.400894000000000084e+01 1.415480999999999945e+01 8.000000000000000000e+00 1.174925000000000000e+14
1.415480999999999945e+01 1.430067999999999984e+01 1.000000000000000000e+00 1.463600000000000000e+14
