# M_low [Msun/h] M_high[Msun/h] Number M_mean[Msun/h]
1.284196000000000026e+01 1.305854000000000070e+01 2.050300000000000000e+05 8.786606838023704102e+12
1.305854000000000070e+01 1.327513000000000076e+01 1.106820000000000000e+05 1.445379555844672070e+13
1.327513000000000076e+01 1.349170999999999943e+01 5.746600000000000000e+04 2.372742143180315234e+13
1.349170999999999943e+01 1.370828999999999986e+01 2.766400000000000000e+04 3.903997975708502344e+13
1.370828999999999986e+01 1.392487999999999992e+01 1.204600000000000000e+04 6.391472688029221094e+13
1.392487999999999992e+01 1.414146000000000036e+01 4.529000000000000000e+03 1.044088761315963750e+14
1.414146000000000036e+01 1.435804000000000080e+01 1.359000000000000000e+03 1.709290654893303750e+14
1.435804000000000080e+01 1.457461999999999946e+01 3.530000000000000000e+02 2.791929178470255000e+14
1.457461999999999946e+01 1.479120999999999952e+01 5.300000000000000000e+01 4.486366037735848750e+14
1.479120999999999952e+01 1.500778999999999996e+01 7.000000000000000000e+00 7.021285714285713750e+14
