# M_low [Msun/h] M_high[Msun/h] Number M_mean[Msun/h]
1.284196000000000026e+01 1.308660000000000068e+01 3.245590000000000000e+05 9.091943221417369141e+12
1.308660000000000068e+01 1.333122999999999969e+01 1.833760000000000000e+05 1.595752443067795117e+13
1.333122999999999969e+01 1.357587000000000010e+01 1.000150000000000000e+05 2.797172424136379688e+13
1.357587000000000010e+01 1.382049999999999912e+01 5.207800000000000000e+04 4.895307039440839062e+13
1.382049999999999912e+01 1.406513999999999953e+01 2.514400000000000000e+04 8.547180241807190625e+13
1.406513999999999953e+01 1.430977000000000032e+01 1.087600000000000000e+04 1.496414122839279062e+14
1.430977000000000032e+01 1.455441000000000074e+01 3.971000000000000000e+03 2.600161168471417812e+14
1.455441000000000074e+01 1.479904999999999937e+01 1.193000000000000000e+03 4.574208717518860000e+14
1.479904999999999937e+01 1.504368000000000016e+01 2.450000000000000000e+02 7.742383673469387500e+14
1.504368000000000016e+01 1.528832000000000058e+01 3.300000000000000000e+01 1.359006060606060500e+15
