# M_low [Msun/h] M_high[Msun/h] Number M_mean[Msun/h]
1.284196000000000026e+01 1.294450999999999929e+01 1.949000000000000000e+03 7.731236531554643555e+12
1.294450999999999929e+01 1.304706000000000010e+01 1.049000000000000000e+03 9.788293612964728516e+12
1.304706000000000010e+01 1.314960999999999913e+01 4.920000000000000000e+02 1.240133739837398438e+13
1.314960999999999913e+01 1.325216999999999956e+01 1.980000000000000000e+02 1.574778282828282812e+13
1.325216999999999956e+01 1.335472000000000037e+01 8.200000000000000000e+01 1.971239024390243750e+13
1.335472000000000037e+01 1.345726999999999940e+01 2.600000000000000000e+01 2.524984615384615234e+13
1.345726999999999940e+01 1.355982000000000021e+01 1.000000000000000000e+01 3.248610000000000000e+13
1.355982000000000021e+01 1.366236999999999924e+01 5.000000000000000000e+00 4.010640000000000000e+13
1.366236999999999924e+01 1.376492000000000004e+01 2.000000000000000000e+00 5.233100000000000000e+13
