# M_low [Msun/h] M_high[Msun/h] Number M_mean[Msun/h]
1.284196000000000026e+01 1.303947999999999929e+01 1.677960000000000000e+05 8.607320794297837891e+12
1.303947999999999929e+01 1.323700000000000010e+01 9.272600000000000000e+04 1.355814981774259570e+13
1.323700000000000010e+01 1.343451999999999913e+01 4.967200000000000000e+04 2.129378724432275781e+13
1.343451999999999913e+01 1.363203999999999994e+01 2.462000000000000000e+04 3.353779853777416797e+13
1.363203999999999994e+01 1.382956000000000074e+01 1.141700000000000000e+04 5.260999386879214844e+13
1.382956000000000074e+01 1.402707999999999977e+01 4.561000000000000000e+03 8.230333260249945312e+13
1.402707999999999977e+01 1.422460000000000058e+01 1.487000000000000000e+03 1.291795561533288438e+14
1.422460000000000058e+01 1.442211999999999961e+01 4.580000000000000000e+02 2.016612663755458438e+14
1.442211999999999961e+01 1.461964000000000041e+01 9.000000000000000000e+01 3.120983333333333125e+14
1.461964000000000041e+01 1.481715999999999944e+01 1.400000000000000000e+01 4.938464285714285625e+14
