# M_low [Msun/h] M_high[Msun/h] Number M_mean[Msun/h]
1.284196000000000026e+01 1.306797000000000075e+01 2.381880000000000000e+05 8.882668312425478516e+12
1.306797000000000075e+01 1.329399000000000086e+01 1.295060000000000000e+05 1.492605747996231836e+13
1.329399000000000086e+01 1.351999999999999957e+01 6.721700000000000000e+04 2.508838537869883984e+13
1.351999999999999957e+01 1.374601000000000006e+01 3.271900000000000000e+04 4.207319905865093750e+13
1.374601000000000006e+01 1.397203000000000017e+01 1.454600000000000000e+04 7.034174343462120312e+13
1.397203000000000017e+01 1.419804000000000066e+01 5.505000000000000000e+03 1.175414532243415000e+14
1.419804000000000066e+01 1.442404999999999937e+01 1.721000000000000000e+03 1.958215572341661875e+14
1.442404999999999937e+01 1.465005999999999986e+01 4.620000000000000000e+02 3.261876623376623125e+14
1.465005999999999986e+01 1.487607999999999997e+01 6.700000000000000000e+01 5.437137313432835625e+14
1.487607999999999997e+01 1.510209000000000046e+01 7.000000000000000000e+00 8.150014285714286250e+14
