# M_low [Msun/h] M_high[Msun/h] Number M_mean[Msun/h]
1.284196000000000026e+01 1.310148000000000046e+01 3.522430000000000000e+05 9.236524217656560547e+12
1.310148000000000046e+01 1.336101000000000028e+01 1.961390000000000000e+05 1.677529711072249805e+13
1.336101000000000028e+01 1.362054000000000009e+01 1.043290000000000000e+05 3.044326122171208203e+13
1.362054000000000009e+01 1.388006000000000029e+01 5.301100000000000000e+04 5.510599686857444531e+13
1.388006000000000029e+01 1.413959000000000010e+01 2.482200000000000000e+04 9.952227862380146875e+13
1.413959000000000010e+01 1.439911000000000030e+01 1.034200000000000000e+04 1.799059176174821250e+14
1.439911000000000030e+01 1.465864000000000011e+01 3.517000000000000000e+03 3.225135058288313750e+14
1.465864000000000011e+01 1.491816000000000031e+01 9.870000000000000000e+02 5.785491388044580000e+14
1.491816000000000031e+01 1.517769000000000013e+01 1.690000000000000000e+02 1.020739053254437875e+15
1.517769000000000013e+01 1.543721000000000032e+01 1.900000000000000000e+01 1.773200000000000000e+15
