1.832351475389883853e+06 1.068436289826046443e+06 7.490431811548505211e+05 4.880580291993882856e+05 2.949644807290880708e+05 1.838223407593269367e+05 1.152997328146130167e+05 4.891176843342329084e+04 2.074532747390329314e+04 6.988827135389374234e+03 2.410880322839159362e+03 3.153228928560617987e+02 5.228747653500060721e+01
1.068436289826046443e+06 9.180009420694890432e+05 5.166796391662990209e+05 3.427422232210080838e+05 2.091212929737928789e+05 1.307097880368556507e+05 7.848790344660895062e+04 3.533986598393930763e+04 1.444087013275121535e+04 4.625737382936671565e+03 1.705401280509816161e+03 1.875214670225423674e+02 6.540772785024265090e+01
7.490431811548505211e+05 5.166796391662990209e+05 4.750395452250707895e+05 2.416667368059829460e+05 1.478678323239760648e+05 9.146002761634564376e+04 5.709942920445562777e+04 2.593104650857158049e+04 1.078841598478922606e+04 2.965961533044414409e+03 1.187862478198362396e+03 2.746073489425652951e+02 4.309746118559672112e+01
4.880580291993882856e+05 3.427422232210080838e+05 2.416667368059829460e+05 2.283691696885234560e+05 1.002561252893933270e+05 5.949019451382863190e+04 3.742223855004358484e+04 1.597500231585149595e+04 7.466833319260053941e+03 2.204576712572256383e+03 8.097585858591161241e+02 1.546720014081631689e+02 3.326731060266241968e+01
2.949644807290880708e+05 2.091212929737928789e+05 1.478678323239760648e+05 1.002561252893933270e+05 9.809204633703522268e+04 3.759557602645832958e+04 2.058315808303092126e+04 1.006002678806036420e+04 3.840939376622695363e+03 1.652172707524448924e+03 4.564604796692159994e+02 8.466085696717269116e+01 3.878438536133479886e+01
1.838223407593269367e+05 1.307097880368556507e+05 9.146002761634564376e+04 5.949019451382863190e+04 3.759557602645832958e+04 4.364307312592255039e+04 1.486594439557226360e+04 6.952752484579309566e+03 2.828092325223571152e+03 1.004870204592536766e+03 2.591073836130339600e+02 8.638744738943680090e+01 6.269996384708101722e+00
1.152997328146130167e+05 7.848790344660895062e+04 5.709942920445562777e+04 3.742223855004358484e+04 2.058315808303092126e+04 1.486594439557226360e+04 1.802938019341876497e+04 3.935183927634904649e+03 1.593165957827078955e+03 4.069353345703639206e+02 1.705596069434213859e+02 7.455149623150560956e+01 -5.386656866412879996e-01
4.891176843342329084e+04 3.533986598393930763e+04 2.593104650857158049e+04 1.597500231585149595e+04 1.006002678806036420e+04 6.952752484579309566e+03 3.935183927634904649e+03 5.535020416717118678e+03 9.640256818811679977e+02 2.978199690825261428e+02 8.763838529685165213e+01 1.855321915638688424e+01 5.382774681937405603e-01
2.074532747390329314e+04 1.444087013275121535e+04 1.078841598478922606e+04 7.466833319260053941e+03 3.840939376622695363e+03 2.828092325223571152e+03 1.593165957827078955e+03 9.640256818811679977e+02 1.651929464197754442e+03 7.312181549587748464e+01 3.458043335647107597e+01 5.800972246970315105e+00 8.718055312654811040e-01
6.988827135389374234e+03 4.625737382936671565e+03 2.965961533044414409e+03 2.204576712572256383e+03 1.652172707524448924e+03 1.004870204592536766e+03 4.069353345703639206e+02 2.978199690825261428e+02 7.312181549587748464e+01 4.005697358953775051e+02 1.967394587374619919e+00 5.162975473812547733e+00 -4.318305342669799263e-01
2.410880322839159362e+03 1.705401280509816161e+03 1.187862478198362396e+03 8.097585858591161241e+02 4.564604796692159994e+02 2.591073836130339600e+02 1.705596069434213859e+02 8.763838529685165213e+01 3.458043335647107597e+01 1.967394587374619919e+00 7.781182071810698631e+01 -1.662366815749119375e+00 1.707296918379576756e+00
3.153228928560617987e+02 1.875214670225423674e+02 2.746073489425652951e+02 1.546720014081631689e+02 8.466085696717269116e+01 8.638744738943680090e+01 7.455149623150560956e+01 1.855321915638688424e+01 5.800972246970315105e+00 5.162975473812547733e+00 -1.662366815749119375e+00 1.081420067542501151e+01 -4.316512942519442481e-02
5.228747653500060721e+01 6.540772785024265090e+01 4.309746118559672112e+01 3.326731060266241968e+01 3.878438536133479886e+01 6.269996384708101722e+00 -5.386656866412879996e-01 5.382774681937405603e-01 8.718055312654811040e-01 -4.318305342669799263e-01 1.707296918379576756e+00 -4.316512942519442481e-02 2.001045167523060719e+00
