1.714998995370085118e+06 1.014642427504765568e+06 6.840882777137141675e+05 4.270402158490899019e+05 2.543847249137018516e+05 1.573914173626407282e+05 8.115009882986328739e+04 3.487633489804501005e+04 1.096751476378627376e+04 4.527591895745356851e+03 1.104763698615132853e+03 1.360522411520743447e+02
1.014642427504765568e+06 8.510741406445883913e+05 4.667733652374886442e+05 2.947840070057080593e+05 1.779551182716039184e+05 1.104930558199373336e+05 5.550680595757746778e+04 2.639714250254539729e+04 6.527862789243858060e+03 3.222567298654453225e+03 6.580227638670913848e+02 8.575325155443488256e+01
6.840882777137141675e+05 4.667733652374886442e+05 4.122514008165476262e+05 2.048523764981403365e+05 1.235032462773486041e+05 7.177078639209170069e+04 3.902710494656174706e+04 1.699878567630481120e+04 5.557986534425600439e+03 2.075674383549005597e+03 6.836780741150967060e+02 1.038676056289556726e+02
4.270402158490899019e+05 2.947840070057080593e+05 2.048523764981403365e+05 1.910473462101168116e+05 7.740749012604067684e+04 4.781660648430761648e+04 2.352227923409504365e+04 1.037460229703936238e+04 3.897587489866977648e+03 1.282889109792689851e+03 2.499141226786419452e+02 5.985428634379816515e+01
2.543847249137018516e+05 1.779551182716039184e+05 1.235032462773486041e+05 7.740749012604067684e+04 7.917685057822740055e+04 2.752508569352900668e+04 1.404039248351313836e+04 6.522906292119712816e+03 2.141702722603972688e+03 8.569235025000123187e+02 1.944022727066203515e+02 4.947367332590849998e+01
1.573914173626407282e+05 1.104930558199373336e+05 7.177078639209170069e+04 4.781660648430761648e+04 2.752508569352900668e+04 3.217552773997149779e+04 9.480412737679960628e+03 3.980272275926076418e+03 1.233103655119926543e+03 4.429058618689309128e+02 9.829499384550861407e+01 1.136899342850106720e+01
8.115009882986328739e+04 5.550680595757746778e+04 3.902710494656174706e+04 2.352227923409504365e+04 1.404039248351313836e+04 9.480412737679960628e+03 1.073120343137384589e+04 2.258808441069742003e+03 4.059388578263564682e+02 3.252712447057157874e+02 1.268197132104413640e+02 4.237406913739207859e+00
3.487633489804501005e+04 2.639714250254539729e+04 1.699878567630481120e+04 1.037460229703936238e+04 6.522906292119712816e+03 3.980272275926076418e+03 2.258808441069742003e+03 3.618589192875239860e+03 4.226774028779113337e+02 1.032017515617662724e+02 1.426580066440900296e+01 3.734303203704209206e+00
1.096751476378627376e+04 6.527862789243858060e+03 5.557986534425600439e+03 3.897587489866977648e+03 2.141702722603972688e+03 1.233103655119926543e+03 4.059388578263564682e+02 4.226774028779113337e+02 9.440504134907531579e+02 -1.629259457166187275e+01 6.408177197203746900e+00 1.422772543762307107e+00
4.527591895745356851e+03 3.222567298654453225e+03 2.075674383549005597e+03 1.282889109792689851e+03 8.569235025000123187e+02 4.429058618689309128e+02 3.252712447057157874e+02 1.032017515617662724e+02 -1.629259457166187275e+01 1.990412928086046236e+02 2.612810979890101581e+00 -3.146614641540744495e-02
1.104763698615132853e+03 6.580227638670913848e+02 6.836780741150967060e+02 2.499141226786419452e+02 1.944022727066203515e+02 9.829499384550861407e+01 1.268197132104413640e+02 1.426580066440900296e+01 6.408177197203746900e+00 2.612810979890101581e+00 4.030525141949804890e+01 1.782931500445952056e+00
1.360522411520743447e+02 8.575325155443488256e+01 1.038676056289556726e+02 5.985428634379816515e+01 4.947367332590849998e+01 1.136899342850106720e+01 4.237406913739207859e+00 3.734303203704209206e+00 1.422772543762307107e+00 -3.146614641540744495e-02 1.782931500445952056e+00 3.000406289350183719e+00
