1.864997922403682722e+06 1.131884375075208722e+06 8.107337892854281235e+05 5.415252947713622125e+05 3.439028535583449993e+05 2.151057428854802274e+05 1.427182475557259750e+05 7.099684771428311069e+04 2.664335090628442413e+04 1.309488318442418858e+04 4.460186840583151934e+03 8.346066076644752911e+02 3.547437394924421739e+01 5.253901447986917361e+01
1.131884375075208722e+06 9.788913021627292037e+05 5.623969364088384900e+05 3.740658066720174975e+05 2.464645188706038753e+05 1.575419496095761133e+05 9.662994758752228518e+04 5.167506876889125851e+04 1.956417213475784592e+04 8.497849809092731448e+03 3.039549143883809393e+03 3.451320115961838155e+02 4.494100436194728587e+01 6.645072590869490625e+01
8.107337892854281235e+05 5.623969364088384900e+05 5.379612339107275475e+05 2.691382006655873847e+05 1.815321204805628804e+05 1.130403670941823366e+05 7.025872701161491568e+04 3.834766490631057241e+04 1.494775451993490788e+04 7.075361139088793607e+03 2.506531577314755850e+03 3.528927661888459966e+02 1.863522275114034699e+01 5.033706212828455051e+01
5.415252947713622125e+05 3.740658066720174975e+05 2.691382006655873847e+05 2.573488418932072818e+05 1.172825273187601706e+05 7.875068272562968195e+04 4.662228811929852236e+04 2.484076369192896527e+04 9.387136599506986386e+03 4.395716499247324464e+03 1.587758625311591913e+03 3.673829067750095874e+02 6.745072207903441974e-01 3.907043860891964471e+01
3.439028535583449993e+05 2.464645188706038753e+05 1.815321204805628804e+05 1.172825273187601706e+05 1.230493934689495509e+05 5.224967637226064107e+04 3.033075639263254561e+04 1.596010162338760165e+04 6.190378253760266489e+03 2.899596738676969835e+03 1.078489987400565497e+03 7.668009849841399728e+01 7.174090172755491324e+01 6.176446934576114156e-01
2.151057428854802274e+05 1.575419496095761133e+05 1.130403670941823366e+05 7.875068272562968195e+04 5.224967637226064107e+04 5.386592508453780465e+04 1.994960791357190828e+04 1.038534258064312962e+04 4.400538049409848099e+03 1.984839457569445585e+03 6.124839289065124603e+02 1.154524990330136518e+02 2.441559277116694915e+01 1.513915770849492937e+01
1.427182475557259750e+05 9.662994758752228518e+04 7.025872701161491568e+04 4.662228811929852236e+04 3.033075639263254561e+04 1.994960791357190828e+04 2.497296906797888369e+04 7.120939395912440887e+03 2.321996989901114830e+03 1.128623128741058963e+03 4.851118676781883323e+02 5.982133953224545309e+01 8.447026474316206901e+00 2.111756618579053058e+00
7.099684771428311069e+04 5.167506876889125851e+04 3.834766490631057241e+04 2.484076369192896527e+04 1.596010162338760165e+04 1.038534258064312962e+04 7.120939395912440887e+03 9.119743505885249760e+03 1.325965510242427627e+03 6.168133240911640769e+02 1.770973609935729485e+02 7.224874291994923681e+01 1.159995557615187245e+01 3.652927187013233823e+00
2.664335090628442413e+04 1.956417213475784592e+04 1.494775451993490788e+04 9.387136599506986386e+03 6.190378253760266489e+03 4.400538049409848099e+03 2.321996989901114830e+03 1.325965510242427627e+03 2.752975731557260588e+03 2.238422800157721895e+02 5.919977328518086779e+01 2.683323057126692390e+01 2.486264988262069320e+00 -1.313720459097485749e-01
1.309488318442418858e+04 8.497849809092731448e+03 7.075361139088793607e+03 4.395716499247324464e+03 2.899596738676969835e+03 1.984839457569445585e+03 1.128623128741058963e+03 6.168133240911640769e+02 2.238422800157721895e+02 8.548359419579398946e+02 3.162340830496190591e+01 -1.599993872572446962e+00 -2.384304594421749357e+00 -1.349014441580702828e+00
4.460186840583151934e+03 3.039549143883809393e+03 2.506531577314755850e+03 1.587758625311591913e+03 1.078489987400565497e+03 6.124839289065124603e+02 4.851118676781883323e+02 1.770973609935729485e+02 5.919977328518086779e+01 3.162340830496190591e+01 1.882345732438218135e+02 1.411759299328663619e+00 6.274485774794054116e-01 6.588210063533765926e-01
8.346066076644752911e+02 3.451320115961838155e+02 3.528927661888459966e+02 3.673829067750095874e+02 7.668009849841399728e+01 1.154524990330136518e+02 5.982133953224545309e+01 7.224874291994923681e+01 2.683323057126692390e+01 -1.599993872572446962e+00 1.411759299328663619e+00 2.588029304422087762e+01 -1.960776804623144964e-01 9.548983038514714528e-01
3.547437394924421739e+01 4.494100436194728587e+01 1.863522275114034699e+01 6.745072207903441974e-01 7.174090172755491324e+01 2.441559277116694915e+01 8.447026474316206901e+00 1.159995557615187245e+01 2.486264988262069320e+00 -2.384304594421749357e+00 6.274485774794054116e-01 -1.960776804623144964e-01 3.984298466994228516e+00 -7.843107218492571461e-03
5.253901447986917361e+01 6.645072590869490625e+01 5.033706212828455051e+01 3.907043860891964471e+01 6.176446934576114156e-01 1.513915770849492937e+01 2.111756618579053058e+00 3.652927187013233823e+00 -1.313720459097485749e-01 -1.349014441580702828e+00 6.588210063533765926e-01 9.548983038514714528e-01 -7.843107218492571461e-03 1.001956947162427891e+00
