1.208973093386843102e+06 6.563824255889443448e+05 3.977858248577338527e+05 2.285737710817913176e+05 1.217197572129759501e+05 6.107217160697909276e+04 2.237485100532873912e+04 6.691243560642096782e+03 1.915042234589061309e+03 2.857599058462940320e+02
6.563824255889443448e+05 5.685996570267170900e+05 2.732705719583840109e+05 1.523115864250583982e+05 8.133071458469418576e+04 4.083941332624838105e+04 1.473782073217068501e+04 4.689515564403560347e+03 1.315275836649401754e+03 2.298122319864724545e+02
3.977858248577338527e+05 2.732705719583840109e+05 2.204722972845718323e+05 8.930638343444389466e+04 4.716253942690810800e+04 2.427641640443435608e+04 9.201219512152752941e+03 3.091866600933730751e+03 8.437096850098838559e+02 2.313845641392698553e+02
2.285737710817913176e+05 1.523115864250583982e+05 8.930638343444389466e+04 8.285001044548896607e+04 2.731080428073378425e+04 1.368183406702390494e+04 5.133938065721223211e+03 1.868422107011209391e+03 4.126303392415132407e+02 9.304242864637139121e+01
1.217197572129759501e+05 8.133071458469418576e+04 4.716253942690810800e+04 2.731080428073378425e+04 2.912265278374036279e+04 7.419457609864001824e+03 2.614237381381510659e+03 9.622899019375523721e+02 2.177887931334682605e+02 3.946968810384711190e+01
6.107217160697909276e+04 4.083941332624838105e+04 2.427641640443435608e+04 1.368183406702390494e+04 7.419457609864001824e+03 9.244979351911704725e+03 1.341179618344878008e+03 6.261301258845528537e+02 1.052791422605175882e+02 1.279894786972019993e+01
2.237485100532873912e+04 1.473782073217068501e+04 9.201219512152752941e+03 5.133938065721223211e+03 2.614237381381510659e+03 1.341179618344878008e+03 2.546053972934111243e+03 2.386535248377199139e+02 1.047627132590147880e+02 1.026317024912023479e+00
6.691243560642096782e+03 4.689515564403560347e+03 3.091866600933730751e+03 1.868422107011209391e+03 9.622899019375523721e+02 6.261301258845528537e+02 2.386535248377199139e+02 5.948791479285658852e+02 2.501274103611678346e+00 2.988695717264548524e+00
1.915042234589061309e+03 1.315275836649401754e+03 8.437096850098838559e+02 4.126303392415132407e+02 2.177887931334682605e+02 1.052791422605175882e+02 1.047627132590147880e+02 2.501274103611678346e+00 1.120829495487613343e+02 -7.543761111300957278e-01
2.857599058462940320e+02 2.298122319864724545e+02 2.313845641392698553e+02 9.304242864637139121e+01 3.946968810384711190e+01 1.279894786972019993e+01 1.026317024912023479e+00 2.988695717264548524e+00 -7.543761111300957278e-01 1.843869328194497115e+01
