# M_low [Msun/h] M_high[Msun/h] Number M_mean[Msun/h]
1.280831000000000053e+01 1.298855999999999966e+01 8.844400000000000000e+04 7.791931617746823242e+12
1.298855999999999966e+01 1.316882000000000019e+01 4.671900000000000000e+04 1.177931676619790625e+13
1.316882000000000019e+01 1.334908000000000072e+01 2.241400000000000000e+04 1.780844561434817578e+13
1.334908000000000072e+01 1.352932999999999986e+01 1.014800000000000000e+04 2.688251872290106250e+13
1.352932999999999986e+01 1.370959000000000039e+01 4.080000000000000000e+03 4.052779411764706250e+13
1.370959000000000039e+01 1.388984999999999914e+01 1.382000000000000000e+03 6.098347322720694531e+13
1.388984999999999914e+01 1.407010000000000005e+01 3.930000000000000000e+02 9.152274809160304688e+13
1.407010000000000005e+01 1.425036000000000058e+01 9.200000000000000000e+01 1.411619565217391250e+14
1.425036000000000058e+01 1.443061999999999934e+01 1.600000000000000000e+01 2.106143750000000000e+14
