# M_low [Msun/h] M_high[Msun/h] Number M_mean[Msun/h]
1.280831000000000053e+01 1.307933000000000057e+01 3.529330000000000000e+05 8.656702546942337891e+12
1.307933000000000057e+01 1.335036000000000023e+01 1.928610000000000000e+05 1.614316528484245117e+13
1.335036000000000023e+01 1.362138999999999989e+01 1.026740000000000000e+05 3.006142743050821094e+13
1.362138999999999989e+01 1.389241999999999955e+01 5.101900000000000000e+04 5.595576157901957812e+13
1.389241999999999955e+01 1.416344999999999921e+01 2.354000000000000000e+04 1.039004248088360312e+14
1.416344999999999921e+01 1.443448000000000064e+01 9.431000000000000000e+03 1.918984201039126250e+14
1.443448000000000064e+01 1.470551000000000030e+01 3.090000000000000000e+03 3.522624595469255625e+14
1.470551000000000030e+01 1.497653999999999996e+01 7.520000000000000000e+02 6.524082446808511250e+14
1.497653999999999996e+01 1.524756000000000000e+01 1.210000000000000000e+02 1.214035537190082750e+15
1.524756000000000000e+01 1.551858999999999966e+01 8.000000000000000000e+00 2.011987500000000000e+15
