# M_low [Msun/h] M_high[Msun/h] Number M_mean[Msun/h]
1.280831000000000053e+01 1.307005000000000017e+01 3.302800000000000000e+05 8.565453554559767578e+12
1.307005000000000017e+01 1.333179999999999943e+01 1.806280000000000000e+05 1.563487942068782227e+13
1.333179999999999943e+01 1.359355000000000047e+01 9.547900000000000000e+04 2.850097927292912500e+13
1.359355000000000047e+01 1.385529999999999973e+01 4.693400000000000000e+04 5.190199002855073438e+13
1.385529999999999973e+01 1.411705000000000076e+01 2.136200000000000000e+04 9.425596854227132812e+13
1.411705000000000076e+01 1.437880000000000003e+01 8.322000000000000000e+03 1.704394376351838438e+14
1.437880000000000003e+01 1.464054999999999929e+01 2.677000000000000000e+03 3.085951811729548125e+14
1.464054999999999929e+01 1.490230000000000032e+01 6.380000000000000000e+02 5.545045454545454375e+14
1.490230000000000032e+01 1.516404999999999959e+01 8.800000000000000000e+01 1.004084772727272750e+15
1.516404999999999959e+01 1.542578999999999922e+01 6.000000000000000000e+00 1.712133333333333250e+15
