# M_low [Msun/h] M_high[Msun/h] Number M_mean[Msun/h]
1.280831000000000053e+01 1.308338999999999963e+01 3.667330000000000000e+05 8.695505994824572266e+12
1.308338999999999963e+01 1.335847000000000051e+01 2.033730000000000000e+05 1.637700678064443164e+13
1.335847000000000051e+01 1.363354999999999961e+01 1.099490000000000000e+05 3.080022555912286719e+13
1.363354999999999961e+01 1.390863000000000049e+01 5.612700000000000000e+04 5.788246298572879688e+13
1.390863000000000049e+01 1.418371999999999922e+01 2.668900000000000000e+04 1.084479748210873438e+14
1.418371999999999922e+01 1.445880000000000010e+01 1.151500000000000000e+04 2.032200607902735625e+14
1.445880000000000010e+01 1.473387999999999920e+01 3.974000000000000000e+03 3.764635128334171875e+14
1.473387999999999920e+01 1.500896000000000008e+01 1.059000000000000000e+03 7.002139754485363750e+14
1.500896000000000008e+01 1.528405000000000058e+01 2.010000000000000000e+02 1.291806965174129250e+15
1.528405000000000058e+01 1.555912999999999968e+01 1.900000000000000000e+01 2.229152631578947250e+15
