# M_low [Msun/h] M_high[Msun/h] Number M_mean[Msun/h]
1.280831000000000053e+01 1.294087999999999994e+01 1.719400000000000000e+04 7.389001977433988281e+12
1.294087999999999994e+01 1.307344999999999935e+01 8.882000000000000000e+03 1.003604593560008984e+13
1.307344999999999935e+01 1.320602000000000054e+01 4.285000000000000000e+03 1.356652975495916016e+13
1.320602000000000054e+01 1.333858999999999995e+01 1.909000000000000000e+03 1.846723939235201562e+13
1.333858999999999995e+01 1.347115999999999936e+01 7.840000000000000000e+02 2.482327806122448828e+13
1.347115999999999936e+01 1.360373000000000054e+01 2.800000000000000000e+02 3.341697142857142969e+13
1.360373000000000054e+01 1.373629999999999995e+01 9.600000000000000000e+01 4.525823958333333594e+13
1.373629999999999995e+01 1.386888000000000076e+01 2.800000000000000000e+01 6.243842857142857031e+13
1.386888000000000076e+01 1.400145000000000017e+01 5.000000000000000000e+00 8.237960000000000000e+13
1.400145000000000017e+01 1.413401999999999958e+01 1.000000000000000000e+00 1.003600000000000000e+14
