# M_low [Msun/h] M_high[Msun/h] Number M_mean[Msun/h]
1.280831000000000053e+01 1.305054999999999943e+01 2.968830000000000000e+05 8.387388297746923828e+12
1.305054999999999943e+01 1.329279999999999973e+01 1.656580000000000000e+05 1.463708966666264258e+13
1.329279999999999973e+01 1.353504000000000040e+01 8.980200000000000000e+04 2.551793946682701953e+13
1.353504000000000040e+01 1.377729000000000070e+01 4.533500000000000000e+04 4.444197639792654688e+13
1.377729000000000070e+01 1.401952999999999960e+01 2.126500000000000000e+04 7.726564777803903125e+13
1.401952999999999960e+01 1.426177999999999990e+01 8.647000000000000000e+03 1.335586908754481250e+14
1.426177999999999990e+01 1.450402000000000058e+01 3.099000000000000000e+03 2.315164246531139062e+14
1.450402000000000058e+01 1.474627000000000088e+01 8.010000000000000000e+02 4.023752808988763750e+14
1.474627000000000088e+01 1.498850999999999978e+01 1.460000000000000000e+02 6.806852739726027500e+14
1.498850999999999978e+01 1.523076000000000008e+01 1.700000000000000000e+01 1.163834705882353000e+15
