# M_low [Msun/h] M_high[Msun/h] Number M_mean[Msun/h]
1.280831000000000053e+01 1.308836999999999939e+01 3.797340000000000000e+05 8.756453201451541992e+12
1.308836999999999939e+01 1.336843000000000004e+01 2.114780000000000000e+05 1.669860221867050000e+13
1.336843000000000004e+01 1.364849000000000068e+01 1.154850000000000000e+05 3.174521366411222266e+13
1.364849000000000068e+01 1.392854999999999954e+01 6.023600000000000000e+04 6.026185337671824219e+13
1.392854999999999954e+01 1.420861000000000018e+01 2.956400000000000000e+04 1.142318021918549531e+14
1.420861000000000018e+01 1.448867000000000083e+01 1.321000000000000000e+04 2.171099167297501875e+14
1.448867000000000083e+01 1.476872999999999969e+01 4.876000000000000000e+03 4.052793273174733125e+14
1.476872999999999969e+01 1.504879000000000033e+01 1.407000000000000000e+03 7.722224591329068750e+14
1.504879000000000033e+01 1.532884999999999920e+01 2.810000000000000000e+02 1.431419217081850500e+15
1.532884999999999920e+01 1.560890999999999984e+01 3.100000000000000000e+01 2.577661290322580500e+15
