# M_low [Msun/h] M_high[Msun/h] Number M_mean[Msun/h]
1.280831000000000053e+01 1.302839999999999954e+01 2.404940000000000000e+05 8.167022877909635742e+12
1.302839999999999954e+01 1.324849000000000032e+01 1.357720000000000000e+05 1.356076363314969141e+13
1.324849000000000032e+01 1.346859000000000073e+01 7.274800000000000000e+04 2.248813713091768750e+13
1.346859000000000073e+01 1.368867999999999974e+01 3.675600000000000000e+04 3.713118946566546875e+13
1.368867999999999974e+01 1.390877000000000052e+01 1.722900000000000000e+04 6.142532938649950781e+13
1.390877000000000052e+01 1.412886999999999915e+01 7.191000000000000000e+03 1.012808927826449688e+14
1.412886999999999915e+01 1.434895999999999994e+01 2.414000000000000000e+03 1.664980944490472188e+14
1.434895999999999994e+01 1.456905000000000072e+01 6.850000000000000000e+02 2.766854014598540000e+14
1.456905000000000072e+01 1.478914999999999935e+01 1.560000000000000000e+02 4.420992948717948750e+14
1.478914999999999935e+01 1.500924000000000014e+01 1.700000000000000000e+01 7.503870588235293750e+14
