# M_low [Msun/h] M_high[Msun/h] Number M_mean[Msun/h]
1.282454000000000072e+01 1.305447000000000024e+01 2.714910000000000000e+05 8.577849726141934570e+12
1.305447000000000024e+01 1.328439999999999976e+01 1.515530000000000000e+05 1.456387534393908398e+13
1.328439999999999976e+01 1.351434000000000069e+01 8.152600000000000000e+04 2.466369011113019141e+13
1.351434000000000069e+01 1.374427000000000021e+01 4.131200000000000000e+04 4.176282920216885938e+13
1.374427000000000021e+01 1.397419999999999973e+01 1.898700000000000000e+04 7.058508453152156250e+13
1.397419999999999973e+01 1.420412999999999926e+01 7.823000000000000000e+03 1.192116962801994062e+14
1.420412999999999926e+01 1.443406000000000056e+01 2.800000000000000000e+03 1.992140000000000000e+14
1.443406000000000056e+01 1.466399000000000008e+01 7.130000000000000000e+02 3.362065918653576250e+14
1.466399000000000008e+01 1.489391999999999960e+01 1.640000000000000000e+02 5.602887804878048750e+14
1.489391999999999960e+01 1.512384999999999913e+01 2.100000000000000000e+01 9.092157142857142500e+14
