# M_low [Msun/h] M_high[Msun/h] Number M_mean[Msun/h]
1.282454000000000072e+01 1.303489000000000075e+01 2.071610000000000000e+05 8.389349346643431641e+12
1.303489000000000075e+01 1.324522999999999939e+01 1.152470000000000000e+05 1.359972927711784180e+13
1.324522999999999939e+01 1.345556999999999981e+01 6.142000000000000000e+04 2.203661673721914844e+13
1.345556999999999981e+01 1.366591000000000022e+01 3.061300000000000000e+04 3.560307712409760938e+13
1.366591000000000022e+01 1.387626000000000026e+01 1.395200000000000000e+04 5.765996989678899219e+13
1.387626000000000026e+01 1.408660000000000068e+01 5.629000000000000000e+03 9.314968910996625000e+13
1.408660000000000068e+01 1.429693999999999932e+01 1.908000000000000000e+03 1.493203354297694062e+14
1.429693999999999932e+01 1.450727999999999973e+01 5.170000000000000000e+02 2.399176015473887812e+14
1.450727999999999973e+01 1.471762999999999977e+01 1.050000000000000000e+02 3.945123809523809375e+14
1.471762999999999977e+01 1.492797000000000018e+01 1.500000000000000000e+01 5.827080000000000000e+14
