# M_low [Msun/h] M_high[Msun/h] Number M_mean[Msun/h]
1.282454000000000072e+01 1.308619999999999983e+01 3.584140000000000000e+05 8.894973410636861328e+12
1.308619999999999983e+01 1.334786000000000072e+01 1.982320000000000000e+05 1.624660498809475781e+13
1.334786000000000072e+01 1.360951999999999984e+01 1.059950000000000000e+05 2.955086560686825000e+13
1.360951999999999984e+01 1.387118000000000073e+01 5.329700000000000000e+04 5.383590070735689062e+13
1.387118000000000073e+01 1.413283999999999985e+01 2.507600000000000000e+04 9.788554793427979688e+13
1.413283999999999985e+01 1.439450000000000074e+01 1.025400000000000000e+04 1.772383460113126562e+14
1.439450000000000074e+01 1.465615999999999985e+01 3.501000000000000000e+03 3.201608111968009375e+14
1.465615999999999985e+01 1.491782000000000075e+01 9.470000000000000000e+02 5.732148891235480000e+14
1.491782000000000075e+01 1.517947999999999986e+01 1.520000000000000000e+02 1.038394736842105250e+15
1.517947999999999986e+01 1.544115000000000038e+01 1.600000000000000000e+01 1.904462500000000000e+15
