# M_low [Msun/h] M_high[Msun/h] Number M_mean[Msun/h]
1.282454000000000072e+01 1.306584999999999930e+01 3.043820000000000000e+05 8.690507323034871094e+12
1.306584999999999930e+01 1.330715999999999966e+01 1.699970000000000000e+05 1.513517297364071094e+13
1.330715999999999966e+01 1.354847000000000001e+01 9.108700000000000000e+04 2.632343803177182422e+13
1.354847000000000001e+01 1.378978000000000037e+01 4.625800000000000000e+04 4.574067188378226562e+13
1.378978000000000037e+01 1.403109000000000073e+01 2.157500000000000000e+04 7.937775202780996875e+13
1.403109000000000073e+01 1.427239999999999931e+01 8.739000000000000000e+03 1.374936491589426719e+14
1.427239999999999931e+01 1.451370999999999967e+01 3.119000000000000000e+03 2.359805706957358125e+14
1.451370999999999967e+01 1.475502000000000002e+01 8.350000000000000000e+02 4.060067065868263750e+14
1.475502000000000002e+01 1.499633000000000038e+01 1.770000000000000000e+02 7.011954802259887500e+14
1.499633000000000038e+01 1.523764000000000074e+01 1.700000000000000000e+01 1.164669411764706000e+15
