# M_low [Msun/h] M_high[Msun/h] Number M_mean[Msun/h]
1.282454000000000072e+01 1.302277999999999913e+01 1.751600000000000000e+05 8.268497373829641602e+12
1.302277999999999913e+01 1.322100999999999971e+01 9.766300000000000000e+04 1.305575294635634766e+13
1.322100999999999971e+01 1.341924999999999990e+01 5.229400000000000000e+04 2.057207327800512500e+13
1.341924999999999990e+01 1.361749000000000009e+01 2.617500000000000000e+04 3.229296657115568359e+13
1.361749000000000009e+01 1.381572000000000067e+01 1.201600000000000000e+04 5.083740013315578906e+13
1.381572000000000067e+01 1.401396000000000086e+01 4.910000000000000000e+03 8.008291242362525000e+13
1.401396000000000086e+01 1.421219999999999928e+01 1.744000000000000000e+03 1.255349770642201875e+14
1.421219999999999928e+01 1.441042999999999985e+01 4.540000000000000000e+02 1.959640088105726875e+14
1.441042999999999985e+01 1.460867000000000004e+01 1.110000000000000000e+02 3.061905405405405625e+14
1.460867000000000004e+01 1.480691000000000024e+01 1.800000000000000000e+01 4.605433333333333125e+14
