# M_low [Msun/h] M_high[Msun/h] Number M_mean[Msun/h]
1.282454000000000072e+01 1.295780000000000065e+01 2.752600000000000000e+04 7.680578362275666992e+12
1.295780000000000065e+01 1.309104999999999919e+01 1.526400000000000000e+04 1.044352725366876367e+13
1.309104999999999919e+01 1.322430999999999912e+01 8.075000000000000000e+03 1.422058204334365234e+13
1.322430999999999912e+01 1.335755999999999943e+01 3.943000000000000000e+03 1.929810550342378906e+13
1.335755999999999943e+01 1.349081999999999937e+01 1.777000000000000000e+03 2.610639842431063672e+13
1.349081999999999937e+01 1.362406999999999968e+01 7.370000000000000000e+02 3.525982360922659375e+13
1.362406999999999968e+01 1.375732999999999961e+01 2.780000000000000000e+02 4.778478417266186719e+13
1.375732999999999961e+01 1.389057999999999993e+01 8.200000000000000000e+01 6.523781707317073438e+13
1.389057999999999993e+01 1.402383999999999986e+01 2.000000000000000000e+01 8.857055000000000000e+13
1.402383999999999986e+01 1.415709000000000017e+01 6.000000000000000000e+00 1.141383333333333281e+14
