# M_low [Msun/h] M_high[Msun/h] Number M_mean[Msun/h]
1.282454000000000072e+01 1.290377999999999936e+01 2.073000000000000000e+03 7.260820067534973633e+12
1.290377999999999936e+01 1.298301999999999978e+01 1.280000000000000000e+03 8.751562500000000000e+12
1.298301999999999978e+01 1.306226000000000020e+01 6.920000000000000000e+02 1.047675867052023047e+13
1.306226000000000020e+01 1.314150000000000063e+01 4.020000000000000000e+02 1.257283333333333398e+13
1.314150000000000063e+01 1.322073999999999927e+01 2.090000000000000000e+02 1.505188516746411523e+13
1.322073999999999927e+01 1.329997999999999969e+01 1.240000000000000000e+02 1.795333064516128906e+13
1.329997999999999969e+01 1.337922000000000011e+01 6.800000000000000000e+01 2.177441176470588281e+13
1.337922000000000011e+01 1.345846000000000053e+01 2.800000000000000000e+01 2.646714285714285547e+13
1.345846000000000053e+01 1.353769999999999918e+01 9.000000000000000000e+00 3.042222222222222266e+13
1.353769999999999918e+01 1.361693999999999960e+01 5.000000000000000000e+00 3.687380000000000000e+13
