# M_low [Msun/h] M_high[Msun/h] Number M_mean[Msun/h]
1.282454000000000072e+01 1.307695999999999970e+01 3.359690000000000000e+05 8.801279284695910156e+12
1.307695999999999970e+01 1.332937000000000083e+01 1.875500000000000000e+05 1.572787523327112695e+13
1.332937000000000083e+01 1.358178000000000019e+01 1.006690000000000000e+05 2.804228709930564453e+13
1.358178000000000019e+01 1.383419999999999916e+01 5.078500000000000000e+04 5.002498769321650000e+13
1.383419999999999916e+01 1.408661000000000030e+01 2.403000000000000000e+04 8.901269246774864062e+13
1.408661000000000030e+01 1.433901999999999965e+01 9.857000000000000000e+03 1.579372019884346250e+14
1.433901999999999965e+01 1.459144000000000041e+01 3.480000000000000000e+03 2.790263793103448125e+14
1.459144000000000041e+01 1.484384999999999977e+01 9.230000000000000000e+02 4.933451787648970625e+14
1.484384999999999977e+01 1.509625999999999912e+01 1.780000000000000000e+02 8.710230337078651250e+14
1.509625999999999912e+01 1.534867000000000026e+01 1.500000000000000000e+01 1.563566666666666750e+15
