# M_low [Msun/h] M_high[Msun/h] Number M_mean[Msun/h]
1.287073999999999963e+01 1.301797000000000004e+01 4.355400000000000000e+04 8.671935987509757812e+12
1.301797000000000004e+01 1.316520000000000046e+01 2.322300000000000000e+04 1.215786935365801172e+13
1.316520000000000046e+01 1.331243000000000087e+01 1.181900000000000000e+04 1.705270327438869531e+13
1.331243000000000087e+01 1.345965999999999951e+01 5.444000000000000000e+03 2.387961058045554688e+13
1.345965999999999951e+01 1.360689999999999955e+01 2.326000000000000000e+03 3.339050300945829688e+13
1.360689999999999955e+01 1.375412999999999997e+01 9.070000000000000000e+02 4.694928335170892969e+13
1.375412999999999997e+01 1.390136000000000038e+01 3.070000000000000000e+02 6.553889250814332031e+13
1.390136000000000038e+01 1.404859000000000080e+01 9.400000000000000000e+01 9.048580851063829688e+13
1.404859000000000080e+01 1.419581999999999944e+01 2.000000000000000000e+01 1.272400000000000000e+14
1.419581999999999944e+01 1.434304999999999986e+01 2.000000000000000000e+00 2.021800000000000000e+14
