# M_low [Msun/h] M_high[Msun/h] Number M_mean[Msun/h]
1.287073999999999963e+01 1.312585999999999942e+01 3.700990000000000000e+05 9.820261605678480469e+12
1.312585999999999942e+01 1.338096999999999959e+01 2.125020000000000000e+05 1.767012545764275000e+13
1.338096999999999959e+01 1.363608999999999938e+01 1.181320000000000000e+05 3.177270341651711719e+13
1.363608999999999938e+01 1.389120999999999917e+01 6.215000000000000000e+04 5.692759452936443750e+13
1.389120999999999917e+01 1.414633000000000074e+01 3.092700000000000000e+04 1.022044815210010625e+14
1.414633000000000074e+01 1.440143999999999913e+01 1.357000000000000000e+04 1.826323507737656562e+14
1.440143999999999913e+01 1.465656000000000070e+01 5.153000000000000000e+03 3.256543760915971250e+14
1.465656000000000070e+01 1.491168000000000049e+01 1.585000000000000000e+03 5.742273186119873750e+14
1.491168000000000049e+01 1.516680000000000028e+01 3.770000000000000000e+02 1.007781697612732125e+15
1.516680000000000028e+01 1.542192000000000007e+01 3.500000000000000000e+01 1.763014285714285750e+15
