# M_low [Msun/h] M_high[Msun/h] Number M_mean[Msun/h]
1.287073999999999963e+01 1.308432999999999957e+01 2.382670000000000000e+05 9.369673517524457031e+12
1.308432999999999957e+01 1.329791999999999952e+01 1.331780000000000000e+05 1.532774181921939062e+13
1.329791999999999952e+01 1.351150999999999947e+01 7.254600000000000000e+04 2.495357428390262891e+13
1.351150999999999947e+01 1.372509999999999941e+01 3.675400000000000000e+04 4.065470424987756250e+13
1.372509999999999941e+01 1.393868999999999936e+01 1.697200000000000000e+04 6.628382041008720312e+13
1.393868999999999936e+01 1.415227999999999930e+01 6.927000000000000000e+03 1.080473220730475000e+14
1.415227999999999930e+01 1.436586999999999925e+01 2.411000000000000000e+03 1.754320199087515625e+14
1.436586999999999925e+01 1.457945999999999920e+01 6.900000000000000000e+02 2.837379710144927500e+14
1.457945999999999920e+01 1.479304999999999914e+01 1.310000000000000000e+02 4.573312977099236875e+14
1.479304999999999914e+01 1.500664000000000087e+01 1.300000000000000000e+01 6.818292307692307500e+14
