# M_low [Msun/h] M_high[Msun/h] Number M_mean[Msun/h]
1.287073999999999963e+01 1.312257999999999925e+01 3.396540000000000000e+05 9.782964428506656250e+12
1.312257999999999925e+01 1.337443000000000026e+01 1.871510000000000000e+05 1.745630533633269336e+13
1.337443000000000026e+01 1.362626999999999988e+01 1.002170000000000000e+05 3.108387798477304297e+13
1.362626999999999988e+01 1.387811999999999912e+01 4.998300000000000000e+04 5.531500710241482031e+13
1.387811999999999912e+01 1.412996000000000052e+01 2.281800000000000000e+04 9.826211762643526562e+13
1.412996000000000052e+01 1.438180999999999976e+01 9.132000000000000000e+03 1.741783837056504688e+14
1.438180999999999976e+01 1.463364999999999938e+01 2.968000000000000000e+03 3.075097708894878750e+14
1.463364999999999938e+01 1.488549000000000078e+01 7.840000000000000000e+02 5.406389030612245000e+14
1.488549000000000078e+01 1.513734000000000002e+01 1.240000000000000000e+02 9.227153225806451250e+14
1.513734000000000002e+01 1.538917999999999964e+01 6.000000000000000000e+00 1.600100000000000000e+15
