# M_low [Msun/h] M_high[Msun/h] Number M_mean[Msun/h]
1.287073999999999963e+01 1.312280999999999942e+01 3.574920000000000000e+05 9.790960357154845703e+12
1.312280999999999942e+01 1.337489000000000061e+01 2.026410000000000000e+05 1.748938270142764844e+13
1.337489000000000061e+01 1.362696000000000041e+01 1.114160000000000000e+05 3.117411323328785938e+13
1.362696000000000041e+01 1.387903999999999982e+01 5.804400000000000000e+04 5.548352973606229688e+13
1.387903999999999982e+01 1.413110999999999962e+01 2.810300000000000000e+04 9.876575454577803125e+13
1.413110999999999962e+01 1.438317999999999941e+01 1.210500000000000000e+04 1.756850888062784062e+14
1.438317999999999941e+01 1.463526000000000060e+01 4.339000000000000000e+03 3.101371283705923125e+14
1.463526000000000060e+01 1.488733000000000040e+01 1.294000000000000000e+03 5.445707882534775625e+14
1.488733000000000040e+01 1.513940999999999981e+01 2.850000000000000000e+02 9.453501754385965000e+14
1.513940999999999981e+01 1.539147999999999961e+01 2.200000000000000000e+01 1.656022727272727250e+15
