# M_low [Msun/h] M_high[Msun/h] Number M_mean[Msun/h]
1.287073999999999963e+01 1.311744999999999983e+01 3.123890000000000000e+05 9.706951909318189453e+12
1.311744999999999983e+01 1.336416999999999966e+01 1.709300000000000000e+05 1.710649388638624023e+13
1.336416999999999966e+01 1.361087999999999987e+01 8.962200000000000000e+04 3.014514293365468359e+13
1.361087999999999987e+01 1.385759000000000007e+01 4.338400000000000000e+04 5.297835607597271094e+13
1.385759000000000007e+01 1.410430999999999990e+01 1.914700000000000000e+04 9.291439912257795312e+13
1.410430999999999990e+01 1.435102000000000011e+01 7.291000000000000000e+03 1.628518721711699375e+14
1.435102000000000011e+01 1.459773999999999994e+01 2.213000000000000000e+03 2.841471305919566250e+14
1.459773999999999994e+01 1.484445000000000014e+01 5.170000000000000000e+02 4.909955512572533750e+14
1.484445000000000014e+01 1.509116000000000035e+01 7.200000000000000000e+01 8.277958333333333750e+14
1.509116000000000035e+01 1.533788000000000018e+01 4.000000000000000000e+00 1.393650000000000000e+15
