# M_low [Msun/h] M_high[Msun/h] Number M_mean[Msun/h]
1.287073999999999963e+01 1.309970999999999997e+01 2.734020000000000000e+05 9.522150532914902344e+12
1.309970999999999997e+01 1.332868000000000031e+01 1.524300000000000000e+05 1.613270353604933398e+13
1.332868000000000031e+01 1.355765000000000065e+01 8.146900000000000000e+04 2.726348672501196875e+13
1.355765000000000065e+01 1.378661999999999921e+01 4.043300000000000000e+04 4.601612544208938281e+13
1.378661999999999921e+01 1.401558999999999955e+01 1.833900000000000000e+04 7.750193576530890625e+13
1.401558999999999955e+01 1.424455999999999989e+01 7.293000000000000000e+03 1.308867269984917031e+14
1.424455999999999989e+01 1.447353000000000023e+01 2.379000000000000000e+03 2.190700714585960625e+14
1.447353000000000023e+01 1.470250000000000057e+01 6.250000000000000000e+02 3.677724800000000000e+14
1.470250000000000057e+01 1.493146999999999913e+01 1.100000000000000000e+02 6.061253636363636250e+14
1.493146999999999913e+01 1.516043999999999947e+01 6.000000000000000000e+00 9.597616666666666250e+14
