# M_low [Msun/h] M_high[Msun/h] Number M_mean[Msun/h]
1.287073999999999963e+01 1.297959999999999958e+01 5.186000000000000000e+03 8.319170844581565430e+12
1.297959999999999958e+01 1.308846999999999916e+01 2.631000000000000000e+03 1.069162295705055078e+13
1.308846999999999916e+01 1.319734000000000052e+01 1.291000000000000000e+03 1.373887683965917969e+13
1.319734000000000052e+01 1.330620000000000047e+01 5.940000000000000000e+02 1.767067340067340234e+13
1.330620000000000047e+01 1.341507000000000005e+01 2.720000000000000000e+02 2.257157352941176562e+13
1.341507000000000005e+01 1.352393999999999963e+01 1.170000000000000000e+02 2.905449572649572656e+13
1.352393999999999963e+01 1.363279999999999959e+01 3.600000000000000000e+01 3.711191666666666406e+13
1.363279999999999959e+01 1.374166999999999916e+01 1.000000000000000000e+01 4.676690000000000000e+13
1.374166999999999916e+01 1.385054000000000052e+01 4.000000000000000000e+00 6.232950000000000000e+13
1.385054000000000052e+01 1.395940000000000047e+01 3.000000000000000000e+00 8.318033333333332812e+13
