# M_low [Msun/h] M_high[Msun/h] Number M_mean[Msun/h]
1.285229999999999961e+01 1.301030000000000086e+01 6.066300000000000000e+04 8.418874767156256836e+12
1.301030000000000086e+01 1.316830999999999996e+01 3.253200000000000000e+04 1.211491147178163086e+13
1.316830999999999996e+01 1.332632000000000083e+01 1.662600000000000000e+04 1.740860098640683203e+13
1.332632000000000083e+01 1.348432000000000031e+01 7.910000000000000000e+03 2.499053097345132812e+13
1.348432000000000031e+01 1.364232999999999940e+01 3.415000000000000000e+03 3.583836017569546094e+13
1.364232999999999940e+01 1.380033000000000065e+01 1.289000000000000000e+03 5.139558572536850000e+13
1.380033000000000065e+01 1.395833999999999975e+01 4.070000000000000000e+02 7.340636363636364062e+13
1.395833999999999975e+01 1.411635000000000062e+01 1.240000000000000000e+02 1.048639516129032188e+14
1.411635000000000062e+01 1.427435000000000009e+01 4.100000000000000000e+01 1.523541463414634062e+14
1.427435000000000009e+01 1.443235999999999919e+01 3.000000000000000000e+00 2.001300000000000000e+14
