# M_low [Msun/h] M_high[Msun/h] Number M_mean[Msun/h]
1.285229999999999961e+01 1.308751999999999960e+01 2.712800000000000000e+05 9.190290474786199219e+12
1.308751999999999960e+01 1.332274999999999920e+01 1.492630000000000000e+05 1.578011295498549609e+13
1.332274999999999920e+01 1.355796999999999919e+01 7.898900000000000000e+04 2.705647621820759766e+13
1.355796999999999919e+01 1.379320000000000057e+01 3.881600000000000000e+04 4.630471970321517188e+13
1.379320000000000057e+01 1.402843000000000018e+01 1.746400000000000000e+04 7.939847686669720312e+13
1.402843000000000018e+01 1.426365000000000016e+01 6.683000000000000000e+03 1.351689361065389844e+14
1.426365000000000016e+01 1.449887999999999977e+01 2.019000000000000000e+03 2.308006438831104375e+14
1.449887999999999977e+01 1.473409999999999975e+01 5.310000000000000000e+02 3.948794726930320000e+14
1.473409999999999975e+01 1.496932999999999936e+01 8.700000000000000000e+01 6.492135632183907500e+14
1.496932999999999936e+01 1.520454999999999934e+01 8.000000000000000000e+00 1.196437500000000000e+15
