# M_low [Msun/h] M_high[Msun/h] Number M_mean[Msun/h]
1.285229999999999961e+01 1.312625000000000064e+01 3.748030000000000000e+05 9.610539403366568359e+12
1.312625000000000064e+01 1.340020999999999951e+01 2.086230000000000000e+05 1.804510049227553906e+13
1.340020999999999951e+01 1.367417000000000016e+01 1.118320000000000000e+05 3.386019207382502344e+13
1.367417000000000016e+01 1.394811999999999941e+01 5.709100000000000000e+04 6.334649944824928906e+13
1.394811999999999941e+01 1.422208000000000006e+01 2.673400000000000000e+04 1.186911423655270469e+14
1.422208000000000006e+01 1.449604000000000070e+01 1.104000000000000000e+04 2.204120471014492812e+14
1.449604000000000070e+01 1.476999999999999957e+01 3.756000000000000000e+03 4.107324281150160000e+14
1.476999999999999957e+01 1.504395000000000060e+01 9.590000000000000000e+02 7.622019812304483750e+14
1.504395000000000060e+01 1.531790999999999947e+01 1.640000000000000000e+02 1.399456707317073250e+15
1.531790999999999947e+01 1.559187000000000012e+01 1.200000000000000000e+01 2.628308333333333500e+15
