# M_low [Msun/h] M_high[Msun/h] Number M_mean[Msun/h]
1.285229999999999961e+01 1.309716000000000058e+01 3.001830000000000000e+05 9.298178111352076172e+12
1.309716000000000058e+01 1.334201999999999977e+01 1.654000000000000000e+05 1.632059854897218945e+13
1.334201999999999977e+01 1.358688000000000073e+01 8.798700000000000000e+04 2.860316864991419141e+13
1.358688000000000073e+01 1.383173999999999992e+01 4.372800000000000000e+04 5.003229052323453906e+13
1.383173999999999992e+01 1.407659999999999911e+01 1.993800000000000000e+04 8.769495435851139062e+13
1.407659999999999911e+01 1.432146000000000008e+01 7.763000000000000000e+03 1.527243333762720625e+14
1.432146000000000008e+01 1.456631999999999927e+01 2.365000000000000000e+03 2.663354334038055000e+14
1.456631999999999927e+01 1.481118000000000023e+01 6.480000000000000000e+02 4.634746913580246875e+14
1.481118000000000023e+01 1.505603999999999942e+01 9.100000000000000000e+01 7.982341758241758750e+14
1.505603999999999942e+01 1.530090000000000039e+01 9.000000000000000000e+00 1.387244444444444500e+15
