# M_low [Msun/h] M_high[Msun/h] Number M_mean[Msun/h]
1.285229999999999961e+01 1.307620000000000005e+01 2.399540000000000000e+05 9.073543262458638672e+12
1.307620000000000005e+01 1.330010000000000048e+01 1.325630000000000000e+05 1.518157404403943750e+13
1.330010000000000048e+01 1.352399999999999913e+01 7.007800000000000000e+04 2.535384856873769141e+13
1.352399999999999913e+01 1.374789999999999957e+01 3.445900000000000000e+04 4.235401491627731250e+13
1.374789999999999957e+01 1.397180999999999962e+01 1.538000000000000000e+04 7.062425227568270312e+13
1.397180999999999962e+01 1.419571000000000005e+01 5.894000000000000000e+03 1.169967933491686406e+14
1.419571000000000005e+01 1.441961000000000048e+01 1.835000000000000000e+03 1.938555313351498750e+14
1.441961000000000048e+01 1.464350999999999914e+01 5.030000000000000000e+02 3.231377733598409375e+14
1.464350999999999914e+01 1.486740999999999957e+01 8.400000000000000000e+01 5.323948809523809375e+14
1.486740999999999957e+01 1.509131999999999962e+01 9.000000000000000000e+00 9.241900000000000000e+14
