# M_low [Msun/h] M_high[Msun/h] Number M_mean[Msun/h]
1.285229999999999961e+01 1.313016999999999967e+01 3.879670000000000000e+05 9.660955699840451172e+12
1.313016999999999967e+01 1.340804999999999936e+01 2.151110000000000000e+05 1.832363291509964453e+13
1.340804999999999936e+01 1.368591999999999942e+01 1.163340000000000000e+05 3.465501057300531250e+13
1.368591999999999942e+01 1.396378999999999948e+01 6.022400000000000000e+04 6.542986184909670312e+13
1.396378999999999948e+01 1.424166999999999916e+01 2.861800000000000000e+04 1.235798099098469531e+14
1.424166999999999916e+01 1.451953999999999922e+01 1.232700000000000000e+04 2.325373570211730312e+14
1.451953999999999922e+01 1.479742000000000068e+01 4.262000000000000000e+03 4.368962928202721875e+14
1.479742000000000068e+01 1.507529000000000075e+01 1.117000000000000000e+03 8.156420769919427500e+14
1.507529000000000075e+01 1.535316000000000081e+01 2.240000000000000000e+02 1.506766517857142750e+15
1.535316000000000081e+01 1.563104000000000049e+01 1.500000000000000000e+01 2.974693333333333500e+15
