# M_low [Msun/h] M_high[Msun/h] Number M_mean[Msun/h]
1.285229999999999961e+01 1.296294999999999931e+01 8.965000000000000000e+03 8.005118795315114258e+12
1.296294999999999931e+01 1.307360000000000078e+01 4.662000000000000000e+03 1.030134062634062695e+13
1.307360000000000078e+01 1.318426000000000009e+01 2.533000000000000000e+03 1.328780892222660938e+13
1.318426000000000009e+01 1.329490999999999978e+01 1.340000000000000000e+03 1.715276865671641797e+13
1.329490999999999978e+01 1.340555999999999948e+01 5.770000000000000000e+02 2.210547660311958594e+13
1.340555999999999948e+01 1.351620999999999917e+01 2.370000000000000000e+02 2.828676793248945312e+13
1.351620999999999917e+01 1.362687000000000026e+01 9.700000000000000000e+01 3.656719587628865625e+13
1.362687000000000026e+01 1.373751999999999995e+01 2.800000000000000000e+01 4.657032142857142969e+13
1.373751999999999995e+01 1.384816999999999965e+01 9.000000000000000000e+00 5.904711111111110938e+13
1.384816999999999965e+01 1.395883000000000074e+01 2.000000000000000000e+00 7.604450000000000000e+13
