# M_low [Msun/h] M_high[Msun/h] Number M_mean[Msun/h]
1.291700999999999944e+01 1.311257999999999946e+01 1.645450000000000000e+05 1.019918563310948438e+13
1.311257999999999946e+01 1.330814999999999948e+01 9.194600000000000000e+04 1.599653057229243164e+13
1.330814999999999948e+01 1.350372999999999912e+01 4.842800000000000000e+04 2.505182952011233203e+13
1.350372999999999912e+01 1.369929999999999914e+01 2.384200000000000000e+04 3.921994379666135156e+13
1.369929999999999914e+01 1.389486999999999917e+01 1.072400000000000000e+04 6.109524431182394531e+13
1.389486999999999917e+01 1.409043999999999919e+01 4.337000000000000000e+03 9.528033202674659375e+13
1.409043999999999919e+01 1.428600999999999921e+01 1.384000000000000000e+03 1.493440751445086562e+14
1.428600999999999921e+01 1.448157999999999923e+01 3.880000000000000000e+02 2.317111597938144375e+14
1.448157999999999923e+01 1.467716000000000065e+01 8.400000000000000000e+01 3.498482142857143125e+14
1.467716000000000065e+01 1.487273000000000067e+01 8.000000000000000000e+00 5.367112500000000000e+14
