# M_low [Msun/h] M_high[Msun/h] Number M_mean[Msun/h]
1.291700999999999944e+01 1.315372999999999948e+01 2.721940000000000000e+05 1.067488629433418750e+13
1.315372999999999948e+01 1.339044999999999952e+01 1.483680000000000000e+05 1.839269923433624609e+13
1.339044999999999952e+01 1.362715999999999994e+01 7.770900000000000000e+04 3.166030961664671875e+13
1.362715999999999994e+01 1.386387999999999998e+01 3.679500000000000000e+04 5.441967658649272656e+13
1.386387999999999998e+01 1.410060000000000002e+01 1.623000000000000000e+04 9.327972889710412500e+13
1.410060000000000002e+01 1.433731000000000044e+01 6.049000000000000000e+03 1.600116548189783438e+14
1.433731000000000044e+01 1.457403000000000048e+01 1.824000000000000000e+03 2.731685855263157812e+14
1.457403000000000048e+01 1.481075000000000053e+01 4.310000000000000000e+02 4.651334106728538125e+14
1.481075000000000053e+01 1.504747000000000057e+01 5.000000000000000000e+01 7.803780000000000000e+14
1.504747000000000057e+01 1.528417999999999921e+01 4.000000000000000000e+00 1.236475000000000000e+15
