# M_low [Msun/h] M_high[Msun/h] Number M_mean[Msun/h]
1.291700999999999944e+01 1.318429000000000073e+01 3.653100000000000000e+05 1.107173085872272852e+13
1.318429000000000073e+01 1.345157000000000025e+01 1.978830000000000000e+05 2.045600683232010938e+13
1.345157000000000025e+01 1.371885999999999939e+01 1.039600000000000000e+05 3.774551750673335938e+13
1.371885999999999939e+01 1.398614000000000068e+01 5.125100000000000000e+04 6.955499404889660938e+13
1.398614000000000068e+01 1.425342000000000020e+01 2.275700000000000000e+04 1.277206134376235938e+14
1.425342000000000020e+01 1.452069999999999972e+01 8.971000000000000000e+03 2.350202875933563750e+14
1.452069999999999972e+01 1.478797999999999924e+01 2.773000000000000000e+03 4.294129102055535625e+14
1.478797999999999924e+01 1.505526000000000053e+01 6.450000000000000000e+02 7.863959689922480000e+14
1.505526000000000053e+01 1.532254999999999967e+01 7.700000000000000000e+01 1.355290909090909000e+15
1.532254999999999967e+01 1.558982999999999919e+01 8.000000000000000000e+00 2.426325000000000000e+15
