# M_low [Msun/h] M_high[Msun/h] Number M_mean[Msun/h]
1.291700999999999944e+01 1.317280000000000051e+01 3.395740000000000000e+05 1.092549782963359961e+13
1.317280000000000051e+01 1.342859999999999943e+01 1.860420000000000000e+05 1.966626353189064844e+13
1.342859999999999943e+01 1.368439000000000050e+01 9.853900000000000000e+04 3.535586924973867969e+13
1.368439000000000050e+01 1.394017999999999979e+01 4.884900000000000000e+04 6.344764478290241406e+13
1.394017999999999979e+01 1.419597000000000087e+01 2.204400000000000000e+04 1.135184177100344688e+14
1.419597000000000087e+01 1.445176000000000016e+01 8.820000000000000000e+03 2.034229024943310625e+14
1.445176000000000016e+01 1.470754999999999946e+01 2.839000000000000000e+03 3.623814723494188125e+14
1.470754999999999946e+01 1.496335000000000015e+01 6.670000000000000000e+02 6.444169415292353750e+14
1.496335000000000015e+01 1.521913999999999945e+01 1.120000000000000000e+02 1.069060714285714250e+15
1.521913999999999945e+01 1.547493000000000052e+01 9.000000000000000000e+00 1.944444444444444500e+15
