# M_low [Msun/h] M_high[Msun/h] Number M_mean[Msun/h]
1.291700999999999944e+01 1.304180000000000028e+01 2.247700000000000000e+04 9.424513947590871094e+12
1.304180000000000028e+01 1.316657999999999973e+01 1.236500000000000000e+04 1.255893247068338086e+13
1.316657999999999973e+01 1.329137000000000057e+01 6.687000000000000000e+03 1.672271571706295703e+13
1.329137000000000057e+01 1.341615000000000002e+01 3.311000000000000000e+03 2.229561461794019922e+13
1.341615000000000002e+01 1.354092999999999947e+01 1.626000000000000000e+03 2.961385608856088672e+13
1.354092999999999947e+01 1.366572000000000031e+01 6.540000000000000000e+02 3.935527522935779688e+13
1.366572000000000031e+01 1.379049999999999976e+01 2.450000000000000000e+02 5.237093877551020312e+13
1.379049999999999976e+01 1.391529000000000060e+01 8.600000000000000000e+01 6.994160465116278906e+13
1.391529000000000060e+01 1.404007000000000005e+01 2.400000000000000000e+01 9.015416666666667188e+13
1.404007000000000005e+01 1.416485999999999912e+01 8.000000000000000000e+00 1.257275000000000000e+14
