# M_low [Msun/h] M_high[Msun/h] Number M_mean[Msun/h]
1.291700999999999944e+01 1.313907000000000025e+01 2.343910000000000000e+05 1.050617131203843164e+13
1.313907000000000025e+01 1.336114000000000068e+01 1.287810000000000000e+05 1.752015437059814648e+13
1.336114000000000068e+01 1.358319999999999972e+01 6.757200000000000000e+04 2.916225655596992969e+13
1.358319999999999972e+01 1.380526000000000053e+01 3.231500000000000000e+04 4.845013151787096094e+13
1.380526000000000053e+01 1.402732999999999919e+01 1.442100000000000000e+04 8.034227862145482812e+13
1.402732999999999919e+01 1.424939000000000000e+01 5.581000000000000000e+03 1.331406916323239531e+14
1.424939000000000000e+01 1.447145000000000081e+01 1.703000000000000000e+03 2.206283617146212500e+14
1.447145000000000081e+01 1.469350999999999985e+01 4.290000000000000000e+02 3.634897435897435625e+14
1.469350999999999985e+01 1.491558000000000028e+01 6.100000000000000000e+01 5.864878688524590000e+14
1.491558000000000028e+01 1.513763999999999932e+01 4.000000000000000000e+00 9.735225000000000000e+14
