# M_low [Msun/h] M_high[Msun/h] Number M_mean[Msun/h]
1.291700999999999944e+01 1.316712000000000060e+01 3.101580000000000000e+05 1.083733774398854688e+13
1.316712000000000060e+01 1.341722999999999999e+01 1.681070000000000000e+05 1.925951923477308984e+13
1.341722999999999999e+01 1.366732999999999976e+01 8.737900000000000000e+04 3.419224298744549609e+13
1.366732999999999976e+01 1.391743999999999915e+01 4.167500000000000000e+04 6.057528494301139844e+13
1.391743999999999915e+01 1.416755000000000031e+01 1.835200000000000000e+04 1.070942676547515312e+14
1.416755000000000031e+01 1.441765999999999970e+01 6.789000000000000000e+03 1.890975106790396250e+14
1.441765999999999970e+01 1.466775999999999947e+01 2.020000000000000000e+03 3.320969801980198125e+14
1.466775999999999947e+01 1.491787000000000063e+01 4.670000000000000000e+02 5.851809421841541250e+14
1.491787000000000063e+01 1.516798000000000002e+01 5.700000000000000000e+01 9.934110526315790000e+14
1.516798000000000002e+01 1.541808999999999941e+01 1.000000000000000000e+00 1.883900000000000000e+15
