# M_low [Msun/h] M_high[Msun/h] Number M_mean[Msun/h]
1.291700999999999944e+01 1.309666999999999959e+01 1.328200000000000000e+05 1.002446167745821484e+13
1.309666999999999959e+01 1.327632999999999974e+01 7.524600000000000000e+04 1.516489913085080859e+13
1.327632999999999974e+01 1.345599999999999952e+01 4.046900000000000000e+04 2.289435370283426953e+13
1.345599999999999952e+01 1.363565999999999967e+01 2.045000000000000000e+04 3.453357457212714062e+13
1.363565999999999967e+01 1.381531999999999982e+01 9.595000000000000000e+03 5.206656591974986719e+13
1.381531999999999982e+01 1.399497999999999998e+01 3.938000000000000000e+03 7.824141696292534375e+13
1.399497999999999998e+01 1.417464000000000013e+01 1.428000000000000000e+03 1.172602240896358594e+14
1.417464000000000013e+01 1.435430000000000028e+01 4.360000000000000000e+02 1.787668119266055000e+14
1.435430000000000028e+01 1.453396000000000043e+01 1.070000000000000000e+02 2.666569158878504688e+14
1.453396000000000043e+01 1.471362000000000059e+01 1.600000000000000000e+01 3.969550000000000000e+14
