# M_low [Msun/h] M_high[Msun/h] Number M_mean[Msun/h]
1.291700999999999944e+01 1.312429999999999986e+01 1.975240000000000000e+05 1.034112310402786523e+13
1.312429999999999986e+01 1.333159000000000027e+01 1.091850000000000000e+05 1.666335119292943164e+13
1.333159000000000027e+01 1.353889000000000031e+01 5.823700000000000000e+04 2.676803406768892578e+13
1.353889000000000031e+01 1.374618000000000073e+01 2.821100000000000000e+04 4.310598702633724219e+13
1.374618000000000073e+01 1.395346999999999937e+01 1.275200000000000000e+04 6.896103356336260938e+13
1.395346999999999937e+01 1.416075999999999979e+01 5.079000000000000000e+03 1.107396534750935156e+14
1.416075999999999979e+01 1.436805000000000021e+01 1.583000000000000000e+03 1.766993682880606562e+14
1.436805000000000021e+01 1.457534000000000063e+01 4.540000000000000000e+02 2.824535242290748750e+14
1.457534000000000063e+01 1.478262999999999927e+01 7.600000000000000000e+01 4.407973684210526250e+14
1.478262999999999927e+01 1.498992999999999931e+01 1.000000000000000000e+01 6.929300000000000000e+14
