# M_low [Msun/h] M_high[Msun/h] Number M_mean[Msun/h]
1.287064999999999948e+01 1.303153999999999968e+01 8.301000000000000000e+04 8.818161667269003906e+12
1.303153999999999968e+01 1.319242999999999988e+01 4.609400000000000000e+04 1.276646201240942383e+13
1.319242999999999988e+01 1.335332000000000008e+01 2.433200000000000000e+04 1.847583840210422656e+13
1.335332000000000008e+01 1.351421000000000028e+01 1.183600000000000000e+04 2.663024670496789453e+13
1.351421000000000028e+01 1.367510000000000048e+01 5.463000000000000000e+03 3.851795716639209375e+13
1.367510000000000048e+01 1.383599000000000068e+01 2.129000000000000000e+03 5.549596054485674219e+13
1.383599000000000068e+01 1.399688000000000088e+01 7.380000000000000000e+02 7.916859078590785938e+13
1.399688000000000088e+01 1.415776999999999930e+01 1.910000000000000000e+02 1.142434554973822031e+14
1.415776999999999930e+01 1.431865999999999950e+01 4.000000000000000000e+01 1.625322500000000000e+14
1.431865999999999950e+01 1.447954999999999970e+01 6.000000000000000000e+00 2.303900000000000000e+14
