# M_low [Msun/h] M_high[Msun/h] Number M_mean[Msun/h]
1.287064999999999948e+01 1.309373000000000076e+01 2.698920000000000000e+05 9.476979680761193359e+12
1.309373000000000076e+01 1.331681000000000026e+01 1.520760000000000000e+05 1.582846734527473047e+13
1.331681000000000026e+01 1.353989999999999938e+01 8.317300000000000000e+04 2.637644427879239844e+13
1.353989999999999938e+01 1.376298000000000066e+01 4.253900000000000000e+04 4.390768471285173438e+13
1.376298000000000066e+01 1.398606000000000016e+01 2.004700000000000000e+04 7.311737417069885938e+13
1.398606000000000016e+01 1.420913999999999966e+01 8.401000000000000000e+03 1.211403404356624219e+14
1.420913999999999966e+01 1.443223000000000056e+01 2.975000000000000000e+03 2.011390924369747812e+14
1.443223000000000056e+01 1.465531000000000006e+01 7.590000000000000000e+02 3.340528326745718125e+14
1.465531000000000006e+01 1.487838999999999956e+01 1.450000000000000000e+02 5.419642758620689375e+14
1.487838999999999956e+01 1.510147000000000084e+01 2.100000000000000000e+01 8.473171428571428750e+14
