# M_low [Msun/h] M_high[Msun/h] Number M_mean[Msun/h]
1.287064999999999948e+01 1.314603999999999928e+01 3.977980000000000000e+05 1.005987209588786328e+13
1.314603999999999928e+01 1.342143000000000086e+01 2.246580000000000000e+05 1.897068878027935938e+13
1.342143000000000086e+01 1.369682000000000066e+01 1.248250000000000000e+05 3.565139995994392188e+13
1.369682000000000066e+01 1.397221000000000046e+01 6.677200000000000000e+04 6.701699814293416406e+13
1.397221000000000046e+01 1.424759000000000064e+01 3.346500000000000000e+04 1.259548483490213594e+14
1.424759000000000064e+01 1.452298000000000044e+01 1.530900000000000000e+04 2.357634071461231875e+14
1.452298000000000044e+01 1.479837000000000025e+01 5.688000000000000000e+03 4.424272151898734375e+14
1.479837000000000025e+01 1.507376000000000005e+01 1.775000000000000000e+03 8.142061971830986250e+14
1.507376000000000005e+01 1.534914999999999985e+01 3.650000000000000000e+02 1.493704931506849250e+15
1.534914999999999985e+01 1.562453999999999965e+01 4.700000000000000000e+01 2.752408510638298000e+15
