# M_low [Msun/h] M_high[Msun/h] Number M_mean[Msun/h]
1.287064999999999948e+01 1.313954999999999984e+01 3.860220000000000000e+05 9.979573703053193359e+12
1.313954999999999984e+01 1.340845999999999982e+01 2.190250000000000000e+05 1.853246433055587109e+13
1.340845999999999982e+01 1.367736000000000018e+01 1.219990000000000000e+05 3.435259305404142578e+13
1.367736000000000018e+01 1.394626000000000055e+01 6.490400000000000000e+04 6.365846480956489844e+13
1.394626000000000055e+01 1.421515999999999913e+01 3.232700000000000000e+04 1.178713459337395938e+14
1.421515999999999913e+01 1.448406999999999911e+01 1.454900000000000000e+04 2.171356794281394062e+14
1.448406999999999911e+01 1.475296999999999947e+01 5.419000000000000000e+03 4.005305406901642500e+14
1.475296999999999947e+01 1.502186999999999983e+01 1.684000000000000000e+03 7.275463182897862500e+14
1.502186999999999983e+01 1.529077999999999982e+01 3.390000000000000000e+02 1.328237168141593000e+15
1.529077999999999982e+01 1.555968000000000018e+01 4.400000000000000000e+01 2.353765909090909000e+15
