# M_low [Msun/h] M_high[Msun/h] Number M_mean[Msun/h]
1.287064999999999948e+01 1.308769000000000027e+01 2.438400000000000000e+05 9.400020505249343750e+12
1.308769000000000027e+01 1.330472999999999928e+01 1.364990000000000000e+05 1.548849442120455078e+13
1.330472999999999928e+01 1.352177000000000007e+01 7.349600000000000000e+04 2.546217481223467969e+13
1.352177000000000007e+01 1.373879999999999946e+01 3.676400000000000000e+04 4.184743227069959375e+13
1.373879999999999946e+01 1.395584000000000024e+01 1.701700000000000000e+04 6.866733266733266406e+13
1.395584000000000024e+01 1.417287999999999926e+01 6.822000000000000000e+03 1.124776165347405469e+14
1.417287999999999926e+01 1.438992000000000004e+01 2.313000000000000000e+03 1.842358408992650312e+14
1.438992000000000004e+01 1.460696000000000083e+01 5.490000000000000000e+02 3.005291438979963750e+14
1.460696000000000083e+01 1.482399999999999984e+01 1.020000000000000000e+02 4.925429411764705625e+14
1.482399999999999984e+01 1.504104000000000063e+01 1.000000000000000000e+01 7.261830000000000000e+14
