# M_low [Msun/h] M_high[Msun/h] Number M_mean[Msun/h]
1.287064999999999948e+01 1.310474999999999923e+01 2.980420000000000000e+05 9.584377369632468750e+12
1.310474999999999923e+01 1.333886000000000038e+01 1.688860000000000000e+05 1.641745911443222070e+13
1.333886000000000038e+01 1.357296000000000014e+01 9.212500000000000000e+04 2.810026594301221094e+13
1.357296000000000014e+01 1.380705999999999989e+01 4.707500000000000000e+04 4.802708443972384375e+13
1.380705999999999989e+01 1.404116999999999926e+01 2.214200000000000000e+04 8.207709330683768750e+13
1.404116999999999926e+01 1.427527000000000079e+01 9.165000000000000000e+03 1.397253682487725000e+14
1.427527000000000079e+01 1.450937000000000054e+01 3.243000000000000000e+03 2.367531914893616875e+14
1.450937000000000054e+01 1.474347000000000030e+01 8.230000000000000000e+02 4.020505467800728750e+14
1.474347000000000030e+01 1.497757999999999967e+01 1.500000000000000000e+02 6.619976000000000000e+14
1.497757999999999967e+01 1.521167999999999942e+01 2.300000000000000000e+01 1.067017391304347875e+15
