# M_low [Msun/h] M_high[Msun/h] Number M_mean[Msun/h]
1.287064999999999948e+01 1.313016000000000005e+01 3.672810000000000000e+05 9.870418017811974609e+12
1.313016000000000005e+01 1.338967000000000063e+01 2.089320000000000000e+05 1.793917159650029688e+13
1.338967000000000063e+01 1.364917999999999942e+01 1.164500000000000000e+05 3.256336625161013281e+13
1.364917999999999942e+01 1.390869000000000000e+01 6.133100000000000000e+04 5.903479480197616406e+13
1.390869000000000000e+01 1.416820000000000057e+01 2.998700000000000000e+04 1.067979457765031562e+14
1.416820000000000057e+01 1.442770999999999937e+01 1.345300000000000000e+04 1.926874303129413438e+14
1.442770999999999937e+01 1.468721999999999994e+01 4.922000000000000000e+03 3.485363673303535000e+14
1.468721999999999994e+01 1.494673000000000052e+01 1.478000000000000000e+03 6.208180649526387500e+14
1.494673000000000052e+01 1.520623999999999931e+01 2.920000000000000000e+02 1.101436301369863000e+15
1.520623999999999931e+01 1.546574999999999989e+01 4.100000000000000000e+01 1.905502439024390250e+15
