1.806658167851269711e+06 1.043722269076594966e+06 7.122721483097673627e+05 4.723877071972512640e+05 2.963500956238157814e+05 1.817919907897456724e+05 1.057319426798942004e+05 4.519136946498353063e+04 1.708906949230756072e+04 9.446574424404065212e+03 1.773679295586906619e+03 3.149187611912618650e+02 9.819543066453216795e+01
1.043722269076594966e+06 8.645537594690317055e+05 4.878730412228648784e+05 3.287496230414657039e+05 2.020219093233481399e+05 1.221539901662954653e+05 7.062326873834342405e+04 3.137286283602251569e+04 1.223532267161622804e+04 6.573926709958238462e+03 1.145612973177724598e+03 3.753363917814754132e+02 4.222846975737326858e+01
7.122721483097673627e+05 4.878730412228648784e+05 4.391782370892403414e+05 2.233115823838635697e+05 1.358274823169480951e+05 8.467755367858895625e+04 5.117768020927935140e+04 2.123521615946122620e+04 8.234879190344512608e+03 4.405732934057145940e+03 8.274612716747074046e+02 1.555978290010545209e+02 3.696893723515070462e+01
4.723877071972512640e+05 3.287496230414657039e+05 2.233115823838635697e+05 2.106261399506096204e+05 8.922912693660412333e+04 5.667739280189938290e+04 3.233490083877817960e+04 1.385195097668445669e+04 5.850890224561239847e+03 3.250841157470551479e+03 3.660751858835214989e+02 9.566669839848498214e+01 1.187963809978648300e+01
2.963500956238157814e+05 2.020219093233481399e+05 1.358274823169480951e+05 8.922912693660412333e+04 9.064188425631549035e+04 3.608745457895983418e+04 2.056566290397640478e+04 8.201597322343055566e+03 3.835588186844983738e+03 1.837782170885991036e+03 3.326985573452121230e+02 8.602879855389176100e+01 2.193019504600581371e+01
1.817919907897456724e+05 1.221539901662954653e+05 8.467755367858895625e+04 5.667739280189938290e+04 3.608745457895983418e+04 4.071420304216039222e+04 1.356033865043100923e+04 5.775674933158707063e+03 2.386162426148396207e+03 1.144642056909143548e+03 1.716327686805090593e+02 5.693621457014786102e+01 1.774072040886802881e+01
1.057319426798942004e+05 7.062326873834342405e+04 5.117768020927935140e+04 3.233490083877817960e+04 2.056566290397640478e+04 1.356033865043100923e+04 1.616393959352240017e+04 3.649053059479190779e+03 1.204808731721957656e+03 9.535419284574193171e+02 1.861236176811680707e+02 4.276866212676406320e+01 1.217217351148471671e+01
4.519136946498353063e+04 3.137286283602251569e+04 2.123521615946122620e+04 1.385195097668445669e+04 8.201597322343055566e+03 5.775674933158707063e+03 3.649053059479190779e+03 4.920992760301920498e+03 5.686920467366890080e+02 3.945117367241691113e+02 4.556503001989020873e+01 2.214810996633803342e+01 3.858622471157495237e+00
1.708906949230756072e+04 1.223532267161622804e+04 8.234879190344512608e+03 5.850890224561239847e+03 3.835588186844983738e+03 2.386162426148396207e+03 1.204808731721957656e+03 5.686920467366890080e+02 1.478397364269922264e+03 1.454255017068417999e+02 2.939050988352850169e+01 3.376138273243672661e+00 3.080417300386691704e+00
9.446574424404065212e+03 6.573926709958238462e+03 4.405732934057145940e+03 3.250841157470551479e+03 1.837782170885991036e+03 1.144642056909143548e+03 9.535419284574193171e+02 3.945117367241691113e+02 1.454255017068417999e+02 4.735435672315741158e+02 7.553158778959208064e-01 3.020170714197180306e+00 5.032631086945779098e-01
1.773679295586906619e+03 1.145612973177724598e+03 8.274612716747074046e+02 3.660751858835214989e+02 3.326985573452121230e+02 1.716327686805090593e+02 1.861236176811680707e+02 4.556503001989020873e+01 2.939050988352850169e+01 7.553158778959208064e-01 1.014952918708156062e+02 -1.336455358087079437e-01 -3.576282241065864009e-01
3.149187611912618650e+02 3.753363917814754132e+02 1.555978290010545209e+02 9.566669839848498214e+01 8.602879855389176100e+01 5.693621457014786102e+01 4.276866212676406320e+01 2.214810996633803342e+01 3.376138273243672661e+00 3.020170714197180306e+00 -1.336455358087079437e-01 1.178798787674361037e+01 -4.714270802945528388e-02
9.819543066453216795e+01 4.222846975737326858e+01 3.696893723515070462e+01 1.187963809978648300e+01 2.193019504600581371e+01 1.774072040886802881e+01 1.217217351148471671e+01 3.858622471157495237e+00 3.080417300386691704e+00 5.032631086945779098e-01 -3.576282241065864009e-01 -4.714270802945528388e-02 2.003172320469575496e+00
