1.924276275738927536e+06 1.101221178795002867e+06 7.857726942022758303e+05 5.106514498246088042e+05 3.330904995363898342e+05 2.050583270732212986e+05 1.397667010090030381e+05 6.518471440999327751e+04 2.536353548244968988e+04 1.299474968389230162e+04 4.537997277456437587e+03 3.376796837159554343e+02 3.628232246328194037e+02
1.101221178795002867e+06 9.361969698957055807e+05 5.380504079068294959e+05 3.460162759344166843e+05 2.335810546179294470e+05 1.382505026105950237e+05 9.297453400963867898e+04 4.434660082261900243e+04 1.647242706510183780e+04 1.015660732338939488e+04 2.868410392113926264e+03 4.077301959881982611e+02 2.411188678448257008e+02
7.857726942022758303e+05 5.380504079068294959e+05 5.029809488662241492e+05 2.562196672543543973e+05 1.603540523100692662e+05 1.024157058025699080e+05 7.008209091934579192e+04 3.114495688707258887e+04 1.199567024235504869e+04 7.487143407826050861e+03 2.259969456758323304e+03 1.879004732023877295e+02 1.758822533153915799e+02
5.106514498246088042e+05 3.460162759344166843e+05 2.562196672543543973e+05 2.286037315468770103e+05 1.045590329497497587e+05 6.484879641107580392e+04 4.418015313735241944e+04 1.884499048414541176e+04 7.983244206529631811e+03 4.257596044482022990e+03 1.296112608447393086e+03 1.086440602828031530e+02 4.856732502572878474e+01
3.330904995363898342e+05 2.335810546179294470e+05 1.603540523100692662e+05 1.045590329497497587e+05 1.092857051437562332e+05 4.365391470850249607e+04 2.884534938543869066e+04 1.263469142154101064e+04 5.098073622282078759e+03 3.564826743328296743e+03 8.899708773236513935e+02 5.506227672668038586e+00 9.324842964421665670e+01
2.050583270732212986e+05 1.382505026105950237e+05 1.024157058025699080e+05 6.484879641107580392e+04 4.365391470850249607e+04 4.941454347799511015e+04 1.891919772555268355e+04 8.804226120236706265e+03 4.123325302643370378e+03 2.083164690430063729e+03 5.034725436072990306e+02 4.498036451044146133e+01 6.156600566030093091e+01
1.397667010090030381e+05 9.297453400963867898e+04 7.008209091934579192e+04 4.418015313735241944e+04 2.884534938543869066e+04 1.891919772555268355e+04 2.403686622540966709e+04 5.890036770527730368e+03 2.377719634179112290e+03 1.479090812873045934e+03 4.796240302207963282e+02 2.620460375983534007e+01 5.321701917209421850e+01
6.518471440999327751e+04 4.434660082261900243e+04 3.114495688707258887e+04 1.884499048414541176e+04 1.263469142154101064e+04 8.804226120236706265e+03 5.890036770527730368e+03 7.493200141622838601e+03 1.085608015698621102e+03 6.660853237497158261e+02 1.959257413208321168e+02 5.863949461576676470e+01 2.365348728154588542e+01
2.536353548244968988e+04 1.647242706510183780e+04 1.199567024235504869e+04 7.983244206529631811e+03 5.098073622282078759e+03 4.123325302643370378e+03 2.377719634179112290e+03 1.085608015698621102e+03 2.256131501298852072e+03 3.167503559170647236e+02 8.800308074241297618e+01 -5.609839593472282004e+00 1.005023010133417749e+01
1.299474968389230162e+04 1.015660732338939488e+04 7.487143407826050861e+03 4.257596044482022990e+03 3.564826743328296743e+03 2.083164690430063729e+03 1.479090812873045934e+03 6.660853237497158261e+02 3.167503559170647236e+02 8.557715146041140315e+02 5.750588304654606731e+01 1.347143638316115499e+01 8.649552295864531004e+00
4.537997277456437587e+03 2.868410392113926264e+03 2.259969456758323304e+03 1.296112608447393086e+03 8.899708773236513935e+02 5.034725436072990306e+02 4.796240302207963282e+02 1.959257413208321168e+02 8.800308074241297618e+01 5.750588304654606731e+01 1.951749125848153028e+02 5.887362631839191396e-01 -3.532016388166077658e-01
3.376796837159554343e+02 4.077301959881982611e+02 1.879004732023877295e+02 1.086440602828031530e+02 5.506227672668038586e+00 4.498036451044146133e+01 2.620460375983534007e+01 5.863949461576676470e+01 -5.609839593472282004e+00 1.347143638316115499e+01 5.887362631839191396e-01 3.126714692834250542e+01 5.787738160450576208e-01
3.628232246328194037e+02 2.411188678448257008e+02 1.758822533153915799e+02 4.856732502572878474e+01 9.324842964421665670e+01 6.156600566030093091e+01 5.321701917209421850e+01 2.365348728154588542e+01 1.005023010133417749e+01 8.649552295864531004e+00 -3.532016388166077658e-01 5.787738160450576208e-01 6.934688376804831300e+00
