1.948205424709899584e+06 1.159459894520453643e+06 8.255181294378492748e+05 5.705373366537659895e+05 4.021555003623432131e+05 2.474015064276455087e+05 1.654650006930650561e+05 9.969806229673657799e+04 4.869359625472491462e+04 2.447245698418972461e+04 8.332593449729336498e+03 3.412393170254861616e+03 3.833221112420318377e+02 2.525482298340940588e+02
1.159459894520453643e+06 9.888717838799000019e+05 5.766971532361466670e+05 4.066620513497836073e+05 2.817186335327841807e+05 1.753833947109907458e+05 1.120382090086580429e+05 7.190709621023180080e+04 3.408765711858807481e+04 1.808919037238452438e+04 5.595983810755572449e+03 2.434098071738759700e+03 3.960953028750130898e+02 1.920576755708760004e+02
8.255181294378492748e+05 5.766971532361466670e+05 5.483871959230637876e+05 2.910932071338647511e+05 1.997459312407318212e+05 1.273554154023515148e+05 8.656242326703915023e+04 5.094585773130868620e+04 2.519482885406778951e+04 1.266180218625660746e+04 4.149448440149491944e+03 1.918624917673532764e+03 2.650279277303981189e+02 1.251386310925996526e+02
5.705373366537659895e+05 4.066620513497836073e+05 2.910932071338647511e+05 2.787908260323445429e+05 1.372843208119010378e+05 9.032747162265982479e+04 5.710571071870718151e+04 3.787703995982618653e+04 1.721310723923412297e+04 8.648184141312414795e+03 2.542825269494538588e+03 1.016608692914939752e+03 1.008117730737541677e+02 8.553718290738886765e+01
4.021555003623432131e+05 2.817186335327841807e+05 1.997459312407318212e+05 1.372843208119010378e+05 1.444761650070129253e+05 6.079093417796909489e+04 4.018809816096542636e+04 2.310819384127823650e+04 1.241725921670528805e+04 5.865397793202660068e+03 1.712060746912732839e+03 9.960916774535440936e+02 6.589517122380375724e+01 6.582202225055797840e+01
2.474015064276455087e+05 1.753833947109907458e+05 1.273554154023515148e+05 9.032747162265982479e+04 6.079093417796909489e+04 6.887420307949188282e+04 2.551039884338318006e+04 1.574397842666492943e+04 7.431781339299166575e+03 4.284515586938924571e+03 1.334341395787212150e+03 3.924912407786840163e+02 7.349149946787035503e+01 5.753564002920836629e+01
1.654650006930650561e+05 1.120382090086580429e+05 8.656242326703915023e+04 5.710571071870718151e+04 4.018809816096542636e+04 2.551039884338318006e+04 3.345772650549343962e+04 1.104535096202014211e+04 5.658613286245301424e+03 2.605269402559625178e+03 8.757755601341829106e+02 4.523563630980369226e+02 7.818198087839267885e+01 2.047654276704582088e+01
9.969806229673657799e+04 7.190709621023180080e+04 5.094585773130868620e+04 3.787703995982618653e+04 2.310819384127823650e+04 1.574397842666492943e+04 1.104535096202014211e+04 1.487898247517087293e+04 3.379154140898042897e+03 1.543225870884085907e+03 6.297718774747598900e+02 2.306529466275737832e+02 6.027617510926145172e+01 1.608435972998218233e+01
4.869359625472491462e+04 3.408765711858807481e+04 2.519482885406778951e+04 1.721310723923412297e+04 1.241725921670528805e+04 7.431781339299166575e+03 5.658613286245301424e+03 3.379154140898042897e+03 5.055241309659124454e+03 6.498866212531459041e+02 2.121127593113374985e+02 1.368691107949114496e+02 4.657623054564110632e+00 1.019489020010432334e+01
2.447245698418972461e+04 1.808919037238452438e+04 1.266180218625660746e+04 8.648184141312414795e+03 5.865397793202660068e+03 4.284515586938924571e+03 2.605269402559625178e+03 1.543225870884085907e+03 6.498866212531459041e+02 1.918921635417396601e+03 1.953357358626145128e+02 5.125531211257528241e+01 1.326456328510274219e+01 1.090408566396275702e+01
8.332593449729336498e+03 5.595983810755572449e+03 4.149448440149491944e+03 2.542825269494538588e+03 1.712060746912732839e+03 1.334341395787212150e+03 8.757755601341829106e+02 6.297718774747598900e+02 2.121127593113374985e+02 1.953357358626145128e+02 5.410453874031418309e+02 3.786020264060461926e+01 -2.137726160484964222e+00 5.406379483038715961e+00
3.412393170254861616e+03 2.434098071738759700e+03 1.918624917673532764e+03 1.016608692914939752e+03 9.960916774535440936e+02 3.924912407786840163e+02 4.523563630980369226e+02 2.306529466275737832e+02 1.368691107949114496e+02 5.125531211257528241e+01 3.786020264060461926e+01 1.407954774502422310e+02 1.162776051713432013e+00 3.047902070097707306e+00
3.833221112420318377e+02 3.960953028750130898e+02 2.650279277303981189e+02 1.008117730737541677e+02 6.589517122380375724e+01 7.349149946787035503e+01 7.818198087839267885e+01 6.027617510926145172e+01 4.657623054564110632e+00 1.326456328510274219e+01 -2.137726160484964222e+00 1.162776051713432013e+00 2.133294633348016944e+01 -1.570673769527048957e-01
2.525482298340940588e+02 1.920576755708760004e+02 1.251386310925996526e+02 8.553718290738886765e+01 6.582202225055797840e+01 5.753564002920836629e+01 2.047654276704582088e+01 1.608435972998218233e+01 1.019489020010432334e+01 1.090408566396275702e+01 5.406379483038715961e+00 3.047902070097707306e+00 -1.570673769527048957e-01 3.988913583479430258e+00
