1.670530603526540101e+06 9.645463070783952717e+05 6.189460790387281450e+05 4.365684892709869891e+05 2.575202251048878825e+05 1.379472019737309893e+05 7.576740471983548196e+04 3.161837567423458313e+04 1.258385377338570288e+04 4.821320382228644121e+03 7.080124452843059544e+02 1.452837865673389786e+02
9.645463070783952717e+05 8.037375698685962707e+05 4.178852034657844342e+05 2.874457157879685401e+05 1.810219731598314829e+05 9.317273967041827564e+04 5.019599268839314027e+04 2.243462526533169876e+04 9.679362187153783452e+03 3.107920504525315664e+03 5.474412579588191647e+02 1.794053373029856857e+02
6.189460790387281450e+05 4.178852034657844342e+05 3.617165726657173946e+05 1.876339637121181586e+05 1.103460060957651440e+05 6.251101160695061844e+04 3.371759595184606587e+04 1.319262247384212969e+04 4.821574802034867389e+03 1.867493199653252759e+03 2.692010323451051477e+02 7.610075312538788239e+01
4.365684892709869891e+05 2.874457157879685401e+05 1.876339637121181586e+05 1.774472690946458897e+05 7.823088607305346522e+04 4.282182610325824498e+04 2.264015242833436059e+04 1.030949096431425824e+04 4.286810074390187765e+03 1.112106455750629038e+03 2.184830204874785125e+02 5.709135456209963877e+01
2.575202251048878825e+05 1.810219731598314829e+05 1.103460060957651440e+05 7.823088607305346522e+04 7.336647017458127812e+04 2.741779347899312779e+04 1.354197480339156755e+04 5.582609123086593172e+03 2.517202032457950281e+03 9.084166717096077264e+02 1.095001425677232874e+02 6.548014879142981215e+01
1.379472019737309893e+05 9.317273967041827564e+04 6.251101160695061844e+04 4.282182610325824498e+04 2.741779347899312779e+04 2.866472741749532361e+04 8.168992639757404504e+03 2.964798731118262367e+03 1.527072472442753224e+03 4.194393415099471554e+02 8.604889109382419576e+01 3.339996788379663428e+01
7.576740471983548196e+04 5.019599268839314027e+04 3.371759595184606587e+04 2.264015242833436059e+04 1.354197480339156755e+04 8.168992639757404504e+03 1.136886973018354001e+04 2.002180789630787785e+03 6.865586244907358378e+02 3.288006086432133657e+02 3.348767434396378917e+01 2.096388276434224807e+01
3.161837567423458313e+04 2.243462526533169876e+04 1.319262247384212969e+04 1.030949096431425824e+04 5.582609123086593172e+03 2.964798731118262367e+03 2.002180789630787785e+03 3.057850039641268268e+03 4.288141161237590495e+02 1.170292404381877418e+02 2.384854967703007134e+01 1.047066574024507091e+01
1.258385377338570288e+04 9.679362187153783452e+03 4.821574802034867389e+03 4.286810074390187765e+03 2.517202032457950281e+03 1.527072472442753224e+03 6.865586244907358378e+02 4.288141161237590495e+02 8.962660164284369557e+02 4.162719108308781557e+01 1.613495696055172957e+01 3.754287395410559558e+00
4.821320382228644121e+03 3.107920504525315664e+03 1.867493199653252759e+03 1.112106455750629038e+03 9.084166717096077264e+02 4.194393415099471554e+02 3.288006086432133657e+02 1.170292404381877418e+02 4.162719108308781557e+01 2.393255181989059963e+02 2.412760576084949538e+00 1.949143618270475553e+00
7.080124452843059544e+02 5.474412579588191647e+02 2.692010323451051477e+02 2.184830204874785125e+02 1.095001425677232874e+02 8.604889109382419576e+01 3.348767434396378917e+01 2.384854967703007134e+01 1.613495696055172957e+01 2.412760576084949538e+00 3.303501318513082907e+01 6.809673444943514786e-01
1.452837865673389786e+02 1.794053373029856857e+02 7.610075312538788239e+01 5.709135456209963877e+01 6.548014879142981215e+01 3.339996788379663428e+01 2.096388276434224807e+01 1.047066574024507091e+01 3.754287395410559558e+00 1.949143618270475553e+00 6.809673444943514786e-01 4.974014209421094179e+00
