1.637199516362146940e+06 9.360887111798641272e+05 6.228118011190043762e+05 4.052686597247919999e+05 2.282704395280352619e+05 1.298728712589142524e+05 5.633301367565243709e+04 2.119283452499119448e+04 8.517261499457785249e+03 2.830059750077456556e+03 7.428344101009964788e+02
9.360887111798641272e+05 7.586784886393481866e+05 4.135217320399166783e+05 2.648747816988970153e+05 1.530145394970118650e+05 8.197209783969511045e+04 3.444414063978004560e+04 1.496771326702988154e+04 5.304411058474781385e+03 1.922643617326696813e+03 3.714946557343536142e+02
6.228118011190043762e+05 4.135217320399166783e+05 3.465101376909358078e+05 1.794689911267088319e+05 1.023765373447526945e+05 5.584556260124298569e+04 2.545704564550474970e+04 9.892571918765595910e+03 4.327254016337126814e+03 1.145046595256572573e+03 3.967886765139419936e+02
4.052686597247919999e+05 2.648747816988970153e+05 1.794689911267088319e+05 1.643794802869074338e+05 6.856331389662051515e+04 3.705937180081054248e+04 1.678613179330617277e+04 7.010984915039360203e+03 2.505276680159696753e+03 6.364838369950914512e+02 2.189795535403064548e+02
2.282704395280352619e+05 1.530145394970118650e+05 1.023765373447526945e+05 6.856331389662051515e+04 6.310745243775796553e+04 2.202553917915371858e+04 1.029673311606501011e+04 3.931737883969586164e+03 1.817671470314500311e+03 4.243748453781938679e+02 4.508610184550573052e+01
1.298728712589142524e+05 8.197209783969511045e+04 5.584556260124298569e+04 3.705937180081054248e+04 2.202553917915371858e+04 2.408385286514543986e+04 5.602398152580502938e+03 2.207117037695153158e+03 8.443104920707008887e+02 2.995125784597859706e+02 8.905456091237141436e+01
5.633301367565243709e+04 3.444414063978004560e+04 2.545704564550474970e+04 1.678613179330617277e+04 1.029673311606501011e+04 5.602398152580502938e+03 6.921383297398656396e+03 1.100558530336548301e+03 3.368692981414802716e+02 9.507414570256929665e+01 4.816256065196022007e+01
2.119283452499119448e+04 1.496771326702988154e+04 9.892571918765595910e+03 7.010984915039360203e+03 3.931737883969586164e+03 2.207117037695153158e+03 1.100558530336548301e+03 1.959676808835821703e+03 1.913639730240026324e+02 3.822730458293375477e+01 1.962933659108296780e+01
8.517261499457785249e+03 5.304411058474781385e+03 4.327254016337126814e+03 2.505276680159696753e+03 1.817671470314500311e+03 8.443104920707008887e+02 3.368692981414802716e+02 1.913639730240026324e+02 4.602649040100185402e+02 1.537249014824550741e+01 -4.305865862952404477e+00
2.830059750077456556e+03 1.922643617326696813e+03 1.145046595256572573e+03 6.364838369950914512e+02 4.243748453781938679e+02 2.995125784597859706e+02 9.507414570256929665e+01 3.822730458293375477e+01 1.537249014824550741e+01 1.072937067489784226e+02 4.156846825801063794e+00
7.428344101009964788e+02 3.714946557343536142e+02 3.967886765139419936e+02 2.189795535403064548e+02 4.508610184550573052e+01 8.905456091237141436e+01 4.816256065196022007e+01 1.962933659108296780e+01 -4.305865862952404477e+00 4.156846825801063794e+00 2.238226722477318731e+01
