2.232156372975340579e+06 1.331041699145824416e+06 9.219396450472398428e+05 6.164419480497319018e+05 4.628712812925113831e+05 2.960095382363225217e+05 1.964924808710681100e+05 1.052581586192448594e+05 6.598823177037389542e+04 2.514859823446147857e+04 1.130117254677482742e+04 3.438980727994370227e+03 6.345802576172112595e+02 1.791511582729989698e+02
1.331041699145824416e+06 1.115085456616712501e+06 6.445958606847082265e+05 4.336439520017639734e+05 3.174894362164162449e+05 2.052572628646414960e+05 1.371446886738606263e+05 7.503378678787106765e+04 4.206513354804102710e+04 1.605480937932604138e+04 8.352211051464881166e+03 2.189212072637331403e+03 3.887294518566167767e+02 6.415116582435038595e+01
9.219396450472398428e+05 6.445958606847082265e+05 6.015928396628032206e+05 3.025285019834715058e+05 2.312876482397885702e+05 1.422874679445939837e+05 9.829212769082901650e+04 5.023051251575088827e+04 3.010298271938742619e+04 1.105008709259268471e+04 5.158124370316281784e+03 1.424894625932589861e+03 2.968297157007316400e+02 3.657348099301211874e+01
6.164419480497319018e+05 4.336439520017639734e+05 3.025285019834715058e+05 2.776497065429901704e+05 1.476098052240744291e+05 9.690704737428281805e+04 6.360232976424611115e+04 3.534592638485954376e+04 2.100319923461429062e+04 8.144788534691523637e+03 3.761388878814474992e+03 9.707648619615515599e+02 2.157872594473308254e+02 5.924153604882891244e+01
4.628712812925113831e+05 3.174894362164162449e+05 2.312876482397885702e+05 1.476098052240744291e+05 1.619360300516476273e+05 7.346630656930427358e+04 4.873349978547662613e+04 2.599631899817444355e+04 1.673008098273335781e+04 5.593042668842679632e+03 3.046988799002493579e+03 6.674178347846710722e+02 1.146336965902178093e+02 4.457203979462984478e+01
2.960095382363225217e+05 2.052572628646414960e+05 1.422874679445939837e+05 9.690704737428281805e+04 7.346630656930427358e+04 7.069144000045608846e+04 3.079150826443645565e+04 1.718656460851145312e+04 1.028584609369250211e+04 4.115433073496401448e+03 1.591187962782826162e+03 4.531130007753876043e+02 1.418427980757582532e+02 2.689767180607558927e+01
1.964924808710681100e+05 1.371446886738606263e+05 9.829212769082901650e+04 6.360232976424611115e+04 4.873349978547662613e+04 3.079150826443645565e+04 3.653541845125251712e+04 1.191032325736443818e+04 7.007419919353159457e+03 2.447561892365883068e+03 1.461722258885293741e+03 3.147220557034451076e+02 3.119873036334202254e+01 6.761701145934633672e+00
1.052581586192448594e+05 7.503378678787106765e+04 5.023051251575088827e+04 3.534592638485954376e+04 2.599631899817444355e+04 1.718656460851145312e+04 1.191032325736443818e+04 1.373570293387588572e+04 4.090817779636745399e+03 1.353440872314619583e+03 6.750232451969210388e+02 2.547117659359774393e+02 3.663648049987548205e+01 3.384984641673736694e-01
6.598823177037389542e+04 4.206513354804102710e+04 3.010298271938742619e+04 2.100319923461429062e+04 1.673008098273335781e+04 1.028584609369250211e+04 7.007419919353159457e+03 4.090817779636745399e+03 5.870616440187073749e+03 1.022483765086460039e+03 3.700065977820858052e+02 1.026604569373029818e+02 2.253589514785877412e+01 6.382959136916213971e+00
2.514859823446147857e+04 1.605480937932604138e+04 1.105008709259268471e+04 8.144788534691523637e+03 5.593042668842679632e+03 4.115433073496401448e+03 2.447561892365883068e+03 1.353440872314619583e+03 1.022483765086460039e+03 1.813799077098343105e+03 1.191365429903952560e+02 3.695962589439263724e+01 1.510410941826348896e+01 2.444757012223442771e+00
1.130117254677482742e+04 8.352211051464881166e+03 5.158124370316281784e+03 3.761388878814474992e+03 3.046988799002493579e+03 1.591187962782826162e+03 1.461722258885293741e+03 6.750232451969210388e+02 3.700065977820858052e+02 1.191365429903952560e+02 5.034862177413027666e+02 2.608075652208568940e+01 7.422844022512575357e+00 3.417945886695451518e-01
3.438980727994370227e+03 2.189212072637331403e+03 1.424894625932589861e+03 9.707648619615515599e+02 6.674178347846710722e+02 4.531130007753876043e+02 3.147220557034451076e+02 2.547117659359774393e+02 1.026604569373029818e+02 3.695962589439263724e+01 2.608075652208568940e+01 1.272411241375545927e+02 3.492185610075439151e+00 1.504187185981210151e+00
6.345802576172112595e+02 3.887294518566167767e+02 2.968297157007316400e+02 2.157872594473308254e+02 1.146336965902178093e+02 1.418427980757582532e+02 3.119873036334202254e+01 3.663648049987548205e+01 2.253589514785877412e+01 1.510410941826348896e+01 7.422844022512575357e+00 3.492185610075439151e+00 1.369035739509393679e+01 -5.496965255038196302e-02
1.791511582729989698e+02 6.415116582435038595e+01 3.657348099301211874e+01 5.924153604882891244e+01 4.457203979462984478e+01 2.689767180607558927e+01 6.761701145934633672e+00 3.384984641673736694e-01 6.382959136916213971e+00 2.444757012223442771e+00 3.417945886695451518e-01 1.504187185981210151e+00 -5.496965255038196302e-02 2.002039701535935912e+00
