2.019690097639652668e+06 1.230608133054755861e+06 8.047689015501445392e+05 5.866809317230470479e+05 3.768755084778565215e+05 2.405277012808976287e+05 1.304357481476269168e+05 7.399375713975321560e+04 3.389165743614593521e+04 1.254955884996879286e+04 4.235277704766062016e+03 1.246162496155187227e+03 1.020380530657729423e+02
1.230608133054755861e+06 1.058182088834785158e+06 5.807500528242895380e+05 4.188945272919113049e+05 2.773917147145373747e+05 1.736193323456486687e+05 9.813076339838557760e+04 5.248761425919640169e+04 2.421273671740656573e+04 8.473112136776140687e+03 3.060503357271558798e+03 6.927899590345500656e+02 5.824722324350831570e+01
8.047689015501445392e+05 5.807500528242895380e+05 5.019913154652361409e+05 2.690356497023873962e+05 1.731682620138064667e+05 1.140060292892747239e+05 6.444102028523047920e+04 3.238895354051271715e+04 1.579424208565328991e+04 5.833743743837021611e+03 1.800932935143103578e+03 5.900539475789641983e+02 8.494589813459901961e+01
5.866809317230470479e+05 4.188945272919113049e+05 2.690356497023873962e+05 2.569744441364638333e+05 1.313359123285663954e+05 8.265843917606856849e+04 4.688113505460917077e+04 2.516027522383852192e+04 1.216619168830527451e+04 4.521883161717587427e+03 1.467536538499781273e+03 3.929795992100124522e+02 5.025107406149617617e+01
3.768755084778565215e+05 2.773917147145373747e+05 1.731682620138064667e+05 1.313359123285663954e+05 1.233186199568840675e+05 5.415856682620760694e+04 2.989795355058531641e+04 1.823289201400095044e+04 7.324866816243932590e+03 2.643682302394364342e+03 6.585841657808069840e+02 1.843548534377907515e+02 5.446240834377865525e+01
2.405277012808976287e+05 1.736193323456486687e+05 1.140060292892747239e+05 8.265843917606856849e+04 5.415856682620760694e+04 5.763657484984677285e+04 1.984911736627976643e+04 1.116067535102018337e+04 5.261543045772135883e+03 2.039712275386081728e+03 6.131455539601125793e+02 1.407824423777640277e+02 4.140658098091063266e+01
1.304357481476269168e+05 9.813076339838557760e+04 6.444102028523047920e+04 4.688113505460917077e+04 2.989795355058531641e+04 1.984911736627976643e+04 2.355537408269723164e+04 6.471826642956332762e+03 3.122521517430677704e+03 1.313100071522650296e+03 2.120709528380805580e+02 9.677052220412863903e+01 9.666666181454838025e+00
7.399375713975321560e+04 5.248761425919640169e+04 3.238895354051271715e+04 2.516027522383852192e+04 1.823289201400095044e+04 1.116067535102018337e+04 6.471826642956332762e+03 8.547823040205945290e+03 1.728890261130652561e+03 5.302081757026940068e+02 8.274153787355156453e+01 4.122896480491354509e+01 1.158885931903129274e+00
3.389165743614593521e+04 2.421273671740656573e+04 1.579424208565328991e+04 1.216619168830527451e+04 7.324866816243932590e+03 5.261543045772135883e+03 3.122521517430677704e+03 1.728890261130652561e+03 2.802305907191528149e+03 2.918458892372344167e+02 5.519359742064411023e+01 4.595301682255242781e+01 1.320499089080789901e+01
1.254955884996879286e+04 8.473112136776140687e+03 5.833743743837021611e+03 4.521883161717587427e+03 2.643682302394364342e+03 2.039712275386081728e+03 1.313100071522650296e+03 5.302081757026940068e+02 2.918458892372344167e+02 7.281440018676767068e+02 2.622961139144975107e+01 7.093740865310500965e+00 1.866487099563225227e+00
4.235277704766062016e+03 3.060503357271558798e+03 1.800932935143103578e+03 1.467536538499781273e+03 6.585841657808069840e+02 6.131455539601125793e+02 2.120709528380805580e+02 8.274153787355156453e+01 5.519359742064411023e+01 2.622961139144975107e+01 1.792951232775502604e+02 1.096201474231867223e+01 3.267089204002828318e+00
1.246162496155187227e+03 6.927899590345500656e+02 5.900539475789641983e+02 3.929795992100124522e+02 1.843548534377907515e+02 1.407824423777640277e+02 9.677052220412863903e+01 4.122896480491354509e+01 4.595301682255242781e+01 7.093740865310500965e+00 1.096201474231867223e+01 2.680244595048934286e+01 7.494529902122196718e-01
1.020380530657729423e+02 5.824722324350831570e+01 8.494589813459901961e+01 5.025107406149617617e+01 5.446240834377865525e+01 4.140658098091063266e+01 9.666666181454838025e+00 1.158885931903129274e+00 1.320499089080789901e+01 1.866487099563225227e+00 3.267089204002828318e+00 7.494529902122196718e-01 4.972975295027088016e+00
