1.433655648420275422e+06 7.816340058045872720e+05 4.829252228545716498e+05 2.668368884960869327e+05 1.375552630329715030e+05 6.537135416317250929e+04 2.541679881429057787e+04 8.905374128674558960e+03 3.338596712094109989e+03 1.680379686597026989e+02
7.816340058045872720e+05 6.149530681158582447e+05 3.023729409042712650e+05 1.742589305644058913e+05 8.846690305883032852e+04 4.301188530847496440e+04 1.655772212450325242e+04 6.339021471994382409e+03 2.340179748361132170e+03 1.966559413828461089e+01
4.829252228545716498e+05 3.023729409042712650e+05 2.523171710772446822e+05 1.069419111299317447e+05 5.468331692199479585e+04 2.716317278950002583e+04 1.024496243636198960e+04 4.141375531464917003e+03 1.439405681293937732e+03 7.432918598226255824e+01
2.668368884960869327e+05 1.742589305644058913e+05 1.069419111299317447e+05 8.937198736406042008e+04 3.334444030197188113e+04 1.519882566374642556e+04 6.241514693122941026e+03 2.337277843595804825e+03 7.196252140515326801e+02 -5.501007801813127429e+00
1.375552630329715030e+05 8.846690305883032852e+04 5.468331692199479585e+04 3.334444030197188113e+04 3.157632475053813687e+04 8.026238852530714212e+03 2.982796563757523018e+03 1.302568731466472855e+03 3.746726837091150628e+02 3.888474513178275060e+01
6.537135416317250929e+04 4.301188530847496440e+04 2.716317278950002583e+04 1.519882566374642556e+04 8.026238852530714212e+03 9.471049414604951380e+03 1.541715245833289600e+03 7.913954913113825569e+02 3.000532874972879540e+02 1.246716287560966974e+00
2.541679881429057787e+04 1.655772212450325242e+04 1.024496243636198960e+04 6.241514693122941026e+03 2.982796563757523018e+03 1.541715245833289600e+03 2.737195322603787190e+03 2.121788942839799574e+02 6.600365522472507962e+01 9.082995763630700381e+00
8.905374128674558960e+03 6.339021471994382409e+03 4.141375531464917003e+03 2.337277843595804825e+03 1.302568731466472855e+03 7.913954913113825569e+02 2.121788942839799574e+02 5.664033807656149975e+02 4.636400953531315849e+01 -2.520482075438132075e+00
3.338596712094109989e+03 2.340179748361132170e+03 1.439405681293937732e+03 7.196252140515326801e+02 3.746726837091150628e+02 3.000532874972879540e+02 6.600365522472507962e+01 4.636400953531315849e+01 1.104243645554349484e+02 1.525999411572478648e+00
1.680379686597026989e+02 1.966559413828461089e+01 7.432918598226255824e+01 -5.501007801813127429e+00 3.888474513178275060e+01 1.246716287560966974e+00 9.082995763630700381e+00 -2.520482075438132075e+00 1.525999411572478648e+00 1.655948820422636203e+01
