1.068528833391370485e+06 5.181499529184543644e+05 2.887197099888540106e+05 1.774898379218908958e+05 9.030464239949887269e+04 4.242051989690621849e+04 1.434249409277660743e+04 3.788746274715598702e+03 6.682327350155320573e+02 1.449014058616517957e+02
5.181499529184543644e+05 4.079748140671725268e+05 1.743835204062799457e+05 1.078650222081203683e+05 5.344426591504474345e+04 2.509937838780225866e+04 9.160819819165983063e+03 2.614586065464337935e+03 3.612848909127174011e+02 7.479971354278082174e+01
2.887197099888540106e+05 1.743835204062799457e+05 1.450761502904834633e+05 5.807061682515582652e+04 3.145073445644037929e+04 1.437509788948463938e+04 5.007541607147732975e+03 1.159524971181932415e+03 2.288932410644783317e+02 1.907443675537162164e+01
1.774898379218908958e+05 1.078650222081203683e+05 5.807061682515582652e+04 6.065655005917640665e+04 1.867654416152031627e+04 8.835940671183725499e+03 3.599713665312633566e+03 9.084769130020534931e+02 1.363759483151506231e+02 -4.137239057717758683e-01
9.030464239949887269e+04 5.344426591504474345e+04 3.145073445644037929e+04 1.867654416152031627e+04 2.077857924870073475e+04 4.156019377989556233e+03 1.799973498876008989e+03 4.433983019366357325e+02 1.102427150631327208e+02 1.491366837596470951e+01
4.242051989690621849e+04 2.509937838780225866e+04 1.437509788948463938e+04 8.835940671183725499e+03 4.156019377989556233e+03 6.146531362854923827e+03 6.907757859383417554e+02 2.875302714067420879e+02 8.153694264344970577e+01 -3.117635119346284789e-01
1.434249409277660743e+04 9.160819819165983063e+03 5.007541607147732975e+03 3.599713665312633566e+03 1.799973498876008989e+03 6.907757859383417554e+02 1.400761302231587706e+03 5.217038844060631675e+01 7.843107218489082655e-01 3.699985830324135527e+00
3.788746274715598702e+03 2.614586065464337935e+03 1.159524971181932415e+03 9.084769130020534931e+02 4.433983019366357325e+02 2.875302714067420879e+02 5.217038844060631675e+01 3.318085332087287043e+02 8.062714220610107674e+00 -1.021564715208638008e+00
6.682327350155320573e+02 3.612848909127174011e+02 2.288932410644783317e+02 1.363759483151506231e+02 1.102427150631327208e+02 8.153694264344970577e+01 7.843107218489082655e-01 8.062714220610107674e+00 5.772526912810534583e+01 -4.705864331095545028e-01
1.449014058616517957e+02 7.479971354278082174e+01 1.907443675537162164e+01 -4.137239057717758683e-01 1.491366837596470951e+01 -3.117635119346284789e-01 3.699985830324135527e+00 -1.021564715208638008e+00 -4.705864331095545028e-01 4.970569199719668596e+00
