1.876176794705967419e+06 1.036808103989529540e+06 7.606118367296895012e+05 4.708084265064891661e+05 2.969936584364894079e+05 1.772828692611624137e+05 1.011695874051741412e+05 6.268189393426018069e+04 2.665079849152012321e+04 9.525122495171386618e+03 2.064118798437395526e+03 2.460417348831436755e+02 9.015234548655658386e+01
1.036808103989529540e+06 8.541256793615036877e+05 4.899748545043281047e+05 3.099815080068265670e+05 1.883080221660488751e+05 1.218022881734373950e+05 6.429225980916442495e+04 3.992094950909058389e+04 1.605277535764596178e+04 6.144087116790191430e+03 1.216885297359113565e+03 3.099594995679011049e+02 4.726332646272425109e+01
7.606118367296895012e+05 4.899748545043281047e+05 4.699765418079769006e+05 2.254664570981494617e+05 1.428292459951174969e+05 8.412703170855072676e+04 4.723619330844793876e+04 2.983842705982503685e+04 1.212616188579789923e+04 4.274678302119459659e+03 9.434161410338252836e+02 1.545532050313244099e+02 4.221729466238677730e+01
4.708084265064891661e+05 3.099815080068265670e+05 2.254664570981494617e+05 2.044584788278898632e+05 8.523910038329652161e+04 5.539647776348308253e+04 3.024709862832655926e+04 2.048695291245461704e+04 7.760276249709013427e+03 2.850858775679331757e+03 6.732361634243280832e+02 7.645791542732109036e+00 3.002981750589555521e+00
2.969936584364894079e+05 1.883080221660488751e+05 1.428292459951174969e+05 8.523910038329652161e+04 9.292335888170753606e+04 3.445768658617740584e+04 1.664125911802791234e+04 1.175697859008509295e+04 4.257992039037409995e+03 1.538217383990596772e+03 3.222073324074825109e+02 1.092298233155517551e+02 2.088436220342361693e+01
1.772828692611624137e+05 1.218022881734373950e+05 8.412703170855072676e+04 5.539647776348308253e+04 3.445768658617740584e+04 4.072086028256764257e+04 1.260027818119610311e+04 6.238910652914300954e+03 3.010672521880835120e+03 1.165407560611484996e+03 2.711781842102175233e+02 3.325925496331828413e+01 1.277208666472981369e+00
1.011695874051741412e+05 6.429225980916442495e+04 4.723619330844793876e+04 3.024709862832655926e+04 1.664125911802791234e+04 1.260027818119610311e+04 1.695354816535010104e+04 4.165593568000356754e+03 2.014345854970075379e+03 6.550814798668110370e+02 1.159523802209001815e+02 2.081660319358356404e+01 2.075541971467949942e+00
6.268189393426018069e+04 3.992094950909058389e+04 2.983842705982503685e+04 2.048695291245461704e+04 1.175697859008509295e+04 6.238910652914300954e+03 4.165593568000356754e+03 6.568480621273522956e+03 1.162413456810768594e+03 3.854646041762241566e+02 1.304261319520100244e+02 -9.452423766901649760e-01 5.229330514364794347e+00
2.665079849152012321e+04 1.605277535764596178e+04 1.212616188579789923e+04 7.760276249709013427e+03 4.257992039037409995e+03 3.010672521880835120e+03 2.014345854970075379e+03 1.162413456810768594e+03 2.001544418267609672e+03 1.616952381943100363e+02 8.647180808996866119e+01 9.153371132616378247e+00 1.015096060232848263e+00
9.525122495171386618e+03 6.144087116790191430e+03 4.274678302119459659e+03 2.850858775679331757e+03 1.538217383990596772e+03 1.165407560611484996e+03 6.550814798668110370e+02 3.854646041762241566e+02 1.616952381943100363e+02 4.529188677636134912e+02 1.923024927119456606e+01 -2.831613756217335465e-01 1.572814786385035024e-01
2.064118798437395526e+03 1.216885297359113565e+03 9.434161410338252836e+02 6.732361634243280832e+02 3.222073324074825109e+02 2.711781842102175233e+02 1.159523802209001815e+02 1.304261319520100244e+02 8.647180808996866119e+01 1.923024927119456606e+01 1.190708300139303049e+02 7.920991231427210177e-01 -2.024080524223731969e-01
2.460417348831436755e+02 3.099594995679011049e+02 1.545532050313244099e+02 7.645791542732109036e+00 1.092298233155517551e+02 3.325925496331828413e+01 2.081660319358356404e+01 -9.452423766901649760e-01 9.153371132616378247e+00 -2.831613756217335465e-01 7.920991231427210177e-01 1.082811097009702017e+01 -2.160881976069970248e-02
9.015234548655658386e+01 4.726332646272425109e+01 4.221729466238677730e+01 3.002981750589555521e+00 2.088436220342361693e+01 1.277208666472981369e+00 2.075541971467949942e+00 5.229330514364794347e+00 1.015096060232848263e+00 1.572814786385035024e-01 -2.024080524223731969e-01 -2.160881976069970248e-02 1.003633934382277548e+00
