1.711722786063813604e+06 9.867882406156312209e+05 6.430867827980605653e+05 4.084786379410384106e+05 2.546115676900628023e+05 1.445115891118620348e+05 8.375734086160983134e+04 3.972289901709386322e+04 1.743371111396618289e+04 4.062797295830926032e+03 5.192139047309852913e+02 9.952446345952017737e+01
9.867882406156312209e+05 8.588628108225923497e+05 4.306225988785383524e+05 2.829551094969977275e+05 1.651196820864595065e+05 9.968199931692348036e+04 5.373926309275659878e+04 2.461872045467521821e+04 1.268558891165060777e+04 3.362179339133651411e+03 4.763302184066711220e+02 6.355076705247901714e+01
6.430867827980605653e+05 4.306225988785383524e+05 3.814879510469011730e+05 1.802051902371161268e+05 1.128265002973133378e+05 6.519343389276474045e+04 3.730773533863532066e+04 1.707501142992699533e+04 8.023979394062487700e+03 2.056809870054781186e+03 1.691468161326135942e+02 1.870202076844536521e+01
4.084786379410384106e+05 2.829551094969977275e+05 1.802051902371161268e+05 1.748936463657740678e+05 7.212534088338383299e+04 4.133755767309218936e+04 2.200437945977443815e+04 1.100588307107068613e+04 5.166199584762727682e+03 1.486386268932727717e+03 8.764651941081935149e+01 3.932907335848189234e+01
2.546115676900628023e+05 1.651196820864595065e+05 1.128265002973133378e+05 7.212534088338383299e+04 7.284984271629228897e+04 2.482311923100398781e+04 1.405505988703291769e+04 6.795490631028627831e+03 3.080854941047228294e+03 6.660847543779511852e+02 1.187806913850309201e+02 2.241239120228975779e+01
1.445115891118620348e+05 9.968199931692348036e+04 6.519343389276474045e+04 4.133755767309218936e+04 2.482311923100398781e+04 3.086437857600849748e+04 8.887186894909762486e+03 3.975346075355333596e+03 1.956139570618747257e+03 6.037483867531660735e+02 9.129453496296645199e+01 -1.666459049772137746e+01
8.375734086160983134e+04 5.373926309275659878e+04 3.730773533863532066e+04 2.200437945977443815e+04 1.405505988703291769e+04 8.887186894909762486e+03 1.181607389049232552e+04 2.269608209412930591e+03 1.125301430300589118e+03 3.356301199091382159e+02 5.621107968450252912e+01 -2.570871292624648419e+00
3.972289901709386322e+04 2.461872045467521821e+04 1.707501142992699533e+04 1.100588307107068613e+04 6.795490631028627831e+03 3.975346075355333596e+03 2.269608209412930591e+03 3.791908739782078101e+03 4.500397526134020723e+02 1.061854561238314858e+02 3.087725675404207237e+01 1.151654960589938170e+01
1.743371111396618289e+04 1.268558891165060777e+04 8.023979394062487700e+03 5.166199584762727682e+03 3.080854941047228294e+03 1.956139570618747257e+03 1.125301430300589118e+03 4.500397526134020723e+02 1.078474602151892213e+03 1.042222509040641114e+02 1.773460266133065133e+01 -1.574138027784849347e-02
4.062797295830926032e+03 3.362179339133651411e+03 2.056809870054781186e+03 1.486386268932727717e+03 6.660847543779511852e+02 6.037483867531660735e+02 3.356301199091382159e+02 1.061854561238314858e+02 1.042222509040641114e+02 2.399322982779458187e+02 -1.146809211541286455e+00 -1.769788135637176074e+00
5.192139047309852913e+02 4.763302184066711220e+02 1.691468161326135942e+02 8.764651941081935149e+01 1.187806913850309201e+02 9.129453496296645199e+01 5.621107968450252912e+01 3.087725675404207237e+01 1.773460266133065133e+01 -1.146809211541286455e+00 4.029728958556544427e+01 -3.066257785678310754e-01
9.952446345952017737e+01 6.355076705247901714e+01 1.870202076844536521e+01 3.932907335848189234e+01 2.241239120228975779e+01 -1.666459049772137746e+01 -2.570871292624648419e+00 1.151654960589938170e+01 -1.574138027784849347e-02 -1.769788135637176074e+00 -3.066257785678310754e-01 3.992674638859648351e+00
