1.921559581634467700e+06 1.080588398045288399e+06 7.846849515661678743e+05 4.979453586513298214e+05 3.509247902417777805e+05 2.016148744297623925e+05 1.217863109171040705e+05 8.199203617900678364e+04 3.726876580368497525e+04 1.690103819573539295e+04 5.256410231037353697e+03 1.036442921191041933e+03 9.636837652078067151e+01
1.080588398045288399e+06 9.158707916505201720e+05 5.273734516887994250e+05 3.447883060777865467e+05 2.259275090671911021e+05 1.388423072312985605e+05 8.481457585570173978e+04 5.150360081713445106e+04 2.559061084310854494e+04 1.099619744569803152e+04 2.972023428468012753e+03 9.504873610136473872e+02 3.947835105929586064e+01
7.846849515661678743e+05 5.273734516887994250e+05 5.051565180621737964e+05 2.501049070564142312e+05 1.687123877023533278e+05 9.922391724089010677e+04 6.103446605121122411e+04 3.752125243080114888e+04 1.815506314350394678e+04 8.074253288875053840e+03 2.140105106389159118e+03 4.757421337980147769e+02 6.967382984326016526e+01
4.979453586513298214e+05 3.447883060777865467e+05 2.501049070564142312e+05 2.276309930319481937e+05 1.068767766634566360e+05 6.418808845362076681e+04 3.875484738360245683e+04 2.565554300605944081e+04 1.321638502164151214e+04 5.049933965740933672e+03 1.721030454392508545e+03 4.447586612158489174e+02 8.851498411171229819e+00
3.509247902417777805e+05 2.259275090671911021e+05 1.687123877023533278e+05 1.068767766634566360e+05 1.149594478834619367e+05 4.352605210660733428e+04 2.506247470743947997e+04 1.673601073074851956e+04 8.547003816378961346e+03 3.871779958975339468e+03 9.061164557287404477e+02 1.753497159753902963e+02 8.053927564237660874e+00
2.016148744297623925e+05 1.388423072312985605e+05 9.922391724089010677e+04 6.418808845362076681e+04 4.352605210660733428e+04 4.944482880563692015e+04 1.620793598698659662e+04 8.806976832317581284e+03 4.683046443229230135e+03 2.293405725493289083e+03 5.253929624554854172e+02 1.582719366467434270e+02 -4.256139490895661126e+00
1.217863109171040705e+05 8.481457585570173978e+04 6.103446605121122411e+04 3.875484738360245683e+04 2.506247470743947997e+04 1.620793598698659662e+04 2.353582512205193416e+04 5.947963826470852837e+03 2.782485643168678052e+03 1.516833686927583585e+03 3.642245831871082373e+02 4.469171068465541907e+01 -9.181773617432501311e+00
8.199203617900678364e+04 5.150360081713445106e+04 3.752125243080114888e+04 2.565554300605944081e+04 1.673601073074851956e+04 8.806976832317581284e+03 5.947963826470852837e+03 1.000317341030965326e+04 2.290444788014464393e+03 8.574051675665931498e+02 2.529629344503135258e+02 8.217171528970210659e+01 1.600920374634054566e+00
3.726876580368497525e+04 2.559061084310854494e+04 1.815506314350394678e+04 1.321638502164151214e+04 8.547003816378961346e+03 4.683046443229230135e+03 2.782485643168678052e+03 2.290444788014464393e+03 3.308732519954174222e+03 3.259180905022144543e+02 1.239930670779169901e+02 4.294030733931076327e+01 4.075960055001262461e+00
1.690103819573539295e+04 1.099619744569803152e+04 8.074253288875053840e+03 5.049933965740933672e+03 3.871779958975339468e+03 2.293405725493289083e+03 1.516833686927583585e+03 8.574051675665931498e+02 3.259180905022144543e+02 8.827367630228849293e+02 7.722639609011179118e+01 1.735844996655646000e+01 -5.201201482182545854e-01
5.256410231037353697e+03 2.972023428468012753e+03 2.140105106389159118e+03 1.721030454392508545e+03 9.061164557287404477e+02 5.253929624554854172e+02 3.642245831871082373e+02 2.529629344503135258e+02 1.239930670779169901e+02 7.722639609011179118e+01 2.249838134158194691e+02 1.774107322426912825e+00 8.320009099050391654e-01
1.036442921191041933e+03 9.504873610136473872e+02 4.757421337980147769e+02 4.447586612158489174e+02 1.753497159753902963e+02 1.582719366467434270e+02 4.469171068465541907e+01 8.217171528970210659e+01 4.294030733931076327e+01 1.735844996655646000e+01 1.774107322426912825e+00 4.021565297365388858e+01 -2.295511910444873460e-01
9.636837652078067151e+01 3.947835105929586064e+01 6.967382984326016526e+01 8.851498411171229819e+00 8.053927564237660874e+00 -4.256139490895661126e+00 -9.181773617432501311e+00 1.600920374634054566e+00 4.075960055001262461e+00 -5.201201482182545854e-01 8.320009099050391654e-01 -2.295511910444873460e-01 2.995568206332926309e+00
