# M_low [Msun/h] M_high[Msun/h] Number M_mean[Msun/h]
1.282709999999999972e+01 1.307407000000000075e+01 3.407270000000000000e+05 8.803713823677019531e+12
1.307407000000000075e+01 1.332103000000000037e+01 1.926250000000000000e+05 1.554040752757949414e+13
1.332103000000000037e+01 1.356798999999999999e+01 1.063140000000000000e+05 2.736218183870421484e+13
1.356798999999999999e+01 1.381494999999999962e+01 5.563600000000000000e+04 4.812854985980300781e+13
1.381494999999999962e+01 1.406192000000000064e+01 2.651100000000000000e+04 8.473539285579570312e+13
1.406192000000000064e+01 1.430888000000000027e+01 1.172700000000000000e+04 1.485232369745032812e+14
1.430888000000000027e+01 1.455583999999999989e+01 4.181000000000000000e+03 2.596237742166945625e+14
1.455583999999999989e+01 1.480280999999999914e+01 1.254000000000000000e+03 4.530934609250398750e+14
1.480280999999999914e+01 1.504977000000000054e+01 2.360000000000000000e+02 7.795864406779661250e+14
1.504977000000000054e+01 1.529673000000000016e+01 3.000000000000000000e+01 1.408233333333333250e+15
