# M_low [Msun/h] M_high[Msun/h] Number M_mean[Msun/h]
1.282709999999999972e+01 1.309891000000000005e+01 3.905880000000000000e+05 9.043160568169017578e+12
1.309891000000000005e+01 1.337071000000000076e+01 2.179200000000000000e+05 1.690489170337738672e+13
1.337071000000000076e+01 1.364250999999999969e+01 1.166740000000000000e+05 3.156791573101119531e+13
1.364250999999999969e+01 1.391432000000000002e+01 5.982800000000000000e+04 5.880784916761382812e+13
1.391432000000000002e+01 1.418612000000000073e+01 2.806700000000000000e+04 1.094406242206149531e+14
1.418612000000000073e+01 1.445791999999999966e+01 1.200600000000000000e+04 2.025276528402465312e+14
1.445791999999999966e+01 1.472972000000000037e+01 4.007000000000000000e+03 3.762071375093586250e+14
1.472972000000000037e+01 1.500153000000000070e+01 1.102000000000000000e+03 6.864218693284936250e+14
1.500153000000000070e+01 1.527332999999999963e+01 1.570000000000000000e+02 1.251868789808917250e+15
1.527332999999999963e+01 1.554513000000000034e+01 1.900000000000000000e+01 2.206647368421052750e+15
