# M_low [Msun/h] M_high[Msun/h] Number M_mean[Msun/h]
1.282709999999999972e+01 1.305861999999999945e+01 2.875450000000000000e+05 8.640657983967726562e+12
1.305861999999999945e+01 1.329012999999999955e+01 1.621380000000000000e+05 1.472044184583502930e+13
1.329012999999999955e+01 1.352163999999999966e+01 8.744000000000000000e+04 2.502712717291857422e+13
1.352163999999999966e+01 1.375315999999999939e+01 4.457300000000000000e+04 4.247894465259237500e+13
1.375315999999999939e+01 1.398466999999999949e+01 2.085700000000000000e+04 7.211003500023973438e+13
1.398466999999999949e+01 1.421617999999999959e+01 8.744000000000000000e+03 1.219773559011893906e+14
1.421617999999999959e+01 1.444768999999999970e+01 2.982000000000000000e+03 2.064646545942320625e+14
1.444768999999999970e+01 1.467920999999999943e+01 7.860000000000000000e+02 3.479908396946565000e+14
1.467920999999999943e+01 1.491071999999999953e+01 1.560000000000000000e+02 5.768282051282051250e+14
1.491071999999999953e+01 1.514222999999999963e+01 2.200000000000000000e+01 1.001496363636363625e+15
