# M_low [Msun/h] M_high[Msun/h] Number M_mean[Msun/h]
1.282709999999999972e+01 1.304443999999999981e+01 2.319640000000000000e+05 8.492731630770291992e+12
1.304443999999999981e+01 1.326177000000000028e+01 1.293090000000000000e+05 1.401397427866583203e+13
1.326177000000000028e+01 1.347910000000000075e+01 6.782100000000000000e+04 2.307864820630778125e+13
1.347910000000000075e+01 1.369644000000000084e+01 3.348200000000000000e+04 3.787918881787228906e+13
1.369644000000000084e+01 1.391376999999999953e+01 1.525200000000000000e+04 6.217162339365328906e+13
1.391376999999999953e+01 1.413109999999999999e+01 5.923000000000000000e+03 1.019509032584838750e+14
1.413109999999999999e+01 1.434844000000000008e+01 1.922000000000000000e+03 1.670669094693028125e+14
1.434844000000000008e+01 1.456577000000000055e+01 4.970000000000000000e+02 2.699173038229376250e+14
1.456577000000000055e+01 1.478309999999999924e+01 9.400000000000000000e+01 4.482887234042553125e+14
1.478309999999999924e+01 1.500042999999999971e+01 1.100000000000000000e+01 7.458209090909091250e+14
