# M_low [Msun/h] M_high[Msun/h] Number M_mean[Msun/h]
1.282709999999999972e+01 1.298592999999999975e+01 5.954900000000000000e+04 7.955906900199834961e+12
1.298592999999999975e+01 1.314475999999999978e+01 3.146200000000000000e+04 1.145906808213082422e+13
1.314475999999999978e+01 1.330358999999999980e+01 1.615800000000000000e+04 1.648101869043198438e+13
1.330358999999999980e+01 1.346241000000000021e+01 7.514000000000000000e+03 2.371883151450625391e+13
1.346241000000000021e+01 1.362124000000000024e+01 2.962000000000000000e+03 3.397778528021607031e+13
1.362124000000000024e+01 1.378007000000000026e+01 1.245000000000000000e+03 4.924008032128514062e+13
1.378007000000000026e+01 1.393889000000000067e+01 3.780000000000000000e+02 7.018962962962963281e+13
1.393889000000000067e+01 1.409772000000000070e+01 1.020000000000000000e+02 1.005355882352941250e+14
1.409772000000000070e+01 1.425655000000000072e+01 2.200000000000000000e+01 1.430836363636363750e+14
1.425655000000000072e+01 1.441536999999999935e+01 5.000000000000000000e+00 1.903820000000000000e+14
