# M_low [Msun/h] M_high[Msun/h] Number M_mean[Msun/h]
1.282709999999999972e+01 1.309567000000000014e+01 3.783960000000000000e+05 9.018155583039990234e+12
1.309567000000000014e+01 1.336422999999999917e+01 2.084550000000000000e+05 1.671582835623995508e+13
1.336422999999999917e+01 1.363278999999999996e+01 1.115030000000000000e+05 3.096546281265975000e+13
1.363278999999999996e+01 1.390136000000000038e+01 5.604800000000000000e+04 5.722261276049100781e+13
1.390136000000000038e+01 1.416991999999999940e+01 2.587800000000000000e+04 1.056790710255815781e+14
1.416991999999999940e+01 1.443848000000000020e+01 1.059800000000000000e+04 1.938478958294017812e+14
1.443848000000000020e+01 1.470705000000000062e+01 3.478000000000000000e+03 3.575989074180563750e+14
1.470705000000000062e+01 1.497560999999999964e+01 8.910000000000000000e+02 6.470410774410775000e+14
1.497560999999999964e+01 1.524417000000000044e+01 1.260000000000000000e+02 1.193042857142857250e+15
1.524417000000000044e+01 1.551274000000000086e+01 9.000000000000000000e+00 2.170744444444444500e+15
