# M_low [Msun/h] M_high[Msun/h] Number M_mean[Msun/h]
1.282709999999999972e+01 1.303476999999999997e+01 2.024150000000000000e+05 8.406481733073141602e+12
1.303476999999999997e+01 1.324244000000000021e+01 1.127970000000000000e+05 1.354712448026100000e+13
1.324244000000000021e+01 1.345010000000000083e+01 5.919200000000000000e+04 2.183908298418705078e+13
1.345010000000000083e+01 1.365776999999999930e+01 2.905100000000000000e+04 3.507170149048225391e+13
1.365776999999999930e+01 1.386542999999999992e+01 1.313800000000000000e+04 5.634898005784746875e+13
1.386542999999999992e+01 1.407310000000000016e+01 5.092000000000000000e+03 9.023360172820109375e+13
1.407310000000000016e+01 1.428077000000000041e+01 1.686000000000000000e+03 1.450214116251482812e+14
1.428077000000000041e+01 1.448842999999999925e+01 4.350000000000000000e+02 2.289109655172413750e+14
1.448842999999999925e+01 1.469609999999999950e+01 8.200000000000000000e+01 3.841493902439024375e+14
1.469609999999999950e+01 1.490376000000000012e+01 1.300000000000000000e+01 5.797576923076922500e+14
