# M_low [Msun/h] M_high[Msun/h] Number M_mean[Msun/h]
1.282709999999999972e+01 1.305264000000000024e+01 2.613920000000000000e+05 8.586666768684581055e+12
1.305264000000000024e+01 1.327818000000000076e+01 1.452190000000000000e+05 1.443035690921986719e+13
1.327818000000000076e+01 1.350370999999999988e+01 7.714200000000000000e+04 2.419865961473646094e+13
1.350370999999999988e+01 1.372925000000000040e+01 3.868600000000000000e+04 4.043527374243912500e+13
1.372925000000000040e+01 1.395477999999999952e+01 1.760600000000000000e+04 6.771719868226740625e+13
1.395477999999999952e+01 1.418032000000000004e+01 7.167000000000000000e+03 1.128492953816101562e+14
1.418032000000000004e+01 1.440584999999999916e+01 2.320000000000000000e+03 1.884803448275862188e+14
1.440584999999999916e+01 1.463138999999999967e+01 5.990000000000000000e+02 3.113689482470784375e+14
1.463138999999999967e+01 1.485693000000000019e+01 1.150000000000000000e+02 5.089788695652173750e+14
1.485693000000000019e+01 1.508245999999999931e+01 1.600000000000000000e+01 8.686187500000000000e+14
