# M_low [Msun/h] M_high[Msun/h] Number M_mean[Msun/h]
1.282709999999999972e+01 1.293255000000000088e+01 8.569000000000000000e+03 7.506257439607888672e+12
1.293255000000000088e+01 1.303799000000000063e+01 4.770000000000000000e+03 9.580955974842767578e+12
1.303799000000000063e+01 1.314343000000000039e+01 2.533000000000000000e+03 1.219948282668772266e+13
1.314343000000000039e+01 1.324887000000000015e+01 1.310000000000000000e+03 1.552316030534351172e+13
1.324887000000000015e+01 1.335431999999999952e+01 6.370000000000000000e+02 1.986204081632653125e+13
1.335431999999999952e+01 1.345975999999999928e+01 3.050000000000000000e+02 2.516247540983606641e+13
1.345975999999999928e+01 1.356520000000000081e+01 1.230000000000000000e+02 3.217321951219512109e+13
1.356520000000000081e+01 1.367064000000000057e+01 4.200000000000000000e+01 4.146585714285714062e+13
1.367064000000000057e+01 1.377608000000000033e+01 1.900000000000000000e+01 5.182021052631578906e+13
1.377608000000000033e+01 1.388152999999999970e+01 3.000000000000000000e+00 6.126000000000000000e+13
