# M_low [Msun/h] M_high[Msun/h] Number M_mean[Msun/h]
1.282709999999999972e+01 1.306377999999999950e+01 3.116750000000000000e+05 8.693732253148311523e+12
1.306377999999999950e+01 1.330044999999999966e+01 1.781740000000000000e+05 1.498558712270028125e+13
1.330044999999999966e+01 1.353711999999999982e+01 9.772800000000000000e+04 2.579036714145383203e+13
1.353711999999999982e+01 1.377378999999999998e+01 5.078300000000000000e+04 4.431039914932162500e+13
1.377378999999999998e+01 1.401046000000000014e+01 2.444500000000000000e+04 7.620294538760482812e+13
1.401046000000000014e+01 1.424713000000000029e+01 1.063500000000000000e+04 1.306820874471086094e+14
1.424713000000000029e+01 1.448381000000000007e+01 3.788000000000000000e+03 2.235344508975712812e+14
1.448381000000000007e+01 1.472048000000000023e+01 1.099000000000000000e+03 3.803383075523203125e+14
1.472048000000000023e+01 1.495715000000000039e+01 2.260000000000000000e+02 6.362650442477876250e+14
1.495715000000000039e+01 1.519382000000000055e+01 3.000000000000000000e+01 1.135941666666666750e+15
