# M_low [Msun/h] M_high[Msun/h] Number M_mean[Msun/h]
1.287392000000000003e+01 1.296706000000000003e+01 3.588000000000000000e+03 8.252681159420290039e+12
1.296706000000000003e+01 1.306020999999999965e+01 2.034000000000000000e+03 1.023776302851524023e+13
1.306020999999999965e+01 1.315334999999999965e+01 1.074000000000000000e+03 1.267189944134078125e+13
1.315334999999999965e+01 1.324649999999999928e+01 5.610000000000000000e+02 1.570703743315508008e+13
1.324649999999999928e+01 1.333965000000000067e+01 2.760000000000000000e+02 1.933480434782608594e+13
1.333965000000000067e+01 1.343279000000000067e+01 1.280000000000000000e+02 2.406187500000000000e+13
1.343279000000000067e+01 1.352594000000000030e+01 4.800000000000000000e+01 2.975272916666666797e+13
1.352594000000000030e+01 1.361908000000000030e+01 2.100000000000000000e+01 3.687757142857142969e+13
1.361908000000000030e+01 1.371222999999999992e+01 1.100000000000000000e+01 4.652363636363636719e+13
1.371222999999999992e+01 1.380536999999999992e+01 1.000000000000000000e+00 6.320800000000000000e+13
