# M_low [Msun/h] M_high[Msun/h] Number M_mean[Msun/h]
1.287392000000000003e+01 1.313275999999999932e+01 3.569860000000000000e+05 9.924708531987248047e+12
1.313275999999999932e+01 1.339159000000000077e+01 1.981310000000000000e+05 1.799193462910902344e+13
1.339159000000000077e+01 1.365043000000000006e+01 1.062810000000000000e+05 3.257568144823628125e+13
1.365043000000000006e+01 1.390926999999999936e+01 5.357500000000000000e+04 5.896666355576294531e+13
1.390926999999999936e+01 1.416811000000000043e+01 2.478800000000000000e+04 1.064592948200742344e+14
1.416811000000000043e+01 1.442694000000000010e+01 1.001800000000000000e+04 1.910764623677380625e+14
1.442694000000000010e+01 1.468577999999999939e+01 3.427000000000000000e+03 3.443303180624453125e+14
1.468577999999999939e+01 1.494462000000000046e+01 8.860000000000000000e+02 6.175791196388261250e+14
1.494462000000000046e+01 1.520345999999999975e+01 1.200000000000000000e+02 1.090219166666666625e+15
1.520345999999999975e+01 1.546228999999999942e+01 1.000000000000000000e+01 1.937340000000000000e+15
