# M_low [Msun/h] M_high[Msun/h] Number M_mean[Msun/h]
1.287392000000000003e+01 1.311439999999999984e+01 3.192440000000000000e+05 9.725990151733470703e+12
1.311439999999999984e+01 1.335487999999999964e+01 1.803860000000000000e+05 1.691619083520894141e+13
1.335487999999999964e+01 1.359535999999999945e+01 9.896300000000000000e+04 2.936843062558733984e+13
1.359535999999999945e+01 1.383582999999999963e+01 5.067500000000000000e+04 5.096106561420818750e+13
1.383582999999999963e+01 1.407630999999999943e+01 2.423100000000000000e+04 8.823148033510792188e+13
1.407630999999999943e+01 1.431678999999999924e+01 1.025400000000000000e+04 1.521738833625902188e+14
1.431678999999999924e+01 1.455727000000000082e+01 3.701000000000000000e+03 2.638704134017833125e+14
1.455727000000000082e+01 1.479775000000000063e+01 1.051000000000000000e+03 4.518254995242626250e+14
1.479775000000000063e+01 1.503823000000000043e+01 1.910000000000000000e+02 7.596607329842932500e+14
1.503823000000000043e+01 1.527871000000000024e+01 1.400000000000000000e+01 1.326735714285714250e+15
