# M_low [Msun/h] M_high[Msun/h] Number M_mean[Msun/h]
1.287392000000000003e+01 1.306415999999999933e+01 1.631160000000000000e+05 9.181974790946320312e+12
1.306415999999999933e+01 1.325440000000000040e+01 9.278800000000000000e+04 1.421495236452989648e+13
1.325440000000000040e+01 1.344463999999999970e+01 4.986900000000000000e+04 2.202532635505023047e+13
1.344463999999999970e+01 1.363488000000000078e+01 2.487200000000000000e+04 3.399224831135413281e+13
1.363488000000000078e+01 1.382512000000000008e+01 1.167000000000000000e+04 5.260066838046272656e+13
1.382512000000000008e+01 1.401537000000000077e+01 4.737000000000000000e+03 8.108406164238970312e+13
1.401537000000000077e+01 1.420561000000000007e+01 1.735000000000000000e+03 1.251382132564841562e+14
1.420561000000000007e+01 1.439584999999999937e+01 4.680000000000000000e+02 1.919655982905982812e+14
1.439584999999999937e+01 1.458609000000000044e+01 1.030000000000000000e+02 2.878532038834951250e+14
1.458609000000000044e+01 1.477632999999999974e+01 8.000000000000000000e+00 4.412237500000000000e+14
