# M_low [Msun/h] M_high[Msun/h] Number M_mean[Msun/h]
1.287392000000000003e+01 1.306551999999999936e+01 1.859720000000000000e+05 9.205600843137675781e+12
1.306551999999999936e+01 1.325713000000000008e+01 1.089400000000000000e+05 1.430391040939966992e+13
1.325713000000000008e+01 1.344874000000000080e+01 6.038200000000000000e+04 2.222879334901129297e+13
1.344874000000000080e+01 1.364034000000000013e+01 3.161100000000000000e+04 3.446600866786878125e+13
1.364034000000000013e+01 1.383195000000000086e+01 1.509600000000000000e+04 5.339874138844727344e+13
1.383195000000000086e+01 1.402355000000000018e+01 6.880000000000000000e+03 8.279747093023256250e+13
1.402355000000000018e+01 1.421515999999999913e+01 2.562000000000000000e+03 1.279265807962529219e+14
1.421515999999999913e+01 1.440676000000000023e+01 8.470000000000000000e+02 1.966132231404958750e+14
1.440676000000000023e+01 1.459836999999999918e+01 2.040000000000000000e+02 3.012384313725490000e+14
1.459836999999999918e+01 1.478997999999999990e+01 2.700000000000000000e+01 4.657481481481481250e+14
