# M_low [Msun/h] M_high[Msun/h] Number M_mean[Msun/h]
1.287392000000000003e+01 1.307518999999999920e+01 2.158890000000000000e+05 9.306759492146427734e+12
1.307518999999999920e+01 1.327646000000000015e+01 1.267380000000000000e+05 1.479038646656882617e+13
1.327646000000000015e+01 1.347772999999999932e+01 7.032600000000000000e+04 2.348674743338167969e+13
1.347772999999999932e+01 1.367900000000000027e+01 3.681500000000000000e+04 3.722393046312644531e+13
1.367900000000000027e+01 1.388026999999999944e+01 1.788900000000000000e+04 5.896170831237073438e+13
1.388026999999999944e+01 1.408154000000000039e+01 7.931000000000000000e+03 9.353621233135796875e+13
1.408154000000000039e+01 1.428280999999999956e+01 3.116000000000000000e+03 1.477866495507060312e+14
1.428280999999999956e+01 1.448408000000000051e+01 9.490000000000000000e+02 2.338192834562697500e+14
1.448408000000000051e+01 1.468535999999999930e+01 2.280000000000000000e+02 3.599821491228070000e+14
1.468535999999999930e+01 1.488663000000000025e+01 3.300000000000000000e+01 5.668006060606060000e+14
