# M_low [Msun/h] M_high[Msun/h] Number M_mean[Msun/h]
1.287392000000000003e+01 1.310551000000000066e+01 2.881970000000000000e+05 9.622473516379421875e+12
1.310551000000000066e+01 1.333709999999999951e+01 1.637660000000000000e+05 1.640725181051011719e+13
1.333709999999999951e+01 1.356868000000000052e+01 8.866500000000000000e+04 2.790347938871031250e+13
1.356868000000000052e+01 1.380026999999999937e+01 4.487300000000000000e+04 4.737151516502128125e+13
1.380026999999999937e+01 1.403186000000000000e+01 2.108700000000000000e+04 8.042898468250581250e+13
1.403186000000000000e+01 1.426345000000000063e+01 8.751000000000000000e+03 1.360937035767340938e+14
1.426345000000000063e+01 1.449503999999999948e+01 3.195000000000000000e+03 2.301659780907668125e+14
1.449503999999999948e+01 1.472662000000000049e+01 8.320000000000000000e+02 3.871899038461538750e+14
1.472662000000000049e+01 1.495820999999999934e+01 1.520000000000000000e+02 6.482929605263157500e+14
1.495820999999999934e+01 1.518979999999999997e+01 8.000000000000000000e+00 9.976325000000000000e+14
