# M_low [Msun/h] M_high[Msun/h] Number M_mean[Msun/h]
1.287392000000000003e+01 1.302783999999999942e+01 3.954700000000000000e+04 8.793756795711431641e+12
1.302783999999999942e+01 1.318176000000000059e+01 1.978600000000000000e+04 1.255583746083089062e+13
1.318176000000000059e+01 1.333567999999999998e+01 9.596000000000000000e+03 1.782429137140475391e+13
1.333567999999999998e+01 1.348959999999999937e+01 4.170000000000000000e+03 2.536429256594724219e+13
1.348959999999999937e+01 1.364352000000000054e+01 1.650000000000000000e+03 3.590606060606060938e+13
1.364352000000000054e+01 1.379743999999999993e+01 5.880000000000000000e+02 5.090971088435374219e+13
1.379743999999999993e+01 1.395135999999999932e+01 1.710000000000000000e+02 7.213017543859648438e+13
1.395135999999999932e+01 1.410528000000000048e+01 3.000000000000000000e+01 1.060602333333333281e+14
1.410528000000000048e+01 1.425919999999999987e+01 1.000000000000000000e+00 1.710700000000000000e+14
