# M_low [Msun/h] M_high[Msun/h] Number M_mean[Msun/h]
1.287392000000000003e+01 1.313753999999999955e+01 3.731200000000000000e+05 9.982753537735849609e+12
1.313753999999999955e+01 1.340114999999999945e+01 2.087700000000000000e+05 1.829412750874167578e+13
1.340114999999999945e+01 1.366477000000000075e+01 1.124570000000000000e+05 3.353303929501942969e+13
1.366477000000000075e+01 1.392839000000000027e+01 5.726400000000000000e+04 6.133401438949427344e+13
1.392839000000000027e+01 1.419200000000000017e+01 2.701600000000000000e+04 1.118780352383772656e+14
1.419200000000000017e+01 1.445561999999999969e+01 1.120000000000000000e+04 2.036238392857142812e+14
1.445561999999999969e+01 1.471923999999999921e+01 3.891000000000000000e+03 3.707203803649447500e+14
1.471923999999999921e+01 1.498286000000000051e+01 1.038000000000000000e+03 6.660919075144508750e+14
1.498286000000000051e+01 1.524647000000000041e+01 1.760000000000000000e+02 1.199287500000000000e+15
1.524647000000000041e+01 1.551008999999999993e+01 1.300000000000000000e+01 2.059438461538461500e+15
