# M_low [Msun/h] M_high[Msun/h] Number M_mean[Msun/h]
1.287392000000000003e+01 1.308238000000000056e+01 2.454630000000000000e+05 9.396324496971029297e+12
1.308238000000000056e+01 1.329083999999999932e+01 1.435030000000000000e+05 1.518936189487327734e+13
1.329083999999999932e+01 1.349929999999999986e+01 8.106200000000000000e+04 2.447388418741210547e+13
1.349929999999999986e+01 1.370776000000000039e+01 4.311400000000000000e+04 3.943009231340167969e+13
1.370776000000000039e+01 1.391621999999999915e+01 2.130400000000000000e+04 6.351257979722117969e+13
1.391621999999999915e+01 1.412467000000000006e+01 9.652000000000000000e+03 1.024385205138831406e+14
1.412467000000000006e+01 1.433313000000000059e+01 3.882000000000000000e+03 1.644189077794950938e+14
1.433313000000000059e+01 1.454158999999999935e+01 1.240000000000000000e+03 2.625136290322580625e+14
1.454158999999999935e+01 1.475004999999999988e+01 3.130000000000000000e+02 4.164121405750798750e+14
1.475004999999999988e+01 1.495851000000000042e+01 4.300000000000000000e+01 6.800790697674418750e+14
