2.011133815939493477e+06 1.148760799255793216e+06 7.926431974742419552e+05 5.142358102934891358e+05 3.079179024673469830e+05 1.821524798437754507e+05 9.525337277435828582e+04 4.501493248212221079e+04 1.470105010090789074e+04 3.965637580375165726e+03 1.349921903498501706e+03 1.747943806168600247e+02
1.148760799255793216e+06 8.994751711757291341e+05 5.281411835544269998e+05 3.299592234187787981e+05 2.004102921536000504e+05 1.154779539408735436e+05 6.197122649403705873e+04 3.169583695151444044e+04 9.613088382691905281e+03 2.522710793404992273e+03 9.572637249669223820e+02 1.640119900156708184e+02
7.926431974742419552e+05 5.281411835544269998e+05 4.672284718543502386e+05 2.409475115014246840e+05 1.460253533138004423e+05 8.537885328723145358e+04 4.484615373438715324e+04 2.318705651595973177e+04 6.918148560193854792e+03 1.745295628132619413e+03 8.087955971072988177e+02 1.377194545802718153e+02
5.142358102934891358e+05 3.299592234187787981e+05 2.409475115014246840e+05 2.026969819818132673e+05 8.975913310901707155e+04 5.341759403522712819e+04 2.886679865245867404e+04 1.444476143358962872e+04 5.223161477687895058e+03 1.184436313534382634e+03 4.391126960274021940e+02 7.989950511722514648e+01
3.079179024673469830e+05 2.004102921536000504e+05 1.460253533138004423e+05 8.975913310901707155e+04 8.477453536385158077e+04 3.359919542067518341e+04 1.702608757206513474e+04 9.312706107604501085e+03 2.682746300867349419e+03 6.322245148660196037e+02 2.690868593187634019e+02 4.091397289908477575e+01
1.821524798437754507e+05 1.154779539408735436e+05 8.537885328723145358e+04 5.341759403522712819e+04 3.359919542067518341e+04 3.355239184715812735e+04 1.027282702127718949e+04 4.951783650611296252e+03 1.836800951123270124e+03 4.756135264301792063e+02 1.022692260272054057e+02 2.530102491799949860e+01
9.525337277435828582e+04 6.197122649403705873e+04 4.484615373438715324e+04 2.886679865245867404e+04 1.702608757206513474e+04 1.027282702127718949e+04 1.171452405859196551e+04 3.048232724975449401e+03 1.080546525560284863e+03 1.735993414377716704e+02 9.343571378156978824e+01 1.744923585337032890e+01
4.501493248212221079e+04 3.169583695151444044e+04 2.318705651595973177e+04 1.444476143358962872e+04 9.312706107604501085e+03 4.951783650611296252e+03 3.048232724975449401e+03 3.970412493796970921e+03 5.405934031221934220e+02 1.182614168908038437e+02 6.746535829472612988e+01 4.581232368782443665e+00
1.470105010090789074e+04 9.613088382691905281e+03 6.918148560193854792e+03 5.223161477687895058e+03 2.682746300867349419e+03 1.836800951123270124e+03 1.080546525560284863e+03 5.405934031221934220e+02 1.052966579218363904e+03 8.528310768262005581e+01 2.523248976818439360e+01 2.847181963034224328e+00
3.965637580375165726e+03 2.522710793404992273e+03 1.745295628132619413e+03 1.184436313534382634e+03 6.322245148660196037e+02 4.756135264301792063e+02 1.735993414377716704e+02 1.182614168908038437e+02 8.528310768262005581e+01 2.153758953894383410e+02 1.444970023236475942e+00 -2.434026778629849452e-01
1.349921903498501706e+03 9.572637249669223820e+02 8.087955971072988177e+02 4.391126960274021940e+02 2.690868593187634019e+02 1.022692260272054057e+02 9.343571378156978824e+01 6.746535829472612988e+01 2.523248976818439360e+01 1.444970023236475942e+00 4.107902420355475925e+01 -2.355029121207533882e-01
1.747943806168600247e+02 1.640119900156708184e+02 1.377194545802718153e+02 7.989950511722514648e+01 4.091397289908477575e+01 2.530102491799949860e+01 1.744923585337032890e+01 4.581232368782443665e+00 2.847181963034224328e+00 -2.434026778629849452e-01 -2.355029121207533882e-01 2.996240819845196857e+00
