2.170063770690368954e+06 1.281431094726479379e+06 8.764173488196048420e+05 5.648109160781373503e+05 3.541370830420575221e+05 2.267603959078929911e+05 1.356144651709273166e+05 6.290417759033887705e+04 2.631031315148270369e+04 9.515983152774211703e+03 1.962928956630806624e+03 2.954942599614884102e+02 -1.368234451545948893e+01
1.281431094726479379e+06 1.059519350151920225e+06 6.114958417027668329e+05 3.907407568304648157e+05 2.501815838108841563e+05 1.500663953589039156e+05 8.961785877847403754e+04 4.538338072098668636e+04 1.939244757411737737e+04 6.737001392992841829e+03 1.631969966563326352e+03 1.679186620564148882e+02 6.874507238364707007e+01
8.764173488196048420e+05 6.114958417027668329e+05 5.283212103841739008e+05 2.723839518159138970e+05 1.754603521876081068e+05 1.084857103999441024e+05 6.213394680319755571e+04 3.090364795669939122e+04 1.369296452984506504e+04 4.925275997276934504e+03 1.299581886739265201e+03 1.649972094698442788e+02 1.414132594667812803e+01
5.648109160781373503e+05 3.907407568304648157e+05 2.723839518159138970e+05 2.398281172504375281e+05 1.142830485366833891e+05 6.919735678464762168e+04 4.165242055390258611e+04 2.066418103804912607e+04 9.282168355754340155e+03 2.925388790287980555e+03 8.261181635007410478e+02 9.804298562163872077e+01 2.678732719799091200e+01
3.541370830420575221e+05 2.501815838108841563e+05 1.754603521876081068e+05 1.142830485366833891e+05 1.043840425780430087e+05 4.495669402182376507e+04 2.612578593108203859e+04 1.170355115552972711e+04 5.834997113987417833e+03 1.914218838660843858e+03 4.093242589344789621e+02 3.201797666355084004e+01 1.256668410209573494e+01
2.267603959078929911e+05 1.500663953589039156e+05 1.084857103999441024e+05 6.919735678464762168e+04 4.495669402182376507e+04 4.770142662077874411e+04 1.688901808242430343e+04 7.931551637423502143e+03 3.563851628803822678e+03 1.351082463820865541e+03 2.624536729943585556e+02 2.046626354825393790e-01 -5.171153507168723351e+00
1.356144651709273166e+05 8.961785877847403754e+04 6.213394680319755571e+04 4.165242055390258611e+04 2.612578593108203859e+04 1.688901808242430343e+04 1.880707130637237788e+04 4.960911284040357714e+03 2.209083436747597261e+03 8.595868820151511045e+02 1.562219310896119850e+02 2.059495275376644940e+01 6.954725368138231723e+00
6.290417759033887705e+04 4.538338072098668636e+04 3.090364795669939122e+04 2.066418103804912607e+04 1.170355115552972711e+04 7.931551637423502143e+03 4.960911284040357714e+03 6.220498073438771826e+03 9.670052117533977025e+02 3.067115677209815203e+02 1.207872138893444998e+02 7.288453887016756561e+00 5.441242932403963506e-01
2.631031315148270369e+04 1.939244757411737737e+04 1.369296452984506504e+04 9.282168355754340155e+03 5.834997113987417833e+03 3.563851628803822678e+03 2.209083436747597261e+03 9.670052117533977025e+02 1.888892459006181070e+03 2.057671944997321987e+02 4.785607226709924333e+01 5.969388210294237496e+00 -8.481971969706598724e-01
9.515983152774211703e+03 6.737001392992841829e+03 4.925275997276934504e+03 2.925388790287980555e+03 1.914218838660843858e+03 1.351082463820865541e+03 8.595868820151511045e+02 3.067115677209815203e+02 2.057671944997321987e+02 5.406221846875031360e+02 2.007021444829358003e+01 -5.221488948282406728e-01 2.090350826454486111e+00
1.962928956630806624e+03 1.631969966563326352e+03 1.299581886739265201e+03 8.261181635007410478e+02 4.093242589344789621e+02 2.624536729943585556e+02 1.562219310896119850e+02 1.207872138893444998e+02 4.785607226709924333e+01 2.007021444829358003e+01 8.664407104764329404e+01 9.851895496495058913e-01 -1.707230567645328101e-01
2.954942599614884102e+02 1.679186620564148882e+02 1.649972094698442788e+02 9.804298562163872077e+01 3.201797666355084004e+01 2.046626354825393790e-01 2.059495275376644940e+01 7.288453887016756561e+00 5.969388210294237496e+00 -5.221488948282406728e-01 9.851895496495058913e-01 5.957402192182264855e+00 -1.177235229766093044e-02
-1.368234451545948893e+01 6.874507238364707007e+01 1.414132594667812803e+01 2.678732719799091200e+01 1.256668410209573494e+01 -5.171153507168723351e+00 6.954725368138231723e+00 5.441242932403963506e-01 -8.481971969706598724e-01 2.090350826454486111e+00 -1.707230567645328101e-01 -1.177235229766093044e-02 1.002512384138003476e+00
