# M_low [Msun/h] M_high[Msun/h] Number M_mean[Msun/h]
1.285771000000000086e+01 1.312967000000000084e+01 3.823840000000000000e+05 9.720260261935646484e+12
1.312967000000000084e+01 1.340163000000000082e+01 2.125170000000000000e+05 1.819011655538145312e+13
1.340163000000000082e+01 1.367360000000000042e+01 1.163140000000000000e+05 3.390629674845676172e+13
1.367360000000000042e+01 1.394556000000000040e+01 6.066000000000000000e+04 6.330718760303329688e+13
1.394556000000000040e+01 1.421752000000000038e+01 2.862700000000000000e+04 1.178308589792852969e+14
1.421752000000000038e+01 1.448948999999999998e+01 1.251100000000000000e+04 2.184189113580049688e+14
1.448948999999999998e+01 1.476144999999999996e+01 4.461000000000000000e+03 4.055888814167226875e+14
1.476144999999999996e+01 1.503341999999999956e+01 1.229000000000000000e+03 7.444519121236777500e+14
1.503341999999999956e+01 1.530537999999999954e+01 1.930000000000000000e+02 1.396562176165803000e+15
1.530537999999999954e+01 1.557733999999999952e+01 1.300000000000000000e+01 2.469361538461538500e+15
