# M_low [Msun/h] M_high[Msun/h] Number M_mean[Msun/h]
1.285771000000000086e+01 1.308131000000000022e+01 2.307740000000000000e+05 9.181090590794457031e+12
1.308131000000000022e+01 1.330490999999999957e+01 1.262050000000000000e+05 1.534754565983915039e+13
1.330490999999999957e+01 1.352852000000000032e+01 6.497500000000000000e+04 2.560626394767217969e+13
1.352852000000000032e+01 1.375211999999999968e+01 3.096100000000000000e+04 4.274771486709085938e+13
1.375211999999999968e+01 1.397572000000000081e+01 1.334000000000000000e+04 7.108194902548725000e+13
1.397572000000000081e+01 1.419932000000000016e+01 4.868000000000000000e+03 1.178900164338537344e+14
1.419932000000000016e+01 1.442292999999999914e+01 1.437000000000000000e+03 1.965962421711899688e+14
1.442292999999999914e+01 1.464653000000000027e+01 3.290000000000000000e+02 3.239446808510638125e+14
1.464653000000000027e+01 1.487012999999999963e+01 4.500000000000000000e+01 5.400944444444444375e+14
1.487012999999999963e+01 1.509374000000000038e+01 5.000000000000000000e+00 8.557100000000000000e+14
