# M_low [Msun/h] M_high[Msun/h] Number M_mean[Msun/h]
1.285771000000000086e+01 1.312541000000000047e+01 3.654680000000000000e+05 9.663489005877396484e+12
1.312541000000000047e+01 1.339311999999999969e+01 2.024180000000000000e+05 1.790994377970338672e+13
1.339311999999999969e+01 1.366083000000000069e+01 1.083950000000000000e+05 3.305609114811568750e+13
1.366083000000000069e+01 1.392853999999999992e+01 5.509700000000000000e+04 6.100553569159845312e+13
1.392853999999999992e+01 1.419624999999999915e+01 2.534900000000000000e+04 1.124939445343011562e+14
1.419624999999999915e+01 1.446395000000000053e+01 1.044100000000000000e+04 2.062280432908725312e+14
1.446395000000000053e+01 1.473165999999999976e+01 3.497000000000000000e+03 3.807515012868172500e+14
1.473165999999999976e+01 1.499937000000000076e+01 8.380000000000000000e+02 6.844005966587112500e+14
1.499937000000000076e+01 1.526707999999999998e+01 1.220000000000000000e+02 1.240386885245901750e+15
1.526707999999999998e+01 1.553478999999999921e+01 8.000000000000000000e+00 2.102112500000000000e+15
