# M_low [Msun/h] M_high[Msun/h] Number M_mean[Msun/h]
1.285771000000000086e+01 1.309298000000000073e+01 2.821930000000000000e+05 9.310149436733015625e+12
1.309298000000000073e+01 1.332823999999999920e+01 1.584650000000000000e+05 1.600138831918720312e+13
1.332823999999999920e+01 1.356351000000000084e+01 8.487300000000000000e+04 2.742887608544531250e+13
1.356351000000000084e+01 1.379878000000000071e+01 4.250400000000000000e+04 4.701134010916619531e+13
1.379878000000000071e+01 1.403405000000000058e+01 1.916200000000000000e+04 8.030889259993737500e+13
1.403405000000000058e+01 1.426932000000000045e+01 7.661000000000000000e+03 1.374084323195405312e+14
1.426932000000000045e+01 1.450459000000000032e+01 2.501000000000000000e+03 2.333997201119552188e+14
1.450459000000000032e+01 1.473986000000000018e+01 6.360000000000000000e+02 3.941628930817610000e+14
1.473986000000000018e+01 1.497513000000000005e+01 1.040000000000000000e+02 6.661723076923077500e+14
1.497513000000000005e+01 1.521039999999999992e+01 9.000000000000000000e+00 1.158430000000000000e+15
