# M_low [Msun/h] M_high[Msun/h] Number M_mean[Msun/h]
1.285771000000000086e+01 1.298821000000000048e+01 1.321200000000000000e+04 8.257440205873448242e+12
1.298821000000000048e+01 1.311871000000000009e+01 6.394000000000000000e+03 1.115318579918673828e+13
1.311871000000000009e+01 1.324921999999999933e+01 3.045000000000000000e+03 1.503772742200328320e+13
1.324921999999999933e+01 1.337972000000000072e+01 1.303000000000000000e+03 2.025260168841135938e+13
1.337972000000000072e+01 1.351022000000000034e+01 5.120000000000000000e+02 2.747183593750000000e+13
1.351022000000000034e+01 1.364072999999999958e+01 1.780000000000000000e+02 3.672368539325842969e+13
1.364072999999999958e+01 1.377122999999999919e+01 6.100000000000000000e+01 4.937667213114753906e+13
1.377122999999999919e+01 1.390174000000000021e+01 2.400000000000000000e+01 6.433191666666666406e+13
1.390174000000000021e+01 1.403223999999999982e+01 4.000000000000000000e+00 9.604825000000000000e+13
1.403223999999999982e+01 1.416273999999999944e+01 1.000000000000000000e+00 1.207400000000000000e+14
