# M_low [Msun/h] M_high[Msun/h] Number M_mean[Msun/h]
1.285771000000000086e+01 1.303051999999999921e+01 7.463200000000000000e+04 8.655907653553435547e+12
1.303051999999999921e+01 1.320332999999999934e+01 3.908100000000000000e+04 1.288490314986822266e+13
1.320332999999999934e+01 1.337613999999999947e+01 1.884500000000000000e+04 1.911408861767046875e+13
1.337613999999999947e+01 1.354894999999999960e+01 8.205000000000000000e+03 2.835178549664838672e+13
1.354894999999999960e+01 1.372175999999999974e+01 3.230000000000000000e+03 4.203900928792569531e+13
1.372175999999999974e+01 1.389457999999999949e+01 1.122000000000000000e+03 6.212262032085561719e+13
1.389457999999999949e+01 1.406738999999999962e+01 3.210000000000000000e+02 9.280370716510903125e+13
1.406738999999999962e+01 1.424019999999999975e+01 7.900000000000000000e+01 1.327140506329113906e+14
1.424019999999999975e+01 1.441300999999999988e+01 1.900000000000000000e+01 2.057805263157894688e+14
1.441300999999999988e+01 1.458582000000000001e+01 3.000000000000000000e+00 2.917700000000000000e+14
