# M_low [Msun/h] M_high[Msun/h] Number M_mean[Msun/h]
1.285771000000000086e+01 1.311511999999999922e+01 3.406730000000000000e+05 9.544880281090664062e+12
1.311511999999999922e+01 1.337252999999999936e+01 1.892860000000000000e+05 1.727320034233910547e+13
1.337252999999999936e+01 1.362993999999999950e+01 1.008950000000000000e+05 3.116203974428861719e+13
1.362993999999999950e+01 1.388734999999999964e+01 5.093500000000000000e+04 5.614145479532737500e+13
1.388734999999999964e+01 1.414475999999999978e+01 2.335300000000000000e+04 1.010681711129191094e+14
1.414475999999999978e+01 1.440216999999999992e+01 9.387000000000000000e+03 1.817403856397145000e+14
1.440216999999999992e+01 1.465958000000000006e+01 3.097000000000000000e+03 3.259654504359056875e+14
1.465958000000000006e+01 1.491699000000000019e+01 7.530000000000000000e+02 5.771188579017263750e+14
1.491699000000000019e+01 1.517440000000000033e+01 9.900000000000000000e+01 9.930230303030302500e+14
1.517440000000000033e+01 1.543181000000000047e+01 1.000000000000000000e+01 1.724440000000000000e+15
