1.833006995898328722e+06 1.095197864591451827e+06 7.611580654178878758e+05 5.063412530435972149e+05 3.454101124919180293e+05 2.275532501177481608e+05 1.473766630489233648e+05 7.783876464933277748e+04 4.478272653673770401e+04 1.399381699671905335e+04 5.796475840702123605e+03 1.634727072889587816e+03 2.136383975245718716e+02 6.674092087573738752e+01 9.786237031872961722e+01
1.095197864591451827e+06 9.351047776930535911e+05 5.413393660716405138e+05 3.571774517407580861e+05 2.409698144232069026e+05 1.638923899954322842e+05 1.107722247999916435e+05 5.129168396260376176e+04 2.987991106038836733e+04 9.717560824291676909e+03 4.734179908930910642e+03 8.984181279943038589e+02 6.467818367725939765e+01 3.578221590757461001e+01 2.574303866790441475e+01
7.611580654178878758e+05 5.413393660716405138e+05 5.118964474553650944e+05 2.586003821982870286e+05 1.716697582500129647e+05 1.101784760934523219e+05 7.569561207256041234e+04 4.019861860210182931e+04 2.164676023758998053e+04 6.061196395540755475e+03 2.996086565232072189e+03 5.846840353705586040e+02 1.281955874862575229e+02 4.293709046763638781e+01 3.089007778003213289e+01
5.063412530435972149e+05 3.571774517407580861e+05 2.586003821982870286e+05 2.419557086867823964e+05 1.105868235492440290e+05 7.604528916479117470e+04 5.198604012699081795e+04 2.729157783556283539e+04 1.461034796894930332e+04 4.380026363257040430e+03 1.629613366983055812e+03 6.069741460855229889e+02 2.940380896212441186e+01 4.229395567571968684e+01 2.221560119637924657e+01
3.454101124919180293e+05 2.409698144232069026e+05 1.716697582500129647e+05 1.105868235492440290e+05 1.222259476028500940e+05 4.918752143259406148e+04 3.554751092405532836e+04 1.753440343748735540e+04 9.713115743276490321e+03 2.939227959452018695e+03 1.237697220828709760e+03 2.147521187495530341e+02 5.338018772906020359e+01 2.125482056212280924e+00 2.019600108761866863e+01
2.275532501177481608e+05 1.638923899954322842e+05 1.101784760934523219e+05 7.604528916479117470e+04 4.918752143259406148e+04 5.814242635406243789e+04 2.412593701770325060e+04 1.138805638765110416e+04 5.909524427372456557e+03 1.996398236832712428e+03 9.007514523917614042e+02 2.472206218572928833e+02 3.085870535115815727e+01 3.186262307512518710e+00 1.523327499511677274e+01
1.473766630489233648e+05 1.107722247999916435e+05 7.569561207256041234e+04 5.198604012699081795e+04 3.554751092405532836e+04 2.412593701770325060e+04 2.954079471202897912e+04 8.519275217236081517e+03 4.208158394001094166e+03 1.476313954067255509e+03 5.360077511957834986e+02 1.657542671788128814e+02 1.409014211802122674e+01 8.135262962381164087e+00 1.114701613428222871e+01
7.783876464933277748e+04 5.129168396260376176e+04 4.019861860210182931e+04 2.729157783556283539e+04 1.753440343748735540e+04 1.138805638765110416e+04 8.519275217236081517e+03 1.145411887975247191e+04 2.179726946511289043e+03 9.730531362854726467e+02 3.618750847308178891e+02 8.219380287299556187e+01 8.537222207328980517e+00 8.182321605692155941e+00 1.154897537923004869e+00
4.478272653673770401e+04 2.987991106038836733e+04 2.164676023758998053e+04 1.461034796894930332e+04 9.713115743276490321e+03 5.909524427372456557e+03 4.208158394001094166e+03 2.179726946511289043e+03 3.924328108424681886e+03 4.474433844845873409e+02 1.554405811864937732e+02 7.242521283236521867e+01 4.666648795002075190e-01 1.652934846297253735e+00 6.490171223302332315e-01
1.399381699671905335e+04 9.717560824291676909e+03 6.061196395540755475e+03 4.380026363257040430e+03 2.939227959452018695e+03 1.996398236832712428e+03 1.476313954067255509e+03 9.730531362854726467e+02 4.474433844845873409e+02 1.139005441921600095e+03 8.687221632882884137e+01 2.436657335105300248e+01 -2.301951968627694356e+00 2.982341519831903209e+00 1.978423795864883372e+00
5.796475840702123605e+03 4.734179908930910642e+03 2.996086565232072189e+03 1.629613366983055812e+03 1.237697220828709760e+03 9.007514523917614042e+02 5.360077511957834986e+02 3.618750847308178891e+02 1.554405811864937732e+02 8.687221632882884137e+01 3.171105502812742998e+02 1.073917455892084050e+01 2.364696826375427996e+00 -5.666644965360746466e-01 -5.666644965360746466e-01
1.634727072889587816e+03 8.984181279943038589e+02 5.846840353705586040e+02 6.069741460855229889e+02 2.147521187495530341e+02 2.472206218572928833e+02 1.657542671788128814e+02 8.219380287299556187e+01 7.242521283236521867e+01 2.436657335105300248e+01 1.073917455892084050e+01 5.842918800096506260e+01 -1.529405907606048443e-01 -1.156858314727655379e-01 8.882318924942844696e-01
2.136383975245718716e+02 6.467818367725939765e+01 1.281955874862575229e+02 2.940380896212441186e+01 5.338018772906020359e+01 3.085870535115815727e+01 1.409014211802122674e+01 8.537222207328980517e+00 4.666648795002075190e-01 -2.301951968627694356e+00 2.364696826375427996e+00 -1.529405907606048443e-01 9.843099559208180693e+00 -1.960776804623146075e-02 -1.960776804623145728e-02
6.674092087573738752e+01 3.578221590757461001e+01 4.293709046763638781e+01 4.229395567571968684e+01 2.125482056212280924e+00 3.186262307512518710e+00 8.135262962381164087e+00 8.182321605692155941e+00 1.652934846297253735e+00 2.982341519831903209e+00 -5.666644965360746466e-01 -1.156858314727655379e-01 -1.960776804623146075e-02 1.001956947162428113e+00 -1.960776804623141131e-03
9.786237031872961722e+01 2.574303866790441475e+01 3.089007778003213289e+01 2.221560119637924657e+01 2.019600108761866863e+01 1.523327499511677274e+01 1.114701613428222871e+01 1.154897537923004869e+00 6.490171223302332315e-01 1.978423795864883372e+00 -5.666644965360746466e-01 8.882318924942844696e-01 -1.960776804623145728e-02 -1.960776804623141131e-03 1.001956947162427891e+00
