1.530312810354057001e+06 8.760511699063861743e+05 5.319269810708945151e+05 3.384759861087293830e+05 1.916673591372650699e+05 9.863879472930844349e+04 4.213469609525005217e+04 1.930352441858434031e+04 7.134350822718007294e+03 1.706599648126612237e+03 1.737745338685243155e+02 1.152678851953114929e+02
8.760511699063861743e+05 7.041885356165869161e+05 3.503573351427958114e+05 2.247769503869253967e+05 1.272118499785817257e+05 6.420084211326709192e+04 2.848016313727114175e+04 1.313419531723357977e+04 3.922734830488570879e+03 7.216755018979894203e+02 1.655803618062577698e+02 3.873612610319153049e+01
5.319269810708945151e+05 3.503573351427958114e+05 2.961530736241535633e+05 1.381907615286441287e+05 7.924507888666649524e+04 4.183889696501321305e+04 1.864769850150021375e+04 7.767937083302215797e+03 3.191694913039771563e+03 9.760054137034683208e+02 2.871781099993823005e+01 4.114062203441451260e+01
3.384759861087293830e+05 2.247769503869253967e+05 1.381907615286441287e+05 1.386930665425623010e+05 5.203586685305680294e+04 2.698108707574048458e+04 1.140529924667337764e+04 4.933565623096566924e+03 1.455685087425595611e+03 5.887875163535376259e+02 5.492385532517507585e+01 3.804099249129732385e+01
1.916673591372650699e+05 1.272118499785817257e+05 7.924507888666649524e+04 5.203586685305680294e+04 5.151325756506227481e+04 1.575014575380855058e+04 6.741638212599001236e+03 3.112272935111178867e+03 1.239315363279671374e+03 3.849594733602213523e+02 5.931169116979143041e+01 1.585927527791501568e+01
9.863879472930844349e+04 6.420084211326709192e+04 4.183889696501321305e+04 2.698108707574048458e+04 1.575014575380855058e+04 1.813710933173705416e+04 3.425609128336879166e+03 1.768941708950502516e+03 6.690831887535254054e+02 2.041772827806413204e+02 -1.590001103038189090e+00 1.448254027846382641e+01
4.213469609525005217e+04 2.848016313727114175e+04 1.864769850150021375e+04 1.140529924667337764e+04 6.741638212599001236e+03 3.425609128336879166e+03 5.469828702273476665e+03 6.677217209240119473e+02 3.621901885423297927e+02 5.533522351502151793e+01 -1.039139759477428093e+01 2.758078098411165691e+00
1.930352441858434031e+04 1.313419531723357977e+04 7.767937083302215797e+03 4.933565623096566924e+03 3.112272935111178867e+03 1.768941708950502516e+03 6.677217209240119473e+02 1.603149922448224970e+03 9.623846216958628474e+01 4.813060851443257349e+01 -1.097267821774850605e+00 4.283115551232737239e+00
7.134350822718007294e+03 3.922734830488570879e+03 3.191694913039771563e+03 1.455685087425595611e+03 1.239315363279671374e+03 6.690831887535254054e+02 3.621901885423297927e+02 9.623846216958628474e+01 4.783300243230138449e+02 2.088390728761618931e+01 -7.341916734417205381e-01 3.571250662664852804e+00
1.706599648126612237e+03 7.216755018979894203e+02 9.760054137034683208e+02 5.887875163535376259e+02 3.849594733602213523e+02 2.041772827806413204e+02 5.533522351502151793e+01 4.813060851443257349e+01 2.088390728761618931e+01 9.087159363935960243e+01 -1.115331167500153819e+00 1.535730095450474897e+00
1.737745338685243155e+02 1.655803618062577698e+02 2.871781099993823005e+01 5.492385532517507585e+01 5.931169116979143041e+01 -1.590001103038189090e+00 -1.039139759477428093e+01 -1.097267821774850605e+00 -7.341916734417205381e-01 -1.115331167500153819e+00 6.950399005991553025e+00 -4.127458310285250093e-02
1.152678851953114929e+02 3.873612610319153049e+01 4.114062203441451260e+01 3.804099249129732385e+01 1.585927527791501568e+01 1.448254027846382641e+01 2.758078098411165691e+00 4.283115551232737239e+00 3.571250662664852804e+00 1.535730095450474897e+00 -4.127458310285250093e-02 3.000167618179316431e+00
