1.880929496103481157e+06 1.093104116987826535e+06 7.327178418503698194e+05 4.840152070710190455e+05 3.262938625045163208e+05 1.987179971591884969e+05 1.206104353976872662e+05 5.465605282049247035e+04 3.094941973504264024e+04 1.109986113547618152e+04 3.450023900158738797e+03 6.610150362043976884e+02 1.335762196663412453e+02 1.081690808313860117e+02
1.093104116987826535e+06 9.439269326643409440e+05 5.151188116043072077e+05 3.411560641598064685e+05 2.364621168933202862e+05 1.387890279193232127e+05 8.683647210379333410e+04 3.817271939245728572e+04 1.980060298645162038e+04 8.160125004189459105e+03 2.919421753915715271e+03 1.857179697007503307e+02 8.710964763787838194e+01 2.475726384955409287e+01
7.327178418503698194e+05 5.151188116043072077e+05 4.657520530904433108e+05 2.325041462303102016e+05 1.538566810378695664e+05 9.910084698011104774e+04 5.977381131856345019e+04 2.642265135270565952e+04 1.323703845437583186e+04 4.951735131531727347e+03 1.850028557424036535e+03 2.618178782825440294e+02 -1.683569466852881291e+01 2.685855558361047457e+01
4.840152070710190455e+05 3.411560641598064685e+05 2.325041462303102016e+05 2.203019663153357396e+05 1.022166973455593834e+05 6.296633167255028820e+04 4.005983842433792597e+04 1.785036967640792136e+04 9.570709203312926547e+03 3.569324848458194992e+03 1.028142340427153840e+03 1.877263882986914041e+02 5.985953066540028544e+01 2.814860229596765606e+01
3.262938625045163208e+05 2.364621168933202862e+05 1.538566810378695664e+05 1.022166973455593834e+05 1.057334060598567157e+05 4.352070913854373794e+04 2.672644550965027520e+04 1.255811618622683636e+04 5.944466119958585296e+03 2.208474366251684387e+03 7.510732665304628881e+02 1.386887661366840234e+02 3.393066157057734955e+01 1.808549446004649042e+01
1.987179971591884969e+05 1.387890279193232127e+05 9.910084698011104774e+04 6.296633167255028820e+04 4.352070913854373794e+04 4.736380321556475246e+04 1.672805506638175211e+04 7.353445952957540612e+03 3.423605501719767290e+03 1.504330763951200197e+03 4.148075892470053532e+02 9.983310359722636917e+01 1.210941304036562904e+01 1.813739930185430893e+01
1.206104353976872662e+05 8.683647210379333410e+04 5.977381131856345019e+04 4.005983842433792597e+04 2.672644550965027520e+04 1.672805506638175211e+04 2.052869147987483302e+04 4.845235761215874845e+03 2.621161072787763715e+03 1.176439149192509831e+03 3.181068004579381068e+02 4.954702007974643152e+01 1.510261057315544342e+01 6.240762138200877551e+00
5.465605282049247035e+04 3.817271939245728572e+04 2.642265135270565952e+04 1.785036967640792136e+04 1.255811618622683636e+04 7.353445952957540612e+03 4.845235761215874845e+03 6.679670537483471890e+03 9.264340479414209995e+02 6.639900809814657805e+02 9.402845758372421869e+01 2.389872351119078786e+01 2.241321342413259643e+00 3.867558646247543308e+00
3.094941973504264024e+04 1.980060298645162038e+04 1.323703845437583186e+04 9.570709203312926547e+03 5.944466119958585296e+03 3.423605501719767290e+03 2.621161072787763715e+03 9.264340479414209995e+02 2.496361115240431900e+03 2.014060907676006025e+02 9.659705775945522532e+01 8.525950603699127939e+00 3.561608395531281168e+00 3.101977763090573159e-01
1.109986113547618152e+04 8.160125004189459105e+03 4.951735131531727347e+03 3.569324848458194992e+03 2.208474366251684387e+03 1.504330763951200197e+03 1.176439149192509831e+03 6.639900809814657805e+02 2.014060907676006025e+02 8.072826891028241789e+02 3.169275482518403564e+01 1.454536259943614684e+00 3.935288820258724396e+00 -2.178501800365102437e-01
3.450023900158738797e+03 2.919421753915715271e+03 1.850028557424036535e+03 1.028142340427153840e+03 7.510732665304628881e+02 4.148075892470053532e+02 3.181068004579381068e+02 9.402845758372421869e+01 9.659705775945522532e+01 3.169275482518403564e+01 1.965922867602677684e+02 2.490397757982790505e+00 -5.553278073001350901e-01 6.926445161967633712e-01
6.610150362043976884e+02 1.857179697007503307e+02 2.618178782825440294e+02 1.877263882986914041e+02 1.386887661366840234e+02 9.983310359722636917e+01 4.954702007974643152e+01 2.389872351119078786e+01 8.525950603699127939e+00 1.454536259943614684e+00 2.490397757982790505e+00 2.023198440034384760e+01 -2.060074300467926445e-01 9.632694500797426285e-01
1.335762196663412453e+02 8.710964763787838194e+01 -1.683569466852881291e+01 5.985953066540028544e+01 3.393066157057734955e+01 1.210941304036562904e+01 1.510261057315544342e+01 2.241321342413259643e+00 3.561608395531281168e+00 3.935288820258724396e+00 -5.553278073001350901e-01 -2.060074300467926445e-01 4.973102832049034028e+00 -9.808264969309817005e-03
1.081690808313860117e+02 2.475726384955409287e+01 2.685855558361047457e+01 2.814860229596765606e+01 1.808549446004649042e+01 1.813739930185430893e+01 6.240762138200877551e+00 3.867558646247543308e+00 3.101977763090573159e-01 -2.178501800365102437e-01 6.926445161967633712e-01 9.632694500797426285e-01 -9.808264969309817005e-03 1.002341692214861357e+00
