1.149540373395367758e+06 6.001374330864835065e+05 3.683145964283904177e+05 2.011045420010423986e+05 1.046543937503746274e+05 4.647348979321968363e+04 1.847825283978039442e+04 6.623109916785230780e+03 1.486973545672246701e+03 -6.396646758748262052e+00 1.649274692843788515e+01
6.001374330864835065e+05 4.733653320847662981e+05 2.237145502745810663e+05 1.247909117283292435e+05 6.840489581834143610e+04 2.858714674752173232e+04 1.119580556305879873e+04 4.658212865641885401e+03 1.096187097376017846e+03 9.670834175167902913e+01 1.817461433185102493e+01
3.683145964283904177e+05 2.237145502745810663e+05 2.071795736865334620e+05 7.915136453412534320e+04 3.944623325751807715e+04 1.750243722063301539e+04 6.727299671591191327e+03 2.636807484082717110e+03 9.770001893632171459e+02 -2.008915118990521886e+00 1.346672777836455737e+01
2.011045420010423986e+05 1.247909117283292435e+05 7.915136453412534320e+04 7.500827789653047512e+04 2.471054488924559337e+04 9.919557677207531015e+03 3.694501938669339779e+03 1.741919354067961422e+03 6.766263884492241232e+02 3.204797570925325356e+00 2.298171615670872114e+01
1.046543937503746274e+05 6.840489581834143610e+04 3.944623325751807715e+04 2.471054488924559337e+04 2.561411620470544949e+04 5.005267696261273159e+03 2.190387694345908130e+03 9.299613223474561892e+02 3.925417546537871090e+02 1.243558719772596177e+01 -7.838196907429260119e-01
4.647348979321968363e+04 2.858714674752173232e+04 1.750243722063301539e+04 9.919557677207531015e+03 5.005267696261273159e+03 7.437316993872778767e+03 1.141273490362275425e+03 3.860727756784285702e+02 1.273763404618922408e+02 2.576939258575547509e+00 -2.473120340961132868e+00
1.847825283978039442e+04 1.119580556305879873e+04 6.727299671591191327e+03 3.694501938669339779e+03 2.190387694345908130e+03 1.141273490362275425e+03 1.970593948613633529e+03 2.177638407711488355e+02 4.871325082489151015e+01 2.225786132407989726e+00 3.857958158378750113e+00
6.623109916785230780e+03 4.658212865641885401e+03 2.636807484082717110e+03 1.741919354067961422e+03 9.299613223474561892e+02 3.860727756784285702e+02 2.177638407711488355e+02 5.834820248842107731e+02 4.351392448022896531e+01 4.391276337922799478e+00 3.546193393130742805e-02
1.486973545672246701e+03 1.096187097376017846e+03 9.770001893632171459e+02 6.766263884492241232e+02 3.925417546537871090e+02 1.273763404618922408e+02 4.871325082489151015e+01 4.351392448022896531e+01 9.370254263661293237e+01 2.835806909422874944e-01 -1.732252379267826548e-01
-6.396646758748262052e+00 9.670834175167902913e+01 -2.008915118990521886e+00 3.204797570925325356e+00 1.243558719772596177e+01 2.576939258575547509e+00 2.225786132407989726e+00 4.391276337922799478e+00 2.835806909422874944e-01 1.189515748374292947e+01 -1.967252340306485658e-02
1.649274692843788515e+01 1.817461433185102493e+01 1.346672777836455737e+01 2.298171615670872114e+01 -7.838196907429260119e-01 -2.473120340961132868e+00 3.857958158378750113e+00 3.546193393130742805e-02 -1.732252379267826548e-01 -1.967252340306485658e-02 1.004836265769113002e+00
