1.906768162431446835e+06 1.137285678733359789e+06 8.133292552757536760e+05 5.383816974210421322e+05 3.717066353891476174e+05 2.505581966538740962e+05 1.616785839324623812e+05 9.464510668507823721e+04 5.075336857344308373e+04 2.246045737475174246e+04 9.054474634431579034e+03 2.092343715370107930e+03 7.626417034870265752e+02 1.203348487491961265e+02 1.005818917859357526e+02
1.137285678733359789e+06 1.011115946160574676e+06 5.864630215146276169e+05 3.801574484779348713e+05 2.648023607271095389e+05 1.771057869977770897e+05 1.149530345909439347e+05 6.775945857983926544e+04 3.548139329329505563e+04 1.491656623641355327e+04 7.077070591388611319e+03 1.467162058092463667e+03 3.849446025534947466e+02 5.260231555232523704e+01 4.517733589991588161e+01
8.133292552757536760e+05 5.864630215146276169e+05 5.492228251055680448e+05 2.770882571973377489e+05 1.921830949118522403e+05 1.290521899211040582e+05 8.373241739443379629e+04 5.040779767138717580e+04 2.669282736646229750e+04 1.052401802462864725e+04 4.382521383973557931e+03 8.550917524540918748e+02 3.477877363922406744e+02 3.204582787853955494e+01 2.392509868443805132e+01
5.383816974210421322e+05 3.801574484779348713e+05 2.770882571973377489e+05 2.638985155879063532e+05 1.284625341831215192e+05 8.483633568905282300e+04 5.317648186530845123e+04 3.307095064726868441e+04 1.715377638587992624e+04 6.824311123692840738e+03 3.074649600398503935e+03 4.945876087807222916e+02 1.729235275777036804e+02 3.356381727644679813e+01 2.235204623072034025e+01
3.717066353891476174e+05 2.648023607271095389e+05 1.921830949118522403e+05 1.284625341831215192e+05 1.314113479248966032e+05 6.044776763328719971e+04 3.928777900715962460e+04 2.377057838380198518e+04 1.154133155136996174e+04 5.481184719097544075e+03 1.936982946488225707e+03 3.254635883003978734e+02 1.169333503398085412e+02 1.163784829968102841e+01 1.771364783496753859e+01
2.505581966538740962e+05 1.771057869977770897e+05 1.290521899211040582e+05 8.483633568905282300e+04 6.044776763328719971e+04 6.339021568139096780e+04 2.750502698566039908e+04 1.584300401237028746e+04 7.375787989908380041e+03 3.296913484306522605e+03 1.454603265960490944e+03 2.991998681175586512e+02 9.229940790372178583e+01 1.886106942974636169e+01 1.605182920148840964e+01
1.616785839324623812e+05 1.149530345909439347e+05 8.373241739443379629e+04 5.317648186530845123e+04 3.928777900715962460e+04 2.750502698566039908e+04 3.274340949951125731e+04 1.021464703367455877e+04 5.083932235742689954e+03 2.188021478893366293e+03 1.024859332031421900e+03 2.528723198234654319e+02 6.989132910593706072e+01 3.684947317824870172e+00 7.616821384430449982e+00
9.464510668507823721e+04 6.775945857983926544e+04 5.040779767138717580e+04 3.307095064726868441e+04 2.377057838380198518e+04 1.584300401237028746e+04 1.021464703367455877e+04 1.484681236285798514e+04 3.180256513259776966e+03 1.418857682072198031e+03 6.983884957579282400e+02 1.923735998111775700e+02 1.670817420621646932e+01 9.186333252774526059e+00 6.756168054800579803e+00
5.075336857344308373e+04 3.548139329329505563e+04 2.669282736646229750e+04 1.715377638587992624e+04 1.154133155136996174e+04 7.375787989908380041e+03 5.083932235742689954e+03 3.180256513259776966e+03 5.441001347436016658e+03 5.874701576028077170e+02 3.245715597010415649e+02 7.565886500355254896e+01 2.976133428448362483e+00 4.824370142075364853e+00 -7.413216230887149649e-01
2.246045737475174246e+04 1.491656623641355327e+04 1.052401802462864725e+04 6.824311123692840738e+03 5.481184719097544075e+03 3.296913484306522605e+03 2.188021478893366293e+03 1.418857682072198031e+03 5.874701576028077170e+02 1.647077369763543174e+03 1.471421680042671483e+02 1.828109938666535328e+01 4.507621165534258623e+00 1.102645269938420380e+00 3.385949527017446226e+00
9.054474634431579034e+03 7.077070591388611319e+03 4.382521383973557931e+03 3.074649600398503935e+03 1.936982946488225707e+03 1.454603265960490944e+03 1.024859332031421900e+03 6.983884957579282400e+02 3.245715597010415649e+02 1.471421680042671483e+02 5.519553436732408045e+02 2.261634653991068689e+01 5.468364046273309853e+00 3.306419333207378575e+00 -9.094462817604389571e-01
2.092343715370107930e+03 1.467162058092463667e+03 8.550917524540918748e+02 4.945876087807222916e+02 3.254635883003978734e+02 2.991998681175586512e+02 2.528723198234654319e+02 1.923735998111775700e+02 7.565886500355254896e+01 1.828109938666535328e+01 2.261634653991068689e+01 9.642929631861838402e+01 2.111570726094104788e+00 -5.832882398932227597e-01 8.109593169698867676e-01
7.626417034870265752e+02 3.849446025534947466e+02 3.477877363922406744e+02 1.729235275777036804e+02 1.169333503398085412e+02 9.229940790372178583e+01 6.989132910593706072e+01 1.670817420621646932e+01 2.976133428448362483e+00 4.507621165534258623e+00 5.468364046273309853e+00 2.111570726094104788e+00 1.463958251829441082e+01 -8.835337847211534312e-02 -2.944585377175590324e-02
1.203348487491961265e+02 5.260231555232523704e+01 3.204582787853955494e+01 3.356381727644679813e+01 1.163784829968102841e+01 1.886106942974636169e+01 3.684947317824870172e+00 9.186333252774526059e+00 4.824370142075364853e+00 1.102645269938420380e+00 3.306419333207378575e+00 -5.832882398932227597e-01 -8.835337847211534312e-02 2.997638699703446985e+00 -5.888216223658209944e-03
1.005818917859357526e+02 4.517733589991588161e+01 2.392509868443805132e+01 2.235204623072034025e+01 1.771364783496753859e+01 1.605182920148840964e+01 7.616821384430449982e+00 6.756168054800579803e+00 -7.413216230887149649e-01 3.385949527017446226e+00 -9.094462817604389571e-01 8.109593169698867676e-01 -2.944585377175590324e-02 -5.888216223658209944e-03 1.002779945421147456e+00
