# M_low [Msun/h] M_high[Msun/h] Number M_mean[Msun/h]
1.284356999999999971e+01 1.305408000000000079e+01 2.081090000000000000e+05 8.760428429332705078e+12
1.305408000000000079e+01 1.326459000000000010e+01 1.154940000000000000e+05 1.421552634768905664e+13
1.326459000000000010e+01 1.347509999999999941e+01 6.108800000000000000e+04 2.302216474594028125e+13
1.347509999999999941e+01 1.368561000000000050e+01 3.009800000000000000e+04 3.727739384676722656e+13
1.368561000000000050e+01 1.389611999999999981e+01 1.360400000000000000e+04 6.026742134666275000e+13
1.389611999999999981e+01 1.410662999999999911e+01 5.534000000000000000e+03 9.698823635706540625e+13
1.410662999999999911e+01 1.431714000000000020e+01 1.808000000000000000e+03 1.568637168141592812e+14
1.431714000000000020e+01 1.452764999999999951e+01 4.650000000000000000e+02 2.484686021505376250e+14
1.452764999999999951e+01 1.473816000000000059e+01 7.500000000000000000e+01 4.030224000000000000e+14
1.473816000000000059e+01 1.494866999999999990e+01 1.000000000000000000e+01 6.183350000000000000e+14
