# M_low [Msun/h] M_high[Msun/h] Number M_mean[Msun/h]
1.284356999999999971e+01 1.293430999999999997e+01 2.420000000000000000e+03 7.680958677685950195e+12
1.293430999999999997e+01 1.302505000000000024e+01 1.400000000000000000e+03 9.472792857142857422e+12
1.302505000000000024e+01 1.311579000000000050e+01 7.180000000000000000e+02 1.161806545961002734e+13
1.311579000000000050e+01 1.320653000000000077e+01 3.830000000000000000e+02 1.444051697127937305e+13
1.320653000000000077e+01 1.329726999999999926e+01 1.500000000000000000e+02 1.763973333333333203e+13
1.329726999999999926e+01 1.338800999999999952e+01 8.000000000000000000e+01 2.192402500000000000e+13
1.338800999999999952e+01 1.347875999999999941e+01 3.600000000000000000e+01 2.694233333333333203e+13
1.347875999999999941e+01 1.356949999999999967e+01 1.400000000000000000e+01 3.294364285714285547e+13
1.356949999999999967e+01 1.366023999999999994e+01 1.100000000000000000e+01 4.035881818181817969e+13
1.366023999999999994e+01 1.375098000000000020e+01 1.000000000000000000e+00 5.419800000000000000e+13
