# M_low [Msun/h] M_high[Msun/h] Number M_mean[Msun/h]
1.284356999999999971e+01 1.304252999999999929e+01 1.758830000000000000e+05 8.649687576400220703e+12
1.304252999999999929e+01 1.324150000000000027e+01 9.796700000000000000e+04 1.368185205222166602e+13
1.324150000000000027e+01 1.344045999999999985e+01 5.179200000000000000e+04 2.157767608897126953e+13
1.344045999999999985e+01 1.363943000000000083e+01 2.559400000000000000e+04 3.395602484957411719e+13
1.363943000000000083e+01 1.383839000000000041e+01 1.179500000000000000e+04 5.365821110640101562e+13
1.383839000000000041e+01 1.403735999999999962e+01 4.750000000000000000e+03 8.415052631578946875e+13
1.403735999999999962e+01 1.423631999999999920e+01 1.555000000000000000e+03 1.327772347266881094e+14
1.423631999999999920e+01 1.443529000000000018e+01 4.370000000000000000e+02 2.053783752860411875e+14
1.443529000000000018e+01 1.463424999999999976e+01 7.100000000000000000e+01 3.284391549295774375e+14
1.463424999999999976e+01 1.483322000000000074e+01 1.200000000000000000e+01 5.093633333333333125e+14
