# M_low [Msun/h] M_high[Msun/h] Number M_mean[Msun/h]
1.284356999999999971e+01 1.298818999999999946e+01 3.031200000000000000e+04 8.126712193190815430e+12
1.298818999999999946e+01 1.313280999999999921e+01 1.574400000000000000e+04 1.133891006097560938e+13
1.313280999999999921e+01 1.327744000000000035e+01 7.760000000000000000e+03 1.578603092783505078e+13
1.327744000000000035e+01 1.342206000000000010e+01 3.539000000000000000e+03 2.196128284826222266e+13
1.342206000000000010e+01 1.356667999999999985e+01 1.483000000000000000e+03 3.053681726230613672e+13
1.356667999999999985e+01 1.371129999999999960e+01 5.000000000000000000e+02 4.232122000000000000e+13
1.371129999999999960e+01 1.385591999999999935e+01 1.800000000000000000e+02 5.961544444444444531e+13
1.385591999999999935e+01 1.400055000000000049e+01 4.700000000000000000e+01 8.117385106382978125e+13
1.400055000000000049e+01 1.414517000000000024e+01 8.000000000000000000e+00 1.077087500000000000e+14
1.414517000000000024e+01 1.428978999999999999e+01 1.000000000000000000e+00 1.758100000000000000e+14
