# M_low [Msun/h] M_high[Msun/h] Number M_mean[Msun/h]
1.284356999999999971e+01 1.303608000000000011e+01 1.485160000000000000e+05 8.585465539066498047e+12
1.303608000000000011e+01 1.322859000000000052e+01 8.197200000000000000e+04 1.336869906797442969e+13
1.322859000000000052e+01 1.342111000000000054e+01 4.293700000000000000e+04 2.078668514334955859e+13
1.342111000000000054e+01 1.361361999999999917e+01 2.064800000000000000e+04 3.223052111584657031e+13
1.361361999999999917e+01 1.380612999999999957e+01 9.281000000000000000e+03 5.008841719642279688e+13
1.380612999999999957e+01 1.399864999999999959e+01 3.619000000000000000e+03 7.741481072119370312e+13
1.399864999999999959e+01 1.419116000000000000e+01 1.178000000000000000e+03 1.204589983022071250e+14
1.419116000000000000e+01 1.438367000000000040e+01 3.100000000000000000e+02 1.849942580645161250e+14
1.438367000000000040e+01 1.457618000000000080e+01 4.900000000000000000e+01 2.905110204081632500e+14
1.457618000000000080e+01 1.476870000000000083e+01 7.000000000000000000e+00 4.417328571428571250e+14
