# M_low [Msun/h] M_high[Msun/h] Number M_mean[Msun/h]
1.284356999999999971e+01 1.309333999999999953e+01 3.368650000000000000e+05 9.167173793656212891e+12
1.309333999999999953e+01 1.334309999999999974e+01 1.879900000000000000e+05 1.627936592371934766e+13
1.334309999999999974e+01 1.359286999999999956e+01 1.014720000000000000e+05 2.886567723115736328e+13
1.359286999999999956e+01 1.384263999999999939e+01 5.142200000000000000e+04 5.120057562910816406e+13
1.384263999999999939e+01 1.409239999999999959e+01 2.427400000000000000e+04 9.052496498310950000e+13
1.409239999999999959e+01 1.434216999999999942e+01 1.016100000000000000e+04 1.596851687826001250e+14
1.434216999999999942e+01 1.459193999999999924e+01 3.402000000000000000e+03 2.811619635508524375e+14
1.459193999999999924e+01 1.484169999999999945e+01 9.890000000000000000e+02 4.860061678463093750e+14
1.484169999999999945e+01 1.509146999999999927e+01 1.670000000000000000e+02 8.491209580838323750e+14
1.509146999999999927e+01 1.534124000000000088e+01 1.300000000000000000e+01 1.416261538461538500e+15
