# M_low [Msun/h] M_high[Msun/h] Number M_mean[Msun/h]
1.284356999999999971e+01 1.308252000000000059e+01 3.047510000000000000e+05 9.052170460474289062e+12
1.308252000000000059e+01 1.332147999999999932e+01 1.704920000000000000e+05 1.569516458250240430e+13
1.332147999999999932e+01 1.356043999999999983e+01 9.177700000000000000e+04 2.714917680900443359e+13
1.356043999999999983e+01 1.379939000000000071e+01 4.611900000000000000e+04 4.693169843231639844e+13
1.379939000000000071e+01 1.403834999999999944e+01 2.178100000000000000e+04 8.083577429870070312e+13
1.403834999999999944e+01 1.427730000000000032e+01 9.057000000000000000e+03 1.390608369217180156e+14
1.427730000000000032e+01 1.451626000000000083e+01 3.023000000000000000e+03 2.388455838570955938e+14
1.451626000000000083e+01 1.475520999999999994e+01 8.590000000000000000e+02 4.080763678696158125e+14
1.475520999999999994e+01 1.499417000000000044e+01 1.500000000000000000e+02 6.939386666666666250e+14
1.499417000000000044e+01 1.523311999999999955e+01 1.300000000000000000e+01 1.146020769230769250e+15
