# M_low [Msun/h] M_high[Msun/h] Number M_mean[Msun/h]
1.284356999999999971e+01 1.306325999999999965e+01 2.401340000000000000e+05 8.853894075807673828e+12
1.306325999999999965e+01 1.328294999999999959e+01 1.335020000000000000e+05 1.467784003235906641e+13
1.328294999999999959e+01 1.350263999999999953e+01 7.116300000000000000e+04 2.430743504349170312e+13
1.350263999999999953e+01 1.372232999999999947e+01 3.543200000000000000e+04 4.019169112666516406e+13
1.372232999999999947e+01 1.394203000000000081e+01 1.610100000000000000e+04 6.636674740699335156e+13
1.394203000000000081e+01 1.416172000000000075e+01 6.676000000000000000e+03 1.091120431396045469e+14
1.416172000000000075e+01 1.438141000000000069e+01 2.157000000000000000e+03 1.794803894297635625e+14
1.438141000000000069e+01 1.460110000000000063e+01 6.020000000000000000e+02 2.941397009966777500e+14
1.460110000000000063e+01 1.482079000000000057e+01 8.000000000000000000e+01 4.835971250000000000e+14
1.482079000000000057e+01 1.504048000000000052e+01 1.100000000000000000e+01 7.743990909090908750e+14
