# M_low [Msun/h] M_high[Msun/h] Number M_mean[Msun/h]
1.284356999999999971e+01 1.306919000000000075e+01 2.699640000000000000e+05 8.920122683024402344e+12
1.306919000000000075e+01 1.329481999999999964e+01 1.513740000000000000e+05 1.500525849881749805e+13
1.329481999999999964e+01 1.352044000000000068e+01 8.222400000000000000e+04 2.514382661996497266e+13
1.352044000000000068e+01 1.374606999999999957e+01 4.186800000000000000e+04 4.214032196426865625e+13
1.374606999999999957e+01 1.397169000000000061e+01 1.972100000000000000e+04 7.057994016530601562e+13
1.397169000000000061e+01 1.419731999999999950e+01 8.257000000000000000e+03 1.179633523071333438e+14
1.419731999999999950e+01 1.442294000000000054e+01 2.877000000000000000e+03 1.958686826555439688e+14
1.442294000000000054e+01 1.464856999999999942e+01 8.350000000000000000e+02 3.295506586826347500e+14
1.464856999999999942e+01 1.487419000000000047e+01 1.460000000000000000e+02 5.384729452054794375e+14
1.487419000000000047e+01 1.509981999999999935e+01 1.600000000000000000e+01 8.996162500000000000e+14
