1.527289612901068991e+06 8.333802188608252909e+05 5.204551155207673437e+05 3.133828961749992450e+05 1.760827970773937413e+05 8.072708835298231861e+04 3.517856056654426357e+04 1.258951051454021581e+04 3.075618696942538008e+03 4.376325499159219703e+02 3.572580346727297069e+02
8.333802188608252909e+05 6.604067952991480706e+05 3.373524190818881034e+05 2.036032337708716805e+05 1.129590530596927420e+05 5.096466129680092854e+04 2.227298098180493253e+04 9.016344979724788573e+03 1.465511326719078397e+03 4.231286932548697450e+02 2.403322368162637304e+02
5.204551155207673437e+05 3.373524190818881034e+05 2.894245945995156653e+05 1.205396230475105694e+05 7.217980675216860254e+04 3.379328271751327702e+04 1.403597313314139501e+04 5.780155251698323809e+03 1.223889885719552922e+03 2.028692694277204680e+02 1.276903419070081895e+02
3.133828961749992450e+05 2.036032337708716805e+05 1.205396230475105694e+05 1.133000299026415450e+05 4.345212435972373351e+04 1.813744089545944371e+04 8.347353099997229947e+03 3.271186366611105313e+03 7.308597312920920785e+02 1.452975103733236040e+02 9.151950610325398827e+01
1.760827970773937413e+05 1.129590530596927420e+05 7.217980675216860254e+04 4.345212435972373351e+04 4.108727234454010613e+04 1.160179568094671049e+04 5.325604358758056151e+03 2.002622476391567943e+03 5.044785951491774654e+02 1.129514828864510747e+02 5.895089699132857675e+01
8.072708835298231861e+04 5.096466129680092854e+04 3.379328271751327702e+04 1.813744089545944371e+04 1.160179568094671049e+04 1.236370879640928979e+04 2.557764210363402071e+03 8.963089607980992923e+02 2.983661702623614929e+02 2.993845019463302748e+01 4.027974441323468113e+01
3.517856056654426357e+04 2.227298098180493253e+04 1.403597313314139501e+04 8.347353099997229947e+03 5.325604358758056151e+03 2.557764210363402071e+03 3.664184718387869907e+03 4.704703652811907659e+02 1.846383254774283955e+02 7.235538677928109230e+00 7.392132511813969131e+00
1.258951051454021581e+04 9.016344979724788573e+03 5.780155251698323809e+03 3.271186366611105313e+03 2.002622476391567943e+03 8.963089607980992923e+02 4.704703652811907659e+02 9.541389207186033445e+02 5.307927720642236835e+01 7.199954326446100339e+00 1.252989370342003861e+00
3.075618696942538008e+03 1.465511326719078397e+03 1.223889885719552922e+03 7.308597312920920785e+02 5.044785951491774654e+02 2.983661702623614929e+02 1.846383254774283955e+02 5.307927720642236835e+01 1.525890482604409897e+02 5.714933459338601196e+00 7.716316608092635976e-01
4.376325499159219703e+02 4.231286932548697450e+02 2.028692694277204680e+02 1.452975103733236040e+02 1.129514828864510747e+02 2.993845019463302748e+01 7.235538677928109230e+00 7.199954326446100339e+00 5.714933459338601196e+00 2.778759914436592382e+01 7.947648547230592442e-01
3.572580346727297069e+02 2.403322368162637304e+02 1.276903419070081895e+02 9.151950610325398827e+01 5.895089699132857675e+01 4.027974441323468113e+01 7.392132511813969131e+00 1.252989370342003861e+00 7.716316608092635976e-01 7.947648547230592442e-01 3.995684548883165821e+00
