2.072441771102427272e+06 1.246672494299580110e+06 8.447334884900355246e+05 6.186557366431709379e+05 4.076842328269254649e+05 2.809572612850258593e+05 1.627842550235487288e+05 9.823212380467733601e+04 5.042896569789675414e+04 2.133176340470517607e+04 9.511663573592182729e+03 1.327071388360201581e+03 3.714123031085084108e+02 3.899985064419443148e+00
1.246672494299580110e+06 1.122243025723655242e+06 6.124842916502192384e+05 4.484952275151924696e+05 2.912481454038394149e+05 2.025871771018187865e+05 1.180366303131547756e+05 7.020159585785711533e+04 3.672246132635703543e+04 1.664699703202641831e+04 6.669556810827350091e+03 1.318553773920874846e+03 2.565421547864690410e+02 8.872515040912782425e+00
8.447334884900355246e+05 6.124842916502192384e+05 5.439143228771346621e+05 2.982430578314188169e+05 2.014423285450007534e+05 1.370005420016140561e+05 8.080533760211267509e+04 5.007794351277856185e+04 2.529847762531528133e+04 1.007939473271001771e+04 4.668595846370161780e+03 6.883718735758549201e+02 2.388598695624055495e+02 -2.521755048425794143e+01
6.186557366431709379e+05 4.484952275151924696e+05 2.982430578314188169e+05 2.942817200607979903e+05 1.475847720558594447e+05 9.795858955810336920e+04 5.646334454908053885e+04 3.565345169480768527e+04 1.868946960221448535e+04 7.091764997835990471e+03 2.986439543353430963e+03 6.629268729822384785e+02 1.442621926233391036e+02 8.588202404249125621e-01
4.076842328269254649e+05 2.912481454038394149e+05 2.014423285450007534e+05 1.475847720558594447e+05 1.391395436138738296e+05 6.517280139093002072e+04 3.848719378372600477e+04 2.393895734161529981e+04 1.219595917601391375e+04 5.255079874847184328e+03 2.192797484690991496e+03 4.281179682982227632e+02 1.171936688355170872e+02 -2.037247100003417799e+00
2.809572612850258593e+05 2.025871771018187865e+05 1.370005420016140561e+05 9.795858955810336920e+04 6.517280139093002072e+04 7.099254380920503172e+04 2.643917717840024488e+04 1.663802255659431466e+04 7.982494919980172199e+03 3.458151462349151188e+03 1.611633043684884797e+03 1.883914353882033197e+02 5.348999123012458767e+01 -4.988216190963221663e+00
1.627842550235487288e+05 1.180366303131547756e+05 8.080533760211267509e+04 5.646334454908053885e+04 3.848719378372600477e+04 2.643917717840024488e+04 2.895298715921288385e+04 9.547257554927353340e+03 4.659182156931370628e+03 2.005827612486279122e+03 7.910871664861045929e+02 1.525954940430000306e+02 7.328599384959915142e+01 -1.003917723967501452e+00
9.823212380467733601e+04 7.020159585785711533e+04 5.007794351277856185e+04 3.565345169480768527e+04 2.393895734161529981e+04 1.663802255659431466e+04 9.547257554927353340e+03 1.337944483974890863e+04 3.140252679792189156e+03 1.460890483722117096e+03 5.585527628953850581e+02 8.188400013786979059e+01 2.341363582400601473e+01 3.382339987974714912e+00
5.042896569789675414e+04 3.672246132635703543e+04 2.529847762531528133e+04 1.868946960221448535e+04 1.219595917601391375e+04 7.982494919980172199e+03 4.659182156931370628e+03 3.140252679792189156e+03 4.455024115256876030e+03 6.987757553011723530e+02 2.479814032574955718e+02 6.266838745255797960e+01 1.768816755450487221e+01 -2.719597428012173079e+00
2.133176340470517607e+04 1.664699703202641831e+04 1.007939473271001771e+04 7.091764997835990471e+03 5.255079874847184328e+03 3.458151462349151188e+03 2.005827612486279122e+03 1.460890483722117096e+03 6.987757553011723530e+02 1.610548734111764134e+03 1.301818543893454603e+02 3.301752061304910768e+01 7.974479264402412504e+00 -1.233328610107887524e+00
9.511663573592182729e+03 6.669556810827350091e+03 4.668595846370161780e+03 2.986439543353430963e+03 2.192797484690991496e+03 1.611633043684884797e+03 7.910871664861045929e+02 5.585527628953850581e+02 2.479814032574955718e+02 1.301818543893454603e+02 3.738475878998762596e+02 8.080361211852014947e+00 3.758809134462641310e+00 -5.862722645823338352e-01
1.327071388360201581e+03 1.318553773920874846e+03 6.883718735758549201e+02 6.629268729822384785e+02 4.281179682982227632e+02 1.883914353882033197e+02 1.525954940430000306e+02 8.188400013786979059e+01 6.266838745255797960e+01 3.301752061304910768e+01 8.080361211852014947e+00 5.773899456573770550e+01 1.072544912128859496e+00 8.999965533220228853e-01
3.714123031085084108e+02 2.565421547864690410e+02 2.388598695624055495e+02 1.442621926233391036e+02 1.171936688355170872e+02 5.348999123012458767e+01 7.328599384959915142e+01 2.341363582400601473e+01 1.768816755450487221e+01 7.974479264402412504e+00 3.758809134462641310e+00 1.072544912128859496e+00 8.876436594528973600e+00 -1.764699124160829316e-02
3.899985064419443148e+00 8.872515040912782425e+00 -2.521755048425794143e+01 8.588202404249125621e-01 -2.037247100003417799e+00 -4.988216190963221663e+00 -1.003917723967501452e+00 3.382339987974714912e+00 -2.719597428012173079e+00 -1.233328610107887524e+00 -5.862722645823338352e-01 8.999965533220228853e-01 -1.764699124160829316e-02 1.001956947162427225e+00
