1.839014740223619156e+06 1.035198784590241732e+06 6.692100163722370053e+05 4.518870435034542461e+05 2.717852034356475924e+05 1.399396079102898366e+05 7.524200029149843613e+04 3.276029931629451312e+04 1.114510494579699480e+04 1.895599098316926074e+03 9.274590069487918527e+02 2.974082010764878437e+00
1.035198784590241732e+06 8.507498244922400918e+05 4.329600185215105303e+05 3.047471624037206639e+05 1.822409015480282251e+05 9.583834719560662052e+04 5.084783358986918029e+04 2.093657435384813289e+04 7.621552248590143790e+03 1.105024125376985921e+03 7.403526839733817724e+02 7.705605381978998025e+00
6.692100163722370053e+05 4.329600185215105303e+05 3.802156656544932630e+05 1.937015191044007370e+05 1.145595427116507490e+05 6.240485359736208920e+04 3.291402521011442150e+04 1.459008949664154898e+04 5.019589503414171304e+03 6.059551862844787138e+02 4.443273034751653086e+02 -7.981342687529318525e+00
4.518870435034542461e+05 3.047471624037206639e+05 1.937015191044007370e+05 1.892149123853364727e+05 7.926299483663903084e+04 4.059985295767668140e+04 2.190079744687518178e+04 1.024152016361358255e+04 3.596707179784024902e+03 7.316067960971412276e+02 3.143988854382017735e+02 9.186707202638883629e+00
2.717852034356475924e+05 1.822409015480282251e+05 1.145595427116507490e+05 7.926299483663903084e+04 7.466997147486943868e+04 2.412863774636519520e+04 1.263014370850566411e+04 5.862816203430576024e+03 1.922695384313356499e+03 1.771653918012185898e+02 1.544132384557081821e+02 1.261401111314412127e+01
1.399396079102898366e+05 9.583834719560662052e+04 6.240485359736208920e+04 4.059985295767668140e+04 2.412863774636519520e+04 2.856867307571128185e+04 7.805849867296579760e+03 3.136820055511459941e+03 1.109878928210935101e+03 2.204767893076250402e+02 9.724304187012764089e+01 6.984493807192769133e+00
7.524200029149843613e+04 5.084783358986918029e+04 3.291402521011442150e+04 2.190079744687518178e+04 1.263014370850566411e+04 7.805849867296579760e+03 9.850864581331137742e+03 1.980362171942930217e+03 6.687529415234404269e+02 1.124798959956146831e+02 5.394207920580447535e+01 1.445027069948637832e+00
3.276029931629451312e+04 2.093657435384813289e+04 1.459008949664154898e+04 1.024152016361358255e+04 5.862816203430576024e+03 3.136820055511459941e+03 1.980362171942930217e+03 2.941420507940684729e+03 3.380263695302945735e+02 7.367346423852681880e+01 2.116555533140800449e+01 -8.212203458009630364e-01
1.114510494579699480e+04 7.621552248590143790e+03 5.019589503414171304e+03 3.596707179784024902e+03 1.922695384313356499e+03 1.109878928210935101e+03 6.687529415234404269e+02 3.380263695302945735e+02 6.554777796749725667e+02 3.083335700802371093e+01 1.300898693644939108e+01 -9.425718966949883648e-02
1.895599098316926074e+03 1.105024125376985921e+03 6.059551862844787138e+02 7.316067960971412276e+02 1.771653918012185898e+02 2.204767893076250402e+02 1.124798959956146831e+02 7.367346423852681880e+01 3.083335700802371093e+01 1.311148591548031277e+02 1.085691689822152206e+01 -2.375291137576437672e-01
9.274590069487918527e+02 7.403526839733817724e+02 4.443273034751653086e+02 3.143988854382017735e+02 1.544132384557081821e+02 9.724304187012764089e+01 5.394207920580447535e+01 2.116555533140800449e+01 1.300898693644939108e+01 1.085691689822152206e+01 2.115882153620163209e+01 -4.317630681569181034e-02
2.974082010764878437e+00 7.705605381978998025e+00 -7.981342687529318525e+00 9.186707202638883629e+00 1.261401111314412127e+01 6.984493807192769133e+00 1.445027069948637832e+00 -8.212203458009630364e-01 -9.425718966949883648e-02 -2.375291137576437672e-01 -4.317630681569181034e-02 1.002752621976899627e+00
