1.569906723089994397e+06 9.146813794370752294e+05 5.688418783935166430e+05 3.628489280601496575e+05 2.046484750900836079e+05 1.037331282279050210e+05 5.023378605320875795e+04 1.995038045963311743e+04 5.651988158746302361e+03 7.478069400775733584e+02 6.665445061868067569e+02
9.146813794370752294e+05 7.413643686719507677e+05 3.908994559303736314e+05 2.527636202373480774e+05 1.400489930721712590e+05 7.219902546328873723e+04 3.526933551878173603e+04 1.346714450388891782e+04 3.207544578950096820e+03 3.138693862232556739e+02 4.058062890384128991e+02
5.688418783935166430e+05 3.908994559303736314e+05 3.292420312728394056e+05 1.605061029637509491e+05 8.489640820921688282e+04 4.850329268040216266e+04 2.156946053362188468e+04 9.509091034424574900e+03 1.883049651311069056e+03 3.472398466611165873e+02 2.398598657327377452e+02
3.628489280601496575e+05 2.527636202373480774e+05 1.605061029637509491e+05 1.455963600629510474e+05 5.592211524924960395e+04 2.874248600457100110e+04 1.422937687891794121e+04 6.008969144572762161e+03 1.957470934930537851e+03 2.100031173287419506e+02 1.364504578337206908e+02
2.046484750900836079e+05 1.400489930721712590e+05 8.489640820921688282e+04 5.592211524924960395e+04 5.212496900670352625e+04 1.695678996327293862e+04 7.863809099995660290e+03 2.814055889798229600e+03 7.491853661712468693e+02 1.150466182344533195e+02 8.532124187636938473e+01
1.037331282279050210e+05 7.219902546328873723e+04 4.850329268040216266e+04 2.874248600457100110e+04 1.695678996327293862e+04 2.080838305612993645e+04 4.627962668647767714e+03 1.617542824973847928e+03 5.089039334254972573e+02 4.524296398987331713e+01 7.060757273447742932e+01
5.023378605320875795e+04 3.526933551878173603e+04 2.156946053362188468e+04 1.422937687891794121e+04 7.863809099995660290e+03 4.627962668647767714e+03 6.464334067348122517e+03 8.931318737290650915e+02 3.603966590201578128e+02 6.150956836102551506e+00 4.029200255820201448e+01
1.995038045963311743e+04 1.346714450388891782e+04 9.509091034424574900e+03 6.008969144572762161e+03 2.814055889798229600e+03 1.617542824973847928e+03 8.931318737290650915e+02 1.585842946373593350e+03 1.336445862263164486e+02 1.445680738048647029e+01 1.154701460242610622e+01
5.651988158746302361e+03 3.207544578950096820e+03 1.883049651311069056e+03 1.957470934930537851e+03 7.491853661712468693e+02 5.089039334254972573e+02 3.603966590201578128e+02 1.336445862263164486e+02 3.313850054189571779e+02 1.386073123188120881e+01 4.550962963530460037e+00
7.478069400775733584e+02 3.138693862232556739e+02 3.472398466611165873e+02 2.100031173287419506e+02 1.150466182344533195e+02 4.524296398987331713e+01 6.150956836102551506e+00 1.445680738048647029e+01 1.386073123188120881e+01 5.974683001367180424e+01 6.862718816181012649e-02
6.665445061868067569e+02 4.058062890384128991e+02 2.398598657327377452e+02 1.364504578337206908e+02 8.532124187636938473e+01 7.060757273447742932e+01 4.029200255820201448e+01 1.154701460242610622e+01 4.550962963530460037e+00 6.862718816181012649e-02 8.876436594528973600e+00
