1.619894217535031727e+06 8.895770673326731194e+05 6.012482067956093233e+05 4.085215191290212097e+05 2.518316217107179982e+05 1.583697817263885518e+05 7.479437572391293361e+04 4.415309452730976773e+04 1.745552862520399503e+04 8.087736308743841619e+03 2.326144167581505826e+03 1.421316893199709170e+02 2.983069656665734826e+01
8.895770673326731194e+05 7.759321338171530515e+05 4.184680281990156509e+05 2.897205156124999630e+05 1.774161269334352692e+05 1.116395522393688589e+05 5.651130764516504132e+04 3.362828140433346562e+04 1.208146059693471580e+04 5.578518841990271540e+03 1.791251444040059823e+03 7.165842792938960315e+01 5.153452254210178296e+01
6.012482067956093233e+05 4.184680281990156509e+05 3.935080256589972996e+05 1.884407226612432569e+05 1.172148939073336223e+05 7.073476030542350782e+04 3.514504664274300012e+04 2.148866290209016370e+04 7.194822031191919450e+03 3.639624235347249396e+03 1.161876339383811228e+03 7.306259626928061834e+01 1.177652254754127448e+01
4.085215191290212097e+05 2.897205156124999630e+05 1.884407226612432569e+05 1.986213860908724018e+05 7.866493484434903075e+04 4.988376893607000966e+04 2.570492716475857014e+04 1.418364538239768081e+04 5.686999377462110715e+03 3.031093273723641687e+03 7.042621408342921541e+02 2.914310119519556608e+01 1.140373193564224330e+01
2.518316217107179982e+05 1.774161269334352692e+05 1.172148939073336223e+05 7.866493484434903075e+04 8.462673542279636604e+04 3.250712159135128604e+04 1.527695716480962619e+04 9.182711525568143770e+03 3.041089366671204516e+03 1.782920924151397912e+03 4.897533844198053998e+02 -6.374620614810527996e+00 3.534423173342736391e+01
1.583697817263885518e+05 1.116395522393688589e+05 7.073476030542350782e+04 4.988376893607000966e+04 3.250712159135128604e+04 3.677189028424357093e+04 9.154839231537653177e+03 5.623961181357144596e+03 2.088548688733906602e+03 1.029074772535746433e+03 2.541600080111491309e+02 1.705142627983593329e+01 4.334565804961011182e+00
7.479437572391293361e+04 5.651130764516504132e+04 3.514504664274300012e+04 2.570492716475857014e+04 1.527695716480962619e+04 9.154839231537653177e+03 1.384063074747323299e+04 3.173280103962806152e+03 1.344561513638632732e+03 4.711059149404674713e+02 1.152071379653964271e+02 1.340599065044319804e+00 1.423747332693895018e+01
4.415309452730976773e+04 3.362828140433346562e+04 2.148866290209016370e+04 1.418364538239768081e+04 9.182711525568143770e+03 5.623961181357144596e+03 3.173280103962806152e+03 5.904410612682991086e+03 5.998306792253397361e+02 2.742029947471617675e+02 1.008877731872204180e+02 8.471960644215364766e+00 3.831082869163480176e+00
1.745552862520399503e+04 1.208146059693471580e+04 7.194822031191919450e+03 5.686999377462110715e+03 3.041089366671204516e+03 2.088548688733906602e+03 1.344561513638632732e+03 5.998306792253397361e+02 1.500058974447262472e+03 1.414156889472439218e+02 3.927232648479542831e+01 -2.420224777231865687e+00 1.207769753177715177e+00
8.087736308743841619e+03 5.578518841990271540e+03 3.639624235347249396e+03 3.031093273723641687e+03 1.782920924151397912e+03 1.029074772535746433e+03 4.711059149404674713e+02 2.742029947471617675e+02 1.414156889472439218e+02 4.244514099392723665e+02 1.424539944164900795e+01 -1.156286889087299707e+00 6.212130128409391050e-01
2.326144167581505826e+03 1.791251444040059823e+03 1.161876339383811228e+03 7.042621408342921541e+02 4.897533844198053998e+02 2.541600080111491309e+02 1.152071379653964271e+02 1.008877731872204180e+02 3.927232648479542831e+01 1.424539944164900795e+01 7.853201519327413394e+01 2.134558448558727228e+00 -2.947370087901819424e-01
1.421316893199709170e+02 7.165842792938960315e+01 7.306259626928061834e+01 2.914310119519556608e+01 -6.374620614810527996e+00 1.705142627983593329e+01 1.340599065044319804e+00 8.471960644215364766e+00 -2.420224777231865687e+00 -1.156286889087299707e+00 2.134558448558727228e+00 5.965572903421237250e+00 -2.357202119737464990e-02
2.983069656665734826e+01 5.153452254210178296e+01 1.177652254754127448e+01 1.140373193564224330e+01 3.534423173342736391e+01 4.334565804961011182e+00 1.423747332693895018e+01 3.831082869163480176e+00 1.207769753177715177e+00 6.212130128409391050e-01 -2.947370087901819424e-01 -2.357202119737464990e-02 2.002999935789525843e+00
