1.538612268529712688e+06 8.088202119144910248e+05 5.627714329279959202e+05 3.784954260023785755e+05 2.080299492477338645e+05 1.262238942033911444e+05 6.066147230629799742e+04 2.889450567897755900e+04 1.169548174288712289e+04 4.062759249823652681e+03 1.043774340085204130e+03 3.193464545944942401e+01 2.161534651071842461e+01
8.088202119144910248e+05 7.025280617439317284e+05 3.733552798023116775e+05 2.547586246801268426e+05 1.419805035773551499e+05 8.293886360740283271e+04 4.060550535206596396e+04 2.030002768867065970e+04 8.325069946365141732e+03 2.808686989677046313e+03 8.418652168208466264e+02 4.356730531344443591e+01 -6.634274998161912684e+00
5.627714329279959202e+05 3.733552798023116775e+05 3.463912224031731021e+05 1.711783268220589671e+05 9.373116310507571325e+04 5.557343677893982385e+04 2.778575987394062395e+04 1.307302995419028230e+04 5.377052883855740220e+03 1.746311644341214333e+03 5.622463985986786383e+02 3.676307168145020654e+01 6.370192435497319672e-02
3.784954260023785755e+05 2.547586246801268426e+05 1.711783268220589671e+05 1.711217382740504399e+05 6.636417910899757408e+04 3.934821994598936726e+04 1.784360490323220802e+04 9.735850891525833504e+03 3.933842640162940825e+03 1.619795010594800715e+03 2.119310654910100880e+02 1.711746393210784944e+01 -5.226081114346820655e+00
2.080299492477338645e+05 1.419805035773551499e+05 9.373116310507571325e+04 6.636417910899757408e+04 6.464567595157107280e+04 2.259157833264239889e+04 1.136162986962766445e+04 5.507920234313357469e+03 1.825238207501683746e+03 7.824954432055553752e+02 1.847167758479319559e+02 1.892448000353859427e+01 1.588274992383957951e+01
1.262238942033911444e+05 8.293886360740283271e+04 5.557343677893982385e+04 3.934821994598936726e+04 2.259157833264239889e+04 2.585056188802170800e+04 6.226020826144547755e+03 3.452150459920750109e+03 1.232774664988001632e+03 3.602155828080607876e+02 6.339666108578182246e+01 5.674169359302172033e+00 -3.908384613030388421e-01
6.066147230629799742e+04 4.060550535206596396e+04 2.778575987394062395e+04 1.784360490323220802e+04 1.136162986962766445e+04 6.226020826144547755e+03 9.728949965030775274e+03 1.708283361376081530e+03 7.206727888606849319e+02 1.622366720957951998e+02 7.233359855237486613e+01 1.024702552851613646e+01 1.537349885517639569e-01
2.889450567897755900e+04 2.030002768867065970e+04 1.307302995419028230e+04 9.735850891525833504e+03 5.507920234313357469e+03 3.452150459920750109e+03 1.708283361376081530e+03 3.404011049269844079e+03 4.103005183852857840e+02 1.662810726849112086e+02 4.491816450271236505e+01 1.595001869816057960e+00 2.602700568495805555e+00
1.169548174288712289e+04 8.325069946365141732e+03 5.377052883855740220e+03 3.933842640162940825e+03 1.825238207501683746e+03 1.232774664988001632e+03 7.206727888606849319e+02 4.103005183852857840e+02 8.668420108838065516e+02 5.501406152210922329e+01 2.110815567774358925e+01 -4.643362651664308394e-01 5.429330222589168198e-01
4.062759249823652681e+03 2.808686989677046313e+03 1.746311644341214333e+03 1.619795010594800715e+03 7.824954432055553752e+02 3.602155828080607876e+02 1.622366720957951998e+02 1.662810726849112086e+02 5.501406152210922329e+01 1.883102222342921550e+02 3.887081674123438191e+00 6.764291050992304877e-01 -3.302856454853173584e-01
1.043774340085204130e+03 8.418652168208466264e+02 5.622463985986786383e+02 2.119310654910100880e+02 1.847167758479319559e+02 6.339666108578182246e+01 7.233359855237486613e+01 4.491816450271236505e+01 2.110815567774358925e+01 3.887081674123438191e+00 3.656876693962702518e+01 -7.271927894265384218e-02 -7.270531126588770932e-02
3.193464545944942401e+01 4.356730531344443591e+01 3.676307168145020654e+01 1.711746393210784944e+01 1.892448000353859427e+01 5.674169359302172033e+00 1.024702552851613646e+01 1.595001869816057960e+00 -4.643362651664308394e-01 6.764291050992304877e-01 -7.271927894265384218e-02 1.003912490450526551e+00 -1.964226344980126836e-03
2.161534651071842461e+01 -6.634274998161912684e+00 6.370192435497319672e-02 -5.226081114346820655e+00 1.588274992383957951e+01 -3.908384613030388421e-01 1.537349885517639569e-01 2.602700568495805555e+00 5.429330222589168198e-01 -3.302856454853173584e-01 -7.270531126588770932e-02 -1.964226344980126836e-03 1.003526871156957601e+00
