1.754801380065735662e+06 1.025791603363182163e+06 7.066982882830905728e+05 5.256560774815763580e+05 3.680306464737188071e+05 2.464700311181380821e+05 1.664380617251025105e+05 1.060675768337304471e+05 5.562997950409662008e+04 2.679879533742888452e+04 1.443173589789306061e+04 6.473439782228424519e+03 1.039217618569372689e+03 1.776877635759428813e+02
1.025791603363182163e+06 9.556132117630403955e+05 4.999269156784415827e+05 3.608400843203181284e+05 2.580354928032933676e+05 1.772000929785179906e+05 1.179332310118880996e+05 7.622939168789311952e+04 3.982985495776034077e+04 1.983347553817331209e+04 9.893122101924562230e+03 4.040915568079092736e+03 9.811659564468293411e+02 2.193715629295858491e+02
7.066982882830905728e+05 4.999269156784415827e+05 4.782103914747029194e+05 2.609663861817299621e+05 1.880631110445099766e+05 1.225047789358805458e+05 8.573844110677175922e+04 5.356666010043911228e+04 2.714611500423857797e+04 1.334706281764392770e+04 7.079342831780146298e+03 3.266530556457760213e+03 4.604573188272639186e+02 6.906142404233244747e+01
5.256560774815763580e+05 3.608400843203181284e+05 2.609663861817299621e+05 2.720741540221614414e+05 1.352595139618080866e+05 9.283430057782219956e+04 6.137484913621503802e+04 3.688027364148256311e+04 1.958695514912421640e+04 9.747943772711436395e+03 5.134432431385926975e+03 2.206760757121500774e+03 4.888617740699542082e+02 8.040010546593070728e+01
3.680306464737188071e+05 2.580354928032933676e+05 1.880631110445099766e+05 1.352595139618080866e+05 1.402002098151679966e+05 6.632955330285127275e+04 4.577211182350794115e+04 2.644105798738198428e+04 1.390368641501328057e+04 6.979528772024294085e+03 3.448824571913582986e+03 1.288634149381774023e+03 2.976285255972272239e+02 1.943807023047362037e+01
2.464700311181380821e+05 1.772000929785179906e+05 1.225047789358805458e+05 9.283430057782219956e+04 6.632955330285127275e+04 7.144352456083204015e+04 3.006542501739367799e+04 1.882583706543732478e+04 9.652907220929138930e+03 4.306746009868571491e+03 2.155967788844107417e+03 1.049230646138623797e+03 3.045866435347311381e+02 4.758381543311651996e+01
1.664380617251025105e+05 1.179332310118880996e+05 8.573844110677175922e+04 6.137484913621503802e+04 4.577211182350794115e+04 3.006542501739367799e+04 3.808352630159145338e+04 1.213964963049325706e+04 6.369653473230158852e+03 3.277296762218085860e+03 1.852619475526994620e+03 5.506644421326118390e+02 1.895632107242895472e+02 2.358194236675304722e+01
1.060675768337304471e+05 7.622939168789311952e+04 5.356666010043911228e+04 3.688027364148256311e+04 2.644105798738198428e+04 1.882583706543732478e+04 1.213964963049325706e+04 1.851279586655838648e+04 4.504218718020579217e+03 2.378705196344045362e+03 1.331884583301376097e+03 4.442831757608515204e+02 8.175924160242897187e+01 4.210094249616368955e+01
5.562997950409662008e+04 3.982985495776034077e+04 2.714611500423857797e+04 1.958695514912421640e+04 1.390368641501328057e+04 9.652907220929138930e+03 6.369653473230158852e+03 4.504218718020579217e+03 6.659486658071348756e+03 1.305087198697538270e+03 4.168326612441911152e+02 2.259203425665639600e+02 3.562876538634930057e+01 -2.593364770792795593e+00
2.679879533742888452e+04 1.983347553817331209e+04 1.334706281764392770e+04 9.747943772711436395e+03 6.979528772024294085e+03 4.306746009868571491e+03 3.277296762218085860e+03 2.378705196344045362e+03 1.305087198697538270e+03 2.597438832511163582e+03 3.030897722111802750e+02 1.111475344617152814e+02 2.540513076335506781e+01 2.166640509836317730e+00
1.443173589789306061e+04 9.893122101924562230e+03 7.079342831780146298e+03 5.134432431385926975e+03 3.448824571913582986e+03 2.155967788844107417e+03 1.852619475526994620e+03 1.331884583301376097e+03 4.168326612441911152e+02 3.030897722111802750e+02 8.659440885441138107e+02 9.230835103390118945e+01 1.533500785362139496e+01 5.986349701496352260e+00
6.473439782228424519e+03 4.040915568079092736e+03 3.266530556457760213e+03 2.206760757121500774e+03 1.288634149381774023e+03 1.049230646138623797e+03 5.506644421326118390e+02 4.442831757608515204e+02 2.259203425665639600e+02 1.111475344617152814e+02 9.230835103390118945e+01 2.552185007291354566e+02 5.126544433854513194e+00 -1.065246217991248967e+00
1.039217618569372689e+03 9.811659564468293411e+02 4.604573188272639186e+02 4.888617740699542082e+02 2.976285255972272239e+02 3.045866435347311381e+02 1.895632107242895472e+02 8.175924160242897187e+01 3.562876538634930057e+01 2.540513076335506781e+01 1.533500785362139496e+01 5.126544433854513194e+00 4.390937477021708446e+01 6.022019938978949716e-01
1.776877635759428813e+02 2.193715629295858491e+02 6.906142404233244747e+01 8.040010546593070728e+01 1.943807023047362037e+01 4.758381543311651996e+01 2.358194236675304722e+01 4.210094249616368955e+01 -2.593364770792795593e+00 2.166640509836317730e+00 5.986349701496352260e+00 -1.065246217991248967e+00 6.022019938978949716e-01 4.972177597682347461e+00
