1.680974380662270589e+06 9.867426832781349076e+05 6.698758713749175658e+05 4.627305006103127380e+05 3.372114157131992397e+05 2.079727732521141588e+05 1.204656035454630473e+05 7.704962879607276409e+04 3.273237622920708600e+04 1.666005043335437949e+04 6.487036642970424509e+03 1.542680800509457185e+03 5.588975976766618032e+02 2.535667837381397405e+01
9.867426832781349076e+05 8.993073025820524199e+05 4.717023767144891317e+05 3.280417284342115163e+05 2.409242078934715246e+05 1.575598966321467014e+05 8.717577714826790907e+04 5.310395916145283263e+04 2.696149512830419189e+04 1.219683475314185853e+04 4.695789478771353060e+03 9.250158007236815365e+02 4.318615345042241529e+02 -3.612731853676323368e+01
6.698758713749175658e+05 4.717023767144891317e+05 4.530176900720030535e+05 2.307135431853667542e+05 1.596626221060308162e+05 1.067221721563524625e+05 6.169507348273076059e+04 3.753149144291688572e+04 1.745835560235287994e+04 8.706863355834486356e+03 3.279730570212748717e+03 7.951471295466537867e+02 2.648021782403080806e+02 3.195847779585611548e+01
4.627305006103127380e+05 3.280417284342115163e+05 2.307135431853667542e+05 2.301591216603006178e+05 1.154377240909763495e+05 7.332516454134849482e+04 4.225541634621337289e+04 2.523038661759037495e+04 1.155877213885113633e+04 4.952969788333432916e+03 2.307396028363016740e+03 3.764895695960837543e+02 1.769444005834400855e+02 2.441704483375593071e+01
3.372114157131992397e+05 2.409242078934715246e+05 1.596626221060308162e+05 1.154377240909763495e+05 1.245053275263269461e+05 5.293501080869905127e+04 3.038649221491167555e+04 1.861348567952344820e+04 9.394619419891801954e+03 4.258275787132351070e+03 1.975361403021293427e+03 4.416044085193350952e+02 1.296476548939029385e+02 2.637894424725574449e+00
2.079727732521141588e+05 1.575598966321467014e+05 1.067221721563524625e+05 7.332516454134849482e+04 5.293501080869905127e+04 5.672161587204258831e+04 2.051761046325361895e+04 1.084973268999263746e+04 6.041366668192503312e+03 2.293265531906272372e+03 1.087274483605585829e+03 2.238526693527362852e+02 7.313896755173107067e+01 4.116590270376378591e+00
1.204656035454630473e+05 8.717577714826790907e+04 6.169507348273076059e+04 4.225541634621337289e+04 3.038649221491167555e+04 2.051761046325361895e+04 2.469570680096986689e+04 6.613704471446393654e+03 3.570751084208853172e+03 1.924146793930552121e+03 5.806702004705645095e+02 1.336971473575756875e+02 4.899604716437357865e+01 5.761650345349316638e+00
7.704962879607276409e+04 5.310395916145283263e+04 3.753149144291688572e+04 2.523038661759037495e+04 1.861348567952344820e+04 1.084973268999263746e+04 6.613704471446393654e+03 1.131460328904583002e+04 2.402230736806531240e+03 9.301076820148922479e+02 3.229087131706824039e+02 7.094503420561626683e+01 4.947712588018624302e+01 1.069957362455988559e+01
3.273237622920708600e+04 2.696149512830419189e+04 1.745835560235287994e+04 1.155877213885113633e+04 9.394619419891801954e+03 6.041366668192503312e+03 3.570751084208853172e+03 2.402230736806531240e+03 3.964289663138232754e+03 5.197342524334914060e+02 2.181371424068976808e+02 3.580890674076870539e+01 1.937150121584285856e+01 4.719935793382395300e-02
1.666005043335437949e+04 1.219683475314185853e+04 8.706863355834486356e+03 4.952969788333432916e+03 4.258275787132351070e+03 2.293265531906272372e+03 1.924146793930552121e+03 9.301076820148922479e+02 5.197342524334914060e+02 1.308888150555579841e+03 1.089077738500883754e+02 2.835440444234014024e+01 3.593577579090615703e+00 -8.647949023548383296e-02
6.487036642970424509e+03 4.695789478771353060e+03 3.279730570212748717e+03 2.307396028363016740e+03 1.975361403021293427e+03 1.087274483605585829e+03 5.806702004705645095e+02 3.229087131706824039e+02 2.181371424068976808e+02 1.089077738500883754e+02 3.394506336744327655e+02 1.551877058485063010e+01 -1.399025824322388756e+00 9.272510782449910893e-01
1.542680800509457185e+03 9.250158007236815365e+02 7.951471295466537867e+02 3.764895695960837543e+02 4.416044085193350952e+02 2.238526693527362852e+02 1.336971473575756875e+02 7.094503420561626683e+01 3.580890674076870539e+01 2.835440444234014024e+01 1.551877058485063010e+01 6.789360406859992736e+01 -2.907118117042282734e-01 -2.592295490413100145e-01
5.588975976766618032e+02 4.318615345042241529e+02 2.648021782403080806e+02 1.769444005834400855e+02 1.296476548939029385e+02 7.313896755173107067e+01 4.899604716437357865e+01 4.947712588018624302e+01 1.937150121584285856e+01 3.593577579090615703e+00 -1.399025824322388756e+00 -2.907118117042282734e-01 9.858259445798903897e+00 -3.926776045293520201e-02
2.535667837381397405e+01 -3.612731853676323368e+01 3.195847779585611548e+01 2.441704483375593071e+01 2.637894424725574449e+00 4.116590270376378591e+00 5.761650345349316638e+00 1.069957362455988559e+01 4.719935793382395300e-02 -8.647949023548383296e-02 9.272510782449910893e-01 -2.592295490413100145e-01 -3.926776045293520201e-02 2.002239016552064044e+00
