# M_low [Msun/h] M_high[Msun/h] Number M_mean[Msun/h]
1.277734000000000059e+01 1.300894000000000084e+01 2.586230000000000000e+05 7.708792334788475586e+12
1.300894000000000084e+01 1.324055000000000071e+01 1.456110000000000000e+05 1.313240757909773242e+13
1.324055000000000071e+01 1.347214999999999918e+01 7.754400000000000000e+04 2.234995615392551172e+13
1.347214999999999918e+01 1.370376000000000083e+01 3.929400000000000000e+04 3.794716750648953906e+13
1.370376000000000083e+01 1.393535999999999930e+01 1.830600000000000000e+04 6.443898175461597656e+13
1.393535999999999930e+01 1.416696999999999917e+01 7.440000000000000000e+03 1.091104301075268750e+14
1.416696999999999917e+01 1.439856999999999942e+01 2.639000000000000000e+03 1.844295566502463125e+14
1.439856999999999942e+01 1.463017999999999930e+01 6.750000000000000000e+02 3.062237037037036875e+14
1.463017999999999930e+01 1.486177999999999955e+01 1.450000000000000000e+02 5.228851034482758750e+14
1.486177999999999955e+01 1.509338999999999942e+01 2.400000000000000000e+01 8.553166666666666250e+14
