# M_low [Msun/h] M_high[Msun/h] Number M_mean[Msun/h]
1.277734000000000059e+01 1.294562999999999953e+01 5.983300000000000000e+04 7.163225978974813477e+12
1.294562999999999953e+01 1.311391000000000062e+01 3.098200000000000000e+04 1.053960364082370312e+13
1.311391000000000062e+01 1.328219999999999956e+01 1.502400000000000000e+04 1.549171325878594336e+13
1.328219999999999956e+01 1.345049000000000028e+01 6.850000000000000000e+03 2.282528467153284766e+13
1.345049000000000028e+01 1.361876999999999960e+01 2.746000000000000000e+03 3.333861981063364844e+13
1.361876999999999960e+01 1.378706000000000031e+01 9.120000000000000000e+02 4.888429824561403125e+13
1.378706000000000031e+01 1.395534999999999926e+01 2.920000000000000000e+02 7.188352739726028125e+13
1.395534999999999926e+01 1.412363000000000035e+01 6.800000000000000000e+01 1.049968235294117656e+14
1.412363000000000035e+01 1.429191999999999929e+01 1.400000000000000000e+01 1.602928571428571562e+14
1.429191999999999929e+01 1.446021000000000001e+01 1.000000000000000000e+00 1.970900000000000000e+14
