# M_low [Msun/h] M_high[Msun/h] Number M_mean[Msun/h]
1.277734000000000059e+01 1.289068999999999932e+01 7.999000000000000000e+03 6.748031003875484375e+12
1.289068999999999932e+01 1.300404999999999944e+01 4.460000000000000000e+03 8.773946188340807617e+12
1.300404999999999944e+01 1.311739999999999995e+01 2.163000000000000000e+03 1.135002773925104102e+13
1.311739999999999995e+01 1.323075000000000045e+01 1.049000000000000000e+03 1.470620591039084766e+13
1.323075000000000045e+01 1.334411000000000058e+01 4.810000000000000000e+02 1.915903950103950000e+13
1.334411000000000058e+01 1.345745999999999931e+01 2.030000000000000000e+02 2.463715763546798047e+13
1.345745999999999931e+01 1.357080999999999982e+01 8.100000000000000000e+01 3.173017283950617188e+13
1.357080999999999982e+01 1.368416999999999994e+01 3.600000000000000000e+01 4.209444444444444531e+13
1.368416999999999994e+01 1.379752000000000045e+01 9.000000000000000000e+00 5.243855555555555469e+13
1.379752000000000045e+01 1.391088000000000058e+01 2.000000000000000000e+00 7.384150000000000000e+13
