# M_low [Msun/h] M_high[Msun/h] Number M_mean[Msun/h]
1.277734000000000059e+01 1.299258999999999986e+01 2.260540000000000000e+05 7.572792341652879883e+12
1.299258999999999986e+01 1.320783999999999914e+01 1.277040000000000000e+05 1.242559356010775000e+13
1.320783999999999914e+01 1.342309999999999981e+01 7.008900000000000000e+04 2.033932571444877344e+13
1.342309999999999981e+01 1.363835000000000086e+01 3.626000000000000000e+04 3.331676778819635938e+13
1.363835000000000086e+01 1.385360000000000014e+01 1.706700000000000000e+04 5.441153688404523438e+13
1.385360000000000014e+01 1.406884999999999941e+01 7.362000000000000000e+03 8.898436566150503125e+13
1.406884999999999941e+01 1.428410000000000046e+01 2.720000000000000000e+03 1.451788235294117500e+14
1.428410000000000046e+01 1.449934999999999974e+01 7.820000000000000000e+02 2.340820971867007812e+14
1.449934999999999974e+01 1.471461000000000041e+01 1.750000000000000000e+02 3.858668000000000000e+14
1.471461000000000041e+01 1.492985999999999969e+01 3.900000000000000000e+01 5.993664102564102500e+14
