# M_low [Msun/h] M_high[Msun/h] Number M_mean[Msun/h]
1.277734000000000059e+01 1.302582999999999913e+01 3.113840000000000000e+05 7.863152891606504883e+12
1.302582999999999913e+01 1.327431999999999945e+01 1.754670000000000000e+05 1.393233485498697852e+13
1.327431999999999945e+01 1.352280999999999977e+01 9.550100000000000000e+04 2.462896723594517188e+13
1.352280999999999977e+01 1.377130000000000010e+01 4.931200000000000000e+04 4.351581765087605469e+13
1.377130000000000010e+01 1.401979000000000042e+01 2.341300000000000000e+04 7.688664417204117188e+13
1.401979000000000042e+01 1.426828000000000074e+01 1.010600000000000000e+04 1.354083712645952969e+14
1.426828000000000074e+01 1.451676999999999929e+01 3.718000000000000000e+03 2.378886229155460000e+14
1.451676999999999929e+01 1.476525999999999961e+01 1.051000000000000000e+03 4.122887725975261875e+14
1.476525999999999961e+01 1.501374999999999993e+01 2.220000000000000000e+02 7.195486486486486250e+14
1.501374999999999993e+01 1.526224000000000025e+01 2.600000000000000000e+01 1.315315384615384500e+15
