# M_low [Msun/h] M_high[Msun/h] Number M_mean[Msun/h]
1.277734000000000059e+01 1.306343999999999994e+01 3.831190000000000000e+05 8.197479112234057617e+12
1.306343999999999994e+01 1.334953999999999930e+01 2.093350000000000000e+05 1.583932930470298828e+13
1.334953999999999930e+01 1.363565000000000005e+01 1.111020000000000000e+05 3.052324890641032422e+13
1.363565000000000005e+01 1.392174999999999940e+01 5.594200000000000000e+04 5.876506024096385156e+13
1.392174999999999940e+01 1.420785000000000053e+01 2.615300000000000000e+04 1.129994646885634531e+14
1.420785000000000053e+01 1.449394999999999989e+01 1.079100000000000000e+04 2.166766750069502500e+14
1.449394999999999989e+01 1.478004999999999924e+01 3.761000000000000000e+03 4.152727997872906250e+14
1.478004999999999924e+01 1.506616000000000000e+01 9.120000000000000000e+02 7.798326754385965000e+14
1.506616000000000000e+01 1.535225999999999935e+01 1.740000000000000000e+02 1.470628160919540250e+15
1.535225999999999935e+01 1.563836000000000048e+01 1.000000000000000000e+01 2.817230000000000000e+15
