# M_low [Msun/h] M_high[Msun/h] Number M_mean[Msun/h]
1.277734000000000059e+01 1.302088000000000001e+01 2.885730000000000000e+05 7.815131699777872070e+12
1.302088000000000001e+01 1.326443000000000083e+01 1.609510000000000000e+05 1.368558132599362500e+13
1.326443000000000083e+01 1.350797000000000025e+01 8.630300000000000000e+04 2.389662004797052344e+13
1.350797000000000025e+01 1.375150999999999968e+01 4.332400000000000000e+04 4.172599482965561719e+13
1.375150999999999968e+01 1.399506000000000050e+01 2.017000000000000000e+04 7.278839861179970312e+13
1.399506000000000050e+01 1.423859999999999992e+01 8.317000000000000000e+03 1.266744018275820625e+14
1.423859999999999992e+01 1.448213999999999935e+01 2.909000000000000000e+03 2.198118253695428125e+14
1.448213999999999935e+01 1.472569000000000017e+01 7.280000000000000000e+02 3.787979395604395625e+14
1.472569000000000017e+01 1.496922999999999959e+01 1.380000000000000000e+02 6.589442028985507500e+14
1.496922999999999959e+01 1.521277000000000079e+01 1.700000000000000000e+01 1.103249411764705875e+15
