# M_low [Msun/h] M_high[Msun/h] Number M_mean[Msun/h]
1.277734000000000059e+01 1.304012999999999955e+01 3.401790000000000000e+05 7.988594240091246094e+12
1.304012999999999955e+01 1.330291000000000068e+01 1.896460000000000000e+05 1.462538097297069336e+13
1.330291000000000068e+01 1.356569999999999965e+01 1.022110000000000000e+05 2.670141178542426953e+13
1.356569999999999965e+01 1.382848000000000077e+01 5.227000000000000000e+04 4.875192270901090625e+13
1.382848000000000077e+01 1.409126999999999974e+01 2.468300000000000000e+04 8.900571243365879688e+13
1.409126999999999974e+01 1.435405000000000086e+01 1.043300000000000000e+04 1.616956771781845938e+14
1.435405000000000086e+01 1.461683999999999983e+01 3.703000000000000000e+03 2.932152308938698125e+14
1.461683999999999983e+01 1.487961999999999918e+01 1.040000000000000000e+03 5.210814423076923125e+14
1.487961999999999918e+01 1.514240999999999993e+01 2.040000000000000000e+02 9.460642156862745000e+14
1.514240999999999993e+01 1.540518999999999927e+01 2.000000000000000000e+01 1.755980000000000000e+15
