# M_low [Msun/h] M_high[Msun/h] Number M_mean[Msun/h]
1.278693999999999953e+01 1.302302000000000071e+01 2.622220000000000000e+05 7.917108404329156250e+12
1.302302000000000071e+01 1.325909000000000049e+01 1.430010000000000000e+05 1.362778581967958203e+13
1.325909000000000049e+01 1.349516000000000027e+01 7.452200000000000000e+04 2.339480958643085156e+13
1.349516000000000027e+01 1.373123999999999967e+01 3.587900000000000000e+04 4.012193762367958594e+13
1.373123999999999967e+01 1.396730999999999945e+01 1.573800000000000000e+04 6.870873046130385156e+13
1.396730999999999945e+01 1.420337999999999923e+01 5.999000000000000000e+03 1.173756959493248906e+14
1.420337999999999923e+01 1.443946000000000041e+01 1.897000000000000000e+03 1.998235108065366250e+14
1.443946000000000041e+01 1.467553000000000019e+01 4.220000000000000000e+02 3.381161137440758125e+14
1.467553000000000019e+01 1.491159999999999997e+01 5.600000000000000000e+01 5.575957142857143125e+14
1.491159999999999997e+01 1.514767999999999937e+01 6.000000000000000000e+00 9.267833333333333750e+14
