# M_low [Msun/h] M_high[Msun/h] Number M_mean[Msun/h]
1.278693999999999953e+01 1.290507000000000026e+01 1.311300000000000000e+04 6.937561961412338867e+12
1.290507000000000026e+01 1.302319999999999922e+01 7.163000000000000000e+03 9.119479268462933594e+12
1.302319999999999922e+01 1.314132999999999996e+01 3.812000000000000000e+03 1.194908709338929688e+13
1.314132999999999996e+01 1.325944999999999929e+01 1.786000000000000000e+03 1.570857782754759180e+13
1.325944999999999929e+01 1.337758000000000003e+01 8.000000000000000000e+02 2.052360000000000000e+13
1.337758000000000003e+01 1.349571000000000076e+01 3.320000000000000000e+02 2.663446686746987891e+13
1.349571000000000076e+01 1.361383000000000010e+01 1.530000000000000000e+02 3.485357516339869141e+13
1.361383000000000010e+01 1.373196000000000083e+01 4.100000000000000000e+01 4.614756097560975781e+13
1.373196000000000083e+01 1.385008999999999979e+01 9.000000000000000000e+00 6.280911111111110938e+13
1.385008999999999979e+01 1.396822000000000052e+01 3.000000000000000000e+00 7.250366666666667188e+13
