# M_low [Msun/h] M_high[Msun/h] Number M_mean[Msun/h]
1.278693999999999953e+01 1.302294000000000018e+01 2.821840000000000000e+05 7.924903608992713867e+12
1.302294000000000018e+01 1.325892999999999944e+01 1.572410000000000000e+05 1.363072608289186719e+13
1.325892999999999944e+01 1.349492000000000047e+01 8.540300000000000000e+04 2.339728112595576172e+13
1.349492000000000047e+01 1.373090999999999973e+01 4.307100000000000000e+04 4.010164611919853125e+13
1.373090999999999973e+01 1.396691000000000038e+01 1.993000000000000000e+04 6.890702458605117969e+13
1.396691000000000038e+01 1.420289999999999964e+01 8.212000000000000000e+03 1.174268265952265000e+14
1.420289999999999964e+01 1.443889000000000067e+01 2.941000000000000000e+03 2.007936076164570000e+14
1.443889000000000067e+01 1.467488999999999955e+01 7.600000000000000000e+02 3.436093421052631875e+14
1.467488999999999955e+01 1.491088000000000058e+01 1.310000000000000000e+02 5.775307633587786250e+14
1.491088000000000058e+01 1.514686999999999983e+01 1.200000000000000000e+01 9.528941666666666250e+14
