# M_low [Msun/h] M_high[Msun/h] Number M_mean[Msun/h]
1.278693999999999953e+01 1.294782000000000011e+01 7.342900000000000000e+04 7.267792016778112305e+12
1.294782000000000011e+01 1.310868999999999929e+01 4.065200000000000000e+04 1.052955082160779297e+13
1.310868999999999929e+01 1.326956999999999987e+01 2.146100000000000000e+04 1.522953264060388672e+13
1.326956999999999987e+01 1.343044000000000082e+01 1.042000000000000000e+04 2.199512476007677734e+13
1.343044000000000082e+01 1.359131999999999962e+01 4.607000000000000000e+03 3.175276752767527734e+13
1.359131999999999962e+01 1.375219000000000058e+01 1.918000000000000000e+03 4.574796141814389844e+13
1.375219000000000058e+01 1.391306999999999938e+01 6.760000000000000000e+02 6.590915680473372656e+13
1.391306999999999938e+01 1.407394000000000034e+01 1.970000000000000000e+02 9.460182741116751562e+13
1.407394000000000034e+01 1.423481999999999914e+01 3.600000000000000000e+01 1.343680555555555625e+14
1.423481999999999914e+01 1.439569000000000010e+01 4.000000000000000000e+00 1.908150000000000000e+14
