# M_low [Msun/h] M_high[Msun/h] Number M_mean[Msun/h]
1.278693999999999953e+01 1.306498000000000026e+01 3.688270000000000000e+05 8.303627445929934570e+12
1.306498000000000026e+01 1.334300999999999959e+01 2.005140000000000000e+05 1.573909552450202930e+13
1.334300999999999959e+01 1.362105000000000032e+01 1.051830000000000000e+05 2.979055550801935547e+13
1.362105000000000032e+01 1.389907999999999966e+01 5.201300000000000000e+04 5.623588333685809375e+13
1.389907999999999966e+01 1.417712000000000039e+01 2.311900000000000000e+04 1.061983217267182812e+14
1.417712000000000039e+01 1.445515999999999934e+01 9.148000000000000000e+03 1.992944905990380312e+14
1.445515999999999934e+01 1.473319000000000045e+01 2.921000000000000000e+03 3.702920232796987500e+14
1.473319000000000045e+01 1.501122999999999941e+01 7.100000000000000000e+02 6.966702816901408750e+14
1.501122999999999941e+01 1.528926000000000052e+01 8.600000000000000000e+01 1.311954651162790750e+15
1.528926000000000052e+01 1.556729999999999947e+01 6.000000000000000000e+00 2.226266666666666750e+15
