# M_low [Msun/h] M_high[Msun/h] Number M_mean[Msun/h]
1.278693999999999953e+01 1.307063999999999915e+01 3.861540000000000000e+05 8.357997068527064453e+12
1.307063999999999915e+01 1.335434000000000054e+01 2.109040000000000000e+05 1.606191916701437695e+13
1.335434000000000054e+01 1.363803000000000054e+01 1.124970000000000000e+05 3.076357591758002344e+13
1.363803000000000054e+01 1.392173000000000016e+01 5.643900000000000000e+04 5.888989882882403906e+13
1.392173000000000016e+01 1.420542999999999978e+01 2.608600000000000000e+04 1.126911370083569688e+14
1.420542999999999978e+01 1.448911999999999978e+01 1.056900000000000000e+04 2.151912196045037500e+14
1.448911999999999978e+01 1.477281999999999940e+01 3.561000000000000000e+03 4.063302443133951250e+14
1.477281999999999940e+01 1.505652000000000079e+01 9.320000000000000000e+02 7.705405579399141250e+14
1.505652000000000079e+01 1.534021000000000079e+01 1.380000000000000000e+02 1.415973188405797000e+15
1.534021000000000079e+01 1.562391000000000041e+01 9.000000000000000000e+00 2.715966666666666500e+15
