# M_low [Msun/h] M_high[Msun/h] Number M_mean[Msun/h]
1.278693999999999953e+01 1.301542000000000066e+01 2.350040000000000000e+05 7.842764378478664062e+12
1.301542000000000066e+01 1.324389000000000038e+01 1.273280000000000000e+05 1.325916530535310352e+13
1.324389000000000038e+01 1.347236999999999973e+01 6.563100000000000000e+04 2.238125276165226953e+13
1.347236999999999973e+01 1.370083999999999946e+01 3.136600000000000000e+04 3.772833641522667969e+13
1.370083999999999946e+01 1.392932000000000059e+01 1.319500000000000000e+04 6.347261083743842188e+13
1.392932000000000059e+01 1.415779999999999994e+01 5.039000000000000000e+03 1.064276443738837031e+14
1.415779999999999994e+01 1.438626999999999967e+01 1.481000000000000000e+03 1.786916272788656250e+14
1.438626999999999967e+01 1.461475000000000080e+01 3.480000000000000000e+02 2.901488505747126250e+14
1.461475000000000080e+01 1.484322000000000052e+01 4.700000000000000000e+01 4.925376595744680625e+14
1.484322000000000052e+01 1.507169999999999987e+01 3.000000000000000000e+00 8.584000000000000000e+14
