# M_low [Msun/h] M_high[Msun/h] Number M_mean[Msun/h]
1.278693999999999953e+01 1.307060000000000066e+01 3.928420000000000000e+05 8.363647471502538086e+12
1.307060000000000066e+01 1.335426000000000002e+01 2.160900000000000000e+05 1.607281225415336133e+13
1.335426000000000002e+01 1.363791999999999938e+01 1.176230000000000000e+05 3.081814781122739453e+13
1.363791999999999938e+01 1.392158000000000051e+01 6.008900000000000000e+04 5.904694702857428125e+13
1.392158000000000051e+01 1.420523999999999987e+01 2.856000000000000000e+04 1.128301820728291250e+14
1.420523999999999987e+01 1.448888999999999960e+01 1.223700000000000000e+04 2.146649505597777188e+14
1.448888999999999960e+01 1.477255000000000074e+01 4.420000000000000000e+03 4.082782805429864375e+14
1.477255000000000074e+01 1.505621000000000009e+01 1.219000000000000000e+03 7.736162428219852500e+14
1.505621000000000009e+01 1.533986999999999945e+01 2.280000000000000000e+02 1.425805263157894750e+15
1.533986999999999945e+01 1.562353000000000058e+01 1.800000000000000000e+01 2.726611111111111000e+15
