# M_low [Msun/h] M_high[Msun/h] Number M_mean[Msun/h]
1.289339999999999975e+01 1.307126000000000055e+01 1.219030000000000000e+05 9.478823326743394531e+12
1.307126000000000055e+01 1.324912999999999919e+01 6.790700000000000000e+04 1.427566524805984570e+13
1.324912999999999919e+01 1.342698999999999998e+01 3.648000000000000000e+04 2.145467105263157812e+13
1.342698999999999998e+01 1.360485000000000078e+01 1.828200000000000000e+04 3.220199102942785156e+13
1.360485000000000078e+01 1.378270999999999979e+01 8.170000000000000000e+03 4.838569155446756250e+13
1.378270999999999979e+01 1.396057000000000059e+01 3.348000000000000000e+03 7.253419952210275000e+13
1.396057000000000059e+01 1.413843999999999923e+01 1.226000000000000000e+03 1.084948613376835312e+14
1.413843999999999923e+01 1.431630000000000003e+01 3.530000000000000000e+02 1.634874787535410625e+14
1.431630000000000003e+01 1.449416000000000082e+01 9.000000000000000000e+01 2.421004444444444375e+14
1.449416000000000082e+01 1.467201999999999984e+01 1.400000000000000000e+01 3.375585714285714375e+14
