# M_low [Msun/h] M_high[Msun/h] Number M_mean[Msun/h]
1.289339999999999975e+01 1.314533999999999914e+01 3.415920000000000000e+05 1.031155881870769727e+13
1.314533999999999914e+01 1.339728000000000030e+01 1.901720000000000000e+05 1.842054035294365234e+13
1.339728000000000030e+01 1.364921999999999969e+01 1.021930000000000000e+05 3.279320501404205859e+13
1.364921999999999969e+01 1.390116000000000085e+01 5.194200000000000000e+04 5.836194216626236719e+13
1.390116000000000085e+01 1.415310000000000024e+01 2.430800000000000000e+04 1.038289452032252812e+14
1.415310000000000024e+01 1.440503999999999962e+01 9.760000000000000000e+03 1.840572745901639375e+14
1.440503999999999962e+01 1.465698000000000079e+01 3.394000000000000000e+03 3.271835592221567500e+14
1.465698000000000079e+01 1.490892000000000017e+01 9.150000000000000000e+02 5.754612021857923750e+14
1.490892000000000017e+01 1.516085999999999956e+01 1.630000000000000000e+02 1.025274233128834375e+15
1.516085999999999956e+01 1.541280000000000072e+01 1.600000000000000000e+01 1.705668750000000000e+15
