# M_low [Msun/h] M_high[Msun/h] Number M_mean[Msun/h]
1.289339999999999975e+01 1.309571000000000041e+01 2.074540000000000000e+05 9.744632545046130859e+12
1.309571000000000041e+01 1.329801999999999929e+01 1.195830000000000000e+05 1.551356798207102930e+13
1.329801999999999929e+01 1.350032999999999994e+01 6.526300000000000000e+04 2.469098876852121484e+13
1.350032999999999994e+01 1.370265000000000022e+01 3.398900000000000000e+04 3.922572008591014844e+13
1.370265000000000022e+01 1.390496000000000087e+01 1.580400000000000000e+04 6.238733864844342969e+13
1.390496000000000087e+01 1.410726999999999975e+01 6.884000000000000000e+03 9.859118245206275000e+13
1.410726999999999975e+01 1.430958000000000041e+01 2.547000000000000000e+03 1.565800942285041250e+14
1.430958000000000041e+01 1.451188999999999929e+01 7.680000000000000000e+02 2.471449218750000000e+14
1.451188999999999929e+01 1.471419999999999995e+01 2.000000000000000000e+02 3.878433500000000000e+14
1.471419999999999995e+01 1.491651000000000060e+01 2.900000000000000000e+01 6.024586206896551250e+14
