# M_low [Msun/h] M_high[Msun/h] Number M_mean[Msun/h]
1.289339999999999975e+01 1.302049000000000056e+01 1.974700000000000000e+04 8.954970375246873047e+12
1.302049000000000056e+01 1.314758999999999922e+01 1.051500000000000000e+04 1.199795530194959570e+13
1.314758999999999922e+01 1.327468000000000004e+01 5.458000000000000000e+03 1.608144008794430273e+13
1.327468000000000004e+01 1.340177000000000085e+01 2.702000000000000000e+03 2.156682827535158984e+13
1.340177000000000085e+01 1.352885999999999989e+01 1.193000000000000000e+03 2.878259010896898438e+13
1.352885999999999989e+01 1.365595000000000070e+01 4.770000000000000000e+02 3.825037735849056250e+13
1.365595000000000070e+01 1.378304999999999936e+01 1.950000000000000000e+02 5.145476923076923438e+13
1.378304999999999936e+01 1.391014000000000017e+01 6.600000000000000000e+01 6.884387878787878906e+13
1.391014000000000017e+01 1.403722999999999921e+01 1.600000000000000000e+01 9.486781250000000000e+13
1.403722999999999921e+01 1.416432000000000002e+01 7.000000000000000000e+00 1.224271428571428594e+14
