# M_low [Msun/h] M_high[Msun/h] Number M_mean[Msun/h]
1.289339999999999975e+01 1.314059999999999917e+01 3.211180000000000000e+05 1.025041884914579688e+13
1.314059999999999917e+01 1.338779000000000075e+01 1.780170000000000000e+05 1.810325418358920703e+13
1.338779000000000075e+01 1.363499000000000017e+01 9.498700000000000000e+04 3.191297756535104688e+13
1.363499000000000017e+01 1.388217999999999996e+01 4.755700000000000000e+04 5.618432617700864062e+13
1.388217999999999996e+01 1.412937999999999938e+01 2.179000000000000000e+04 9.876695731987150000e+13
1.412937999999999938e+01 1.437656999999999918e+01 8.489000000000000000e+03 1.733172340676169062e+14
1.437656999999999918e+01 1.462377000000000038e+01 2.884000000000000000e+03 3.039614771151178750e+14
1.462377000000000038e+01 1.487096999999999980e+01 7.230000000000000000e+02 5.329118948824343125e+14
1.487096999999999980e+01 1.511815999999999960e+01 1.290000000000000000e+02 9.120759689922480000e+14
1.511815999999999960e+01 1.536536000000000080e+01 1.200000000000000000e+01 1.505808333333333250e+15
