# M_low [Msun/h] M_high[Msun/h] Number M_mean[Msun/h]
1.289339999999999975e+01 1.312894999999999968e+01 2.858600000000000000e+05 1.011656055411740039e+13
1.312894999999999968e+01 1.336450999999999922e+01 1.582540000000000000e+05 1.739074525762382031e+13
1.336450999999999922e+01 1.360005999999999915e+01 8.458200000000000000e+04 2.980777233926840234e+13
1.360005999999999915e+01 1.383561000000000085e+01 4.231300000000000000e+04 5.107113653014439844e+13
1.383561000000000085e+01 1.407117000000000040e+01 1.910800000000000000e+04 8.740203056311492188e+13
1.407117000000000040e+01 1.430672000000000033e+01 7.474000000000000000e+03 1.494900990099010000e+14
1.430672000000000033e+01 1.454227000000000025e+01 2.506000000000000000e+03 2.541500399042298438e+14
1.454227000000000025e+01 1.477782000000000018e+01 6.370000000000000000e+02 4.357086342229199375e+14
1.477782000000000018e+01 1.501337999999999973e+01 1.270000000000000000e+02 7.215851968503937500e+14
1.501337999999999973e+01 1.524892999999999965e+01 7.000000000000000000e+00 1.270228571428571500e+15
