# M_low [Msun/h] M_high[Msun/h] Number M_mean[Msun/h]
1.289339999999999975e+01 1.309381999999999913e+01 1.814000000000000000e+05 9.727883131201763672e+12
1.309381999999999913e+01 1.329424999999999990e+01 1.011390000000000000e+05 1.541072187781172461e+13
1.329424999999999990e+01 1.349466999999999928e+01 5.368100000000000000e+04 2.440416534714330859e+13
1.349466999999999928e+01 1.369510000000000005e+01 2.666200000000000000e+04 3.853330582851999219e+13
1.369510000000000005e+01 1.389551999999999943e+01 1.197800000000000000e+04 6.097024544999164844e+13
1.389551999999999943e+01 1.409594000000000058e+01 4.701000000000000000e+03 9.626253988513082812e+13
1.409594000000000058e+01 1.429636999999999958e+01 1.650000000000000000e+03 1.510698787878787812e+14
1.429636999999999958e+01 1.449679000000000073e+01 4.570000000000000000e+02 2.382899343544857812e+14
1.449679000000000073e+01 1.469721000000000011e+01 1.070000000000000000e+02 3.759669158878504375e+14
1.469721000000000011e+01 1.489764000000000088e+01 6.000000000000000000e+00 5.522433333333333125e+14
