# M_low [Msun/h] M_high[Msun/h] Number M_mean[Msun/h]
1.289339999999999975e+01 1.297081999999999979e+01 1.177000000000000000e+03 8.504553950722174805e+12
1.297081999999999979e+01 1.304823000000000022e+01 6.960000000000000000e+02 1.015231752873563281e+13
1.304823000000000022e+01 1.312565000000000026e+01 3.840000000000000000e+02 1.213436458333333398e+13
1.312565000000000026e+01 1.320306000000000068e+01 2.260000000000000000e+02 1.441911504424778711e+13
1.320306000000000068e+01 1.328048000000000073e+01 1.170000000000000000e+02 1.735115384615384570e+13
1.328048000000000073e+01 1.335788999999999938e+01 7.200000000000000000e+01 2.071658333333333203e+13
1.335788999999999938e+01 1.343530999999999942e+01 2.400000000000000000e+01 2.476475000000000000e+13
1.343530999999999942e+01 1.351271999999999984e+01 1.900000000000000000e+01 2.915273684210526172e+13
1.351271999999999984e+01 1.359013999999999989e+01 6.000000000000000000e+00 3.408433333333333203e+13
1.359013999999999989e+01 1.366755999999999993e+01 4.000000000000000000e+00 4.346925000000000000e+13
