# M_low [Msun/h] M_high[Msun/h] Number M_mean[Msun/h]
1.283210000000000051e+01 1.292043999999999926e+01 3.892000000000000000e+03 7.463386433710174805e+12
1.292043999999999926e+01 1.300877999999999979e+01 2.410000000000000000e+03 9.172763485477177734e+12
1.300877999999999979e+01 1.309711000000000070e+01 1.301000000000000000e+03 1.121748654880860938e+13
1.309711000000000070e+01 1.318544999999999945e+01 6.780000000000000000e+02 1.377472271386430664e+13
1.318544999999999945e+01 1.327378999999999998e+01 3.940000000000000000e+02 1.681223857868020312e+13
1.327378999999999998e+01 1.336213000000000051e+01 1.970000000000000000e+02 2.057071573604060938e+13
1.336213000000000051e+01 1.345045999999999964e+01 1.000000000000000000e+02 2.523996000000000000e+13
1.345045999999999964e+01 1.353880000000000017e+01 3.900000000000000000e+01 3.078992307692307812e+13
1.353880000000000017e+01 1.362714000000000070e+01 1.900000000000000000e+01 3.751500000000000000e+13
1.362714000000000070e+01 1.371547999999999945e+01 4.000000000000000000e+00 4.615425000000000000e+13
