# M_low [Msun/h] M_high[Msun/h] Number M_mean[Msun/h]
1.283210000000000051e+01 1.310032999999999959e+01 3.722610000000000000e+05 9.114497623978875000e+12
1.310032999999999959e+01 1.336855000000000082e+01 2.085460000000000000e+05 1.688768904702080078e+13
1.336855000000000082e+01 1.363677999999999990e+01 1.131020000000000000e+05 3.124974801506604688e+13
1.363677999999999990e+01 1.390499999999999936e+01 5.801900000000000000e+04 5.793743428876747656e+13
1.390499999999999936e+01 1.417323000000000022e+01 2.764100000000000000e+04 1.067991027820990625e+14
1.417323000000000022e+01 1.444145999999999930e+01 1.194500000000000000e+04 1.962930933444955938e+14
1.444145999999999930e+01 1.470968000000000053e+01 4.379000000000000000e+03 3.626839461064170000e+14
1.470968000000000053e+01 1.497790999999999961e+01 1.209000000000000000e+03 6.565564102564102500e+14
1.497790999999999961e+01 1.524614000000000047e+01 2.220000000000000000e+02 1.185408108108108000e+15
1.524614000000000047e+01 1.551435999999999993e+01 2.300000000000000000e+01 2.116691304347826000e+15
