# M_low [Msun/h] M_high[Msun/h] Number M_mean[Msun/h]
1.283210000000000051e+01 1.306672000000000011e+01 2.738070000000000000e+05 8.778650655388649414e+12
1.306672000000000011e+01 1.330133000000000010e+01 1.511950000000000000e+05 1.505933397268428125e+13
1.330133000000000010e+01 1.353594999999999970e+01 7.973100000000000000e+04 2.576702913546801172e+13
1.353594999999999970e+01 1.377055999999999969e+01 3.983400000000000000e+04 4.410074308379775781e+13
1.377055999999999969e+01 1.400517999999999930e+01 1.809800000000000000e+04 7.523256713449000000e+13
1.400517999999999930e+01 1.423978999999999928e+01 7.150000000000000000e+03 1.284362797202797188e+14
1.423978999999999928e+01 1.447441000000000066e+01 2.433000000000000000e+03 2.181282367447595625e+14
1.447441000000000066e+01 1.470903000000000027e+01 6.060000000000000000e+02 3.657693069306930625e+14
1.470903000000000027e+01 1.494364000000000026e+01 1.130000000000000000e+02 6.235287610619468750e+14
1.494364000000000026e+01 1.517825999999999986e+01 9.000000000000000000e+00 1.038418888888888875e+15
