# M_low [Msun/h] M_high[Msun/h] Number M_mean[Msun/h]
1.283210000000000051e+01 1.303772000000000020e+01 2.049970000000000000e+05 8.496041405483982422e+12
1.303772000000000020e+01 1.324333999999999989e+01 1.147520000000000000e+05 1.364283846904629102e+13
1.324333999999999989e+01 1.344896999999999920e+01 6.219000000000000000e+04 2.184314198424183984e+13
1.344896999999999920e+01 1.365459000000000067e+01 3.204200000000000000e+04 3.491792022969851953e+13
1.365459000000000067e+01 1.386021000000000036e+01 1.480800000000000000e+04 5.593429227444624219e+13
1.386021000000000036e+01 1.406583000000000006e+01 6.183000000000000000e+03 8.947522238395601562e+13
1.406583000000000006e+01 1.427144999999999975e+01 2.205000000000000000e+03 1.430682993197279062e+14
1.427144999999999975e+01 1.447708000000000084e+01 6.820000000000000000e+02 2.280368035190615938e+14
1.447708000000000084e+01 1.468270000000000053e+01 1.460000000000000000e+02 3.680284246575342500e+14
1.468270000000000053e+01 1.488832000000000022e+01 1.400000000000000000e+01 5.765614285714286250e+14
