# M_low [Msun/h] M_high[Msun/h] Number M_mean[Msun/h]
1.283210000000000051e+01 1.297356000000000087e+01 4.035400000000000000e+04 7.905996927194330078e+12
1.297356000000000087e+01 1.311503000000000085e+01 2.181100000000000000e+04 1.095971298885883203e+13
1.311503000000000085e+01 1.325648999999999944e+01 1.158200000000000000e+04 1.511463477810395508e+13
1.325648999999999944e+01 1.339795999999999943e+01 5.642000000000000000e+03 2.088450903934775000e+13
1.339795999999999943e+01 1.353941999999999979e+01 2.610000000000000000e+03 2.897345210727969531e+13
1.353941999999999979e+01 1.368088999999999977e+01 1.045000000000000000e+03 3.977561722488038281e+13
1.368088999999999977e+01 1.382235000000000014e+01 3.890000000000000000e+02 5.460508997429306250e+13
1.382235000000000014e+01 1.396382000000000012e+01 1.310000000000000000e+02 7.625666412213740625e+13
1.396382000000000012e+01 1.410528000000000048e+01 3.300000000000000000e+01 1.034056060606060625e+14
1.410528000000000048e+01 1.424674000000000085e+01 8.000000000000000000e+00 1.396262500000000000e+14
