# M_low [Msun/h] M_high[Msun/h] Number M_mean[Msun/h]
1.283210000000000051e+01 1.302763999999999989e+01 1.740200000000000000e+05 8.392460636708424805e+12
1.302763999999999989e+01 1.322317999999999927e+01 9.863400000000000000e+04 1.316035038627653711e+13
1.322317999999999927e+01 1.341872000000000043e+01 5.340900000000000000e+04 2.064989046789866797e+13
1.341872000000000043e+01 1.361425999999999981e+01 2.677900000000000000e+04 3.229570559020127734e+13
1.361425999999999981e+01 1.380979999999999919e+01 1.254900000000000000e+04 5.051304486413260156e+13
1.380979999999999919e+01 1.400534000000000034e+01 5.205000000000000000e+03 7.861000960614793750e+13
1.400534000000000034e+01 1.420087999999999973e+01 1.895000000000000000e+03 1.221527176781002656e+14
1.420087999999999973e+01 1.439642000000000088e+01 5.950000000000000000e+02 1.906510924369747812e+14
1.439642000000000088e+01 1.459196000000000026e+01 1.330000000000000000e+02 2.966495488721804375e+14
1.459196000000000026e+01 1.478749999999999964e+01 1.500000000000000000e+01 4.600140000000000000e+14
