# M_low [Msun/h] M_high[Msun/h] Number M_mean[Msun/h]
1.283210000000000051e+01 1.305822000000000038e+01 2.436850000000000000e+05 8.683423271846851562e+12
1.305822000000000038e+01 1.328434000000000026e+01 1.334260000000000000e+05 1.460102228950879102e+13
1.328434000000000026e+01 1.351045000000000051e+01 6.989700000000000000e+04 2.452570210452523047e+13
1.351045000000000051e+01 1.373657000000000039e+01 3.458100000000000000e+04 4.115794800613053125e+13
1.373657000000000039e+01 1.396269000000000027e+01 1.509000000000000000e+04 6.877985420808482812e+13
1.396269000000000027e+01 1.418881000000000014e+01 5.952000000000000000e+03 1.152087533602150469e+14
1.418881000000000014e+01 1.441493000000000002e+01 1.951000000000000000e+03 1.928268580215274062e+14
1.441493000000000002e+01 1.464104999999999990e+01 4.850000000000000000e+02 3.158129896907216250e+14
1.464104999999999990e+01 1.486716000000000015e+01 9.000000000000000000e+01 5.266995555555555625e+14
1.486716000000000015e+01 1.509328000000000003e+01 6.000000000000000000e+00 8.054666666666666250e+14
