# M_low [Msun/h] M_high[Msun/h] Number M_mean[Msun/h]
1.283210000000000051e+01 1.307196000000000069e+01 2.989510000000000000e+05 8.829045562650736328e+12
1.307196000000000069e+01 1.331182000000000087e+01 1.683080000000000000e+05 1.532871283599115820e+13
1.331182000000000087e+01 1.355166999999999966e+01 9.050100000000000000e+04 2.654790554800499609e+13
1.355166999999999966e+01 1.379152999999999984e+01 4.626100000000000000e+04 4.602248113962084375e+13
1.379152999999999984e+01 1.403139000000000003e+01 2.165200000000000000e+04 7.951473305006465625e+13
1.403139000000000003e+01 1.427125000000000021e+01 9.091000000000000000e+03 1.367573424265757344e+14
1.427125000000000021e+01 1.451111000000000040e+01 3.268000000000000000e+03 2.363230110159118750e+14
1.451111000000000040e+01 1.475095999999999918e+01 8.850000000000000000e+02 4.050579661016949375e+14
1.475095999999999918e+01 1.499081999999999937e+01 1.690000000000000000e+02 6.976988165680473750e+14
1.499081999999999937e+01 1.523067999999999955e+01 2.100000000000000000e+01 1.140848095238095250e+15
