1.642707426641460275e+06 9.474524304058596026e+05 6.478283033536369912e+05 4.617957765786808450e+05 2.766855678401981713e+05 1.662491201856861589e+05 8.889426348705121200e+04 4.887585203794666450e+04 1.958737204591111367e+04 5.445351695191281578e+03 1.307975383060097556e+03 7.099580654177322003e+01 1.161328885841968201e+02
9.474524304058596026e+05 8.397433860317288199e+05 4.432622750065854052e+05 3.129316447164203273e+05 1.984321537984218157e+05 1.215073464332717995e+05 6.115056581431742234e+04 3.688663128588005202e+04 1.299448945125043792e+04 4.003549373662046492e+03 1.026754891410543223e+03 -3.327046082082839717e+01 2.958027887455888916e+01
6.478283033536369912e+05 4.432622750065854052e+05 4.065307019504136406e+05 2.143245517595175188e+05 1.282882537980403577e+05 7.982441586851085594e+04 4.175370676429691957e+04 2.308402924314740812e+04 8.750746879798756709e+03 2.355277254606031875e+03 4.699942785145449875e+02 -1.352151684468081427e+01 2.096462559503005707e+01
4.617957765786808450e+05 3.129316447164203273e+05 2.143245517595175188e+05 2.144351238850838563e+05 9.390474625939186080e+04 5.505381269220401009e+04 2.887008551591019204e+04 1.768993225362925659e+04 6.037384722025242809e+03 2.047435296280210196e+03 3.714613225286263400e+02 -2.927047613941335413e+01 4.538806147341525588e+01
2.766855678401981713e+05 1.984321537984218157e+05 1.282882537980403577e+05 9.390474625939186080e+04 9.113062354999654053e+04 3.521683768061792944e+04 1.976213608250576726e+04 1.049753626862621240e+04 4.381006751659064321e+03 1.415484775257401452e+03 3.317673568958357464e+02 5.050961048709077694e+00 1.858032100060838232e+01
1.662491201856861589e+05 1.215073464332717995e+05 7.982441586851085594e+04 5.505381269220401009e+04 3.521683768061792944e+04 3.901312118137639482e+04 1.151010493985710127e+04 6.120227542021490081e+03 2.513480570310555777e+03 7.399187349926274919e+02 2.283128511303402490e+02 -8.658790369215605409e+00 7.623500216376376315e+00
8.889426348705121200e+04 6.115056581431742234e+04 4.175370676429691957e+04 2.887008551591019204e+04 1.976213608250576726e+04 1.151010493985710127e+04 1.501054643632708758e+04 3.101964591128356005e+03 1.147156391098415043e+03 3.835750016276114707e+02 9.291729121748505804e+01 -8.094086649485547014e+00 1.403916192110277628e+01
4.887585203794666450e+04 3.688663128588005202e+04 2.308402924314740812e+04 1.768993225362925659e+04 1.049753626862621240e+04 6.120227542021490081e+03 3.101964591128356005e+03 5.542998380061510943e+03 8.850122969810965969e+02 1.644934876934504473e+02 5.069392350672789860e+01 1.725483588068050578e+00 6.956836102802991029e+00
1.958737204591111367e+04 1.299448945125043792e+04 8.750746879798756709e+03 6.037384722025242809e+03 4.381006751659064321e+03 2.513480570310555777e+03 1.147156391098415043e+03 8.850122969810965969e+02 1.434816073774229608e+03 1.180113127630473997e+02 1.926071055181284564e+01 -6.431347919165624205e-01 1.345092887971391482e+00
5.445351695191281578e+03 4.003549373662046492e+03 2.355277254606031875e+03 2.047435296280210196e+03 1.415484775257401452e+03 7.399187349926274919e+02 3.835750016276114707e+02 1.644934876934504473e+02 1.180113127630473997e+02 4.083984359741278354e+02 2.144697668896778353e+01 1.160779868336913045e+00 1.545092122043047356e+00
1.307975383060097556e+03 1.026754891410543223e+03 4.699942785145449875e+02 3.714613225286263400e+02 3.317673568958357464e+02 2.283128511303402490e+02 9.291729121748505804e+01 5.069392350672789860e+01 1.926071055181284564e+01 2.144697668896778353e+01 6.089192366757172437e+01 -8.941142229081537884e-01 7.803891682400112551e-01
7.099580654177322003e+01 -3.327046082082839717e+01 -1.352151684468081427e+01 -2.927047613941335413e+01 5.050961048709077694e+00 -8.658790369215605409e+00 -8.094086649485547014e+00 1.725483588068050578e+00 -6.431347919165624205e-01 1.160779868336913045e+00 -8.941142229081537884e-01 7.905852076240515558e+00 -3.137242887397030666e-02
1.161328885841968201e+02 2.958027887455888916e+01 2.096462559503005707e+01 4.538806147341525588e+01 1.858032100060838232e+01 7.623500216376376315e+00 1.403916192110277628e+01 6.956836102802991029e+00 1.345092887971391482e+00 1.545092122043047356e+00 7.803891682400112551e-01 -3.137242887397030666e-02 1.999992340715606831e+00
