1.509220116283202311e+06 8.383414463026397862e+05 5.873018233845353825e+05 3.852070796910056379e+05 2.414772556171222823e+05 1.297124267753276217e+05 6.832928342032720684e+04 3.368517884046101244e+04 9.731221556290205626e+03 2.896341849181023463e+03 6.219956571858085681e+02 9.434473673123144977e+01 2.333520475182703535e+01
8.383414463026397862e+05 7.330990101293781772e+05 3.919378499928998062e+05 2.659733559231003164e+05 1.670314858169175568e+05 8.801007667709619273e+04 4.682028343947736721e+04 2.229417932682576793e+04 6.446936094760923879e+03 1.699358197923401804e+03 4.229219097660369471e+02 5.538018006976345475e+01 3.015870803191589644e+01
5.873018233845353825e+05 3.919378499928998062e+05 3.724541324519838090e+05 1.743409499810333655e+05 1.116659880438529362e+05 6.131745341048727278e+04 3.158729079621938581e+04 1.547892307397707191e+04 4.519814063212037581e+03 1.460441465833805523e+03 5.978212399615335926e+01 -1.851757614286044529e+01 7.919577513872656738e+00
3.852070796910056379e+05 2.659733559231003164e+05 1.743409499810333655e+05 1.775871767647847882e+05 7.264226298152704840e+04 4.103371540396966157e+04 2.306799793199208580e+04 1.012373966092340561e+04 3.289159952665586388e+03 8.094165080556292651e+02 1.588209603976655444e+02 4.662727241393703537e+01 2.370579156789314190e+00
2.414772556171222823e+05 1.670314858169175568e+05 1.116659880438529362e+05 7.264226298152704840e+04 7.484758786922410945e+04 2.656858844750177377e+04 1.452204634632939269e+04 7.112286487873518126e+03 2.273183451350178075e+03 7.869460058746810773e+02 1.706973855032756830e+02 2.898812427954737103e+01 1.703522887856529877e+01
1.297124267753276217e+05 8.801007667709619273e+04 6.131745341048727278e+04 4.103371540396966157e+04 2.656858844750177377e+04 2.723827803968388616e+04 7.621374734318624178e+03 2.974080767153996021e+03 1.099035006759354474e+03 2.680852478353023116e+02 6.055467005717821394e+01 9.803884023126248071e-01 3.507829703470520144e+00
6.832928342032720684e+04 4.682028343947736721e+04 3.158729079621938581e+04 2.306799793199208580e+04 1.452204634632939269e+04 7.621374734318624178e+03 1.059657118347389769e+04 2.107137028427441692e+03 5.442645823200682571e+02 1.843130196345732088e+02 5.274489604436162438e+01 9.882315095300432617e+00 3.223517066800374753e+00
3.368517884046101244e+04 2.229417932682576793e+04 1.547892307397707191e+04 1.012373966092340561e+04 7.112286487873518126e+03 2.974080767153996021e+03 2.107137028427441692e+03 3.364314566810189262e+03 3.341595045974978575e+02 2.705087679658117850e+01 7.433304866326130522e+00 3.647044856599046536e+00 2.668617231092390796e+00
9.731221556290205626e+03 6.446936094760923879e+03 4.519814063212037581e+03 3.289159952665586388e+03 2.273183451350178075e+03 1.099035006759354474e+03 5.442645823200682571e+02 3.341595045974978575e+02 8.077067106820413755e+02 5.366253958892703935e+01 -5.980369254100533105e+00 4.345081399044964598e+00 -1.423523960156454438e+00
2.896341849181023463e+03 1.699358197923401804e+03 1.460441465833805523e+03 8.094165080556292651e+02 7.869460058746810773e+02 2.680852478353023116e+02 1.843130196345732088e+02 2.705087679658117850e+01 5.366253958892703935e+01 1.781640235752773833e+02 7.098012032735780963e+00 1.725483588068366325e+00 6.823503280088537570e-01
6.219956571858085681e+02 4.229219097660369471e+02 5.978212399615335926e+01 1.588209603976655444e+02 1.706973855032756830e+02 6.055467005717821394e+01 5.274489604436162438e+01 7.433304866326130522e+00 -5.980369254100533105e+00 7.098012032735780963e+00 2.923714293373569717e+01 7.607814001937800441e-01 -6.078408094331751166e-02
9.434473673123144977e+01 5.538018006976345475e+01 -1.851757614286044529e+01 4.662727241393703537e+01 2.898812427954737103e+01 9.803884023126248071e-01 9.882315095300432617e+00 3.647044856599046536e+00 4.345081399044964598e+00 1.725483588068366325e+00 7.607814001937800441e-01 3.984298466994228072e+00 -7.843107218492569727e-03
2.333520475182703535e+01 3.015870803191589644e+01 7.919577513872656738e+00 2.370579156789314190e+00 1.703522887856529877e+01 3.507829703470520144e+00 3.223517066800374753e+00 2.668617231092390796e+00 -1.423523960156454438e+00 6.823503280088537570e-01 -6.078408094331751166e-02 -7.843107218492569727e-03 1.001956947162428113e+00
