2.036904197395030409e+06 1.189962005598912481e+06 8.390799924938752083e+05 5.719820114659306128e+05 3.362127143814454321e+05 2.140338273827006342e+05 1.253052769865257578e+05 6.126607125431868917e+04 2.560210587428808503e+04 7.793544663202663287e+03 2.507782552915954966e+03 2.842577349197916305e+02 -3.417633970435973279e+00
1.189962005598912481e+06 1.035037838121009176e+06 5.953601807590946555e+05 3.900080024815957295e+05 2.308358865659883013e+05 1.487185167336189188e+05 8.481714968922128901e+04 4.273732652678172599e+04 1.828502017072490344e+04 6.337777689270398696e+03 2.397743758640523083e+03 2.322108754179145933e+02 6.026055353648840907e+01
8.390799924938752083e+05 5.953601807590946555e+05 5.385360846503828652e+05 2.839712320954498718e+05 1.597977586176435871e+05 1.073865338444571971e+05 6.236603566928402870e+04 3.081203886320760648e+04 1.225837658403506248e+04 3.946602532925287051e+03 1.428523941008153542e+03 6.518406409289025305e+01 4.140572378322578828e+01
5.719820114659306128e+05 3.900080024815957295e+05 2.839712320954498718e+05 2.557052148544015945e+05 1.074483355685617280e+05 7.357472607717859501e+04 4.143171584054666164e+04 2.048153724901386158e+04 9.465320613814532408e+03 3.198377947388326902e+03 1.167709253564406254e+03 7.650951091639289814e+01 3.088811700322750653e+01
3.362127143814454321e+05 2.308358865659883013e+05 1.597977586176435871e+05 1.074483355685617280e+05 9.853259324220778944e+04 4.095363531848990533e+04 2.473963858900522609e+04 1.207494983551631049e+04 5.051863006039067841e+03 1.775618690185753621e+03 6.018055384285273703e+02 1.569405754420318999e+01 1.034309764438679125e+01
2.140338273827006342e+05 1.487185167336189188e+05 1.073865338444571971e+05 7.357472607717859501e+04 4.095363531848990533e+04 4.729047771722444304e+04 1.608909916858382348e+04 7.951624449967275723e+03 3.756738554156690952e+03 1.400367186093800228e+03 3.813867747136269486e+02 4.704295709651704271e+01 1.605091892264458764e+01
1.253052769865257578e+05 8.481714968922128901e+04 6.236603566928402870e+04 4.143171584054666164e+04 2.473963858900522609e+04 1.608909916858382348e+04 1.870850874498689154e+04 4.578115800720516745e+03 2.127176167370563689e+03 6.868365853378193151e+02 1.702267990701580516e+02 4.178807526012725759e+01 -3.796063893750298845e+00
6.126607125431868917e+04 4.273732652678172599e+04 3.081203886320760648e+04 2.048153724901386158e+04 1.207494983551631049e+04 7.951624449967275723e+03 4.578115800720516745e+03 6.272352449630408046e+03 1.154066168557821584e+03 2.284383408458137126e+02 9.232905817609363908e+01 1.323916498481540849e+01 7.294089713197878133e+00
2.560210587428808503e+04 1.828502017072490344e+04 1.225837658403506248e+04 9.465320613814532408e+03 5.051863006039067841e+03 3.756738554156690952e+03 2.127176167370563689e+03 1.154066168557821584e+03 1.868761470735689954e+03 1.989404145970617606e+02 6.313701310886403917e+01 7.184286212138983885e+00 -8.235262579416979811e-01
7.793544663202663287e+03 6.337777689270398696e+03 3.946602532925287051e+03 3.198377947388326902e+03 1.775618690185753621e+03 1.400367186093800228e+03 6.868365853378193151e+02 2.284383408458137126e+02 1.989404145970617606e+02 5.234627011998413764e+02 1.372543763236357961e-01 6.831346387307059231e+00 -8.529379100110868750e-01
2.507782552915954966e+03 2.397743758640523083e+03 1.428523941008153542e+03 1.167709253564406254e+03 6.018055384285273703e+02 3.813867747136269486e+02 1.702267990701580516e+02 9.232905817609363908e+01 6.313701310886403917e+01 1.372543763236357961e-01 1.011368675824617469e+02 1.803914660253291835e+00 8.196047043324741210e-01
2.842577349197916305e+02 2.322108754179145933e+02 6.518406409289025305e+01 7.650951091639289814e+01 1.569405754420318999e+01 4.704295709651704271e+01 4.178807526012725759e+01 1.323916498481540849e+01 7.184286212138983885e+00 6.831346387307059231e+00 1.803914660253291835e+00 1.176466082773886157e+01 -2.352932165547773000e-02
-3.417633970435973279e+00 6.026055353648840907e+01 4.140572378322578828e+01 3.088811700322750653e+01 1.034309764438679125e+01 1.605091892264458764e+01 -3.796063893750298845e+00 7.294089713197878133e+00 -8.235262579416979811e-01 -8.529379100110868750e-01 8.196047043324741210e-01 -2.352932165547773000e-02 1.001956947162426559e+00
