1.625805644987212960e+06 8.817758113037492149e+05 5.318044837546665221e+05 3.089819457246675156e+05 1.630639793120379036e+05 7.544474545456410851e+04 3.545146543156421831e+04 1.116008364239715957e+04 2.753380496063696683e+03 8.394025760113207753e+02 7.431470366601283217e+01
8.817758113037492149e+05 6.741911946723816218e+05 3.350145203132500756e+05 2.000779639918639150e+05 1.054916268630842824e+05 4.951444807515264256e+04 2.375489672067224092e+04 6.754843852625519503e+03 1.819279700042155355e+03 4.434687857329904546e+02 6.781011646010253457e+01
5.318044837546665221e+05 3.350145203132500756e+05 2.699003447192924796e+05 1.224152275262337498e+05 6.627508691797003848e+04 2.929608340482889980e+04 1.457442015643959166e+04 4.915376582860747476e+03 1.158719145988209220e+03 3.708287216441234477e+02 2.156127728669682853e+01
3.089819457246675156e+05 2.000779639918639150e+05 1.224152275262337498e+05 1.029017673774565337e+05 3.857310828598525404e+04 1.904988346081654527e+04 8.409175842245533204e+03 2.854921997086689771e+03 6.296115584531455625e+02 1.935397908523481192e+02 2.663440459786073333e+01
1.630639793120379036e+05 1.054916268630842824e+05 6.627508691797003848e+04 3.857310828598525404e+04 3.645466329488087649e+04 9.125783480813919596e+03 4.866218974334169616e+03 1.607083471015555688e+03 2.729031247386033669e+02 1.248959837343247017e+02 -3.186006478678562459e+00
7.544474545456410851e+04 4.951444807515264256e+04 2.929608340482889980e+04 1.904988346081654527e+04 9.125783480813919596e+03 1.095835482630983097e+04 2.079109182975023032e+03 5.888717357142695619e+02 1.760717271150494412e+02 6.946431480642270628e+01 5.074997818678286698e+00
3.545146543156421831e+04 2.375489672067224092e+04 1.457442015643959166e+04 8.409175842245533204e+03 4.866218974334169616e+03 2.079109182975023032e+03 3.155182008878122815e+03 3.479256183591514855e+02 7.493764163663486499e+01 4.111144935769582531e+01 -2.379515564780422032e+00
1.116008364239715957e+04 6.754843852625519503e+03 4.915376582860747476e+03 2.854921997086689771e+03 1.607083471015555688e+03 5.888717357142695619e+02 3.479256183591514855e+02 7.037619777851214167e+02 3.814620990146857338e+01 1.115038141427528195e+01 7.793581954232615239e+00
2.753380496063696683e+03 1.819279700042155355e+03 1.158719145988209220e+03 6.296115584531455625e+02 2.729031247386033669e+02 1.760717271150494412e+02 7.493764163663486499e+01 3.814620990146857338e+01 1.301452064115775329e+02 6.693312781797193800e+00 1.543828271732139434e+00
8.394025760113207753e+02 4.434687857329904546e+02 3.708287216441234477e+02 1.935397908523481192e+02 1.248959837343247017e+02 6.946431480642270628e+01 4.111144935769582531e+01 1.115038141427528195e+01 6.693312781797193800e+00 2.409897682412157849e+01 -9.032000160707377712e-02
7.431470366601283217e+01 6.781011646010253457e+01 2.156127728669682853e+01 2.663440459786073333e+01 -3.186006478678562459e+00 5.074997818678286698e+00 -2.379515564780422032e+00 7.793581954232615239e+00 1.543828271732139434e+00 -9.032000160707377712e-02 2.002321145601545727e+00
