1.061079339592768578e+06 5.193598264626954915e+05 2.987471815703307511e+05 1.578328528929102176e+05 7.192883701275243948e+04 3.427521309118819045e+04 9.450002703245349039e+03 1.936388093256823367e+03 5.788623928553981841e+02 1.862997932432453183e+02
5.193598264626954915e+05 3.937012353424039902e+05 1.752832747966374154e+05 9.372198864907707321e+04 4.079271579606504383e+04 2.073218851805294980e+04 5.396840626138942753e+03 1.067089877364976701e+03 3.728836719515198297e+02 8.134753445300098917e+01
2.987471815703307511e+05 1.752832747966374154e+05 1.416124767959172314e+05 5.535396742382331286e+04 2.346934793739076486e+04 1.230934539616795519e+04 3.575818643435311060e+03 5.620838373369771261e+02 2.508856117406282067e+02 5.860127036576207615e+01
1.578328528929102176e+05 9.372198864907707321e+04 5.535396742382331286e+04 4.698445223734770116e+04 1.204312254455273069e+04 5.856278215020081007e+03 2.058989996826130209e+03 4.033259679533437634e+02 1.482723415685136672e+02 3.820840291813194511e+01
7.192883701275243948e+04 4.079271579606504383e+04 2.346934793739076486e+04 1.204312254455273069e+04 1.318801651532080359e+04 2.682240292135016716e+03 5.819735440598142304e+02 1.985714979060431631e+02 3.779378435160050742e+01 1.815939460288654672e+01
3.427521309118819045e+04 2.073218851805294980e+04 1.230934539616795519e+04 5.856278215020081007e+03 2.682240292135016716e+03 4.029496749844962778e+03 3.600834673567305799e+02 1.291549162873863281e+02 2.864054208804683554e+01 2.038482249434640536e+01
9.450002703245349039e+03 5.396840626138942753e+03 3.575818643435311060e+03 2.058989996826130209e+03 5.819735440598142304e+02 3.600834673567305799e+02 7.817281118553199804e+02 3.578304589756179865e+01 1.981500916708050752e+01 7.034417826072314028e+00
1.936388093256823367e+03 1.067089877364976701e+03 5.620838373369771261e+02 4.033259679533437634e+02 1.985714979060431631e+02 1.291549162873863281e+02 3.578304589756179865e+01 1.269141497315854110e+02 5.788861507956632124e+00 1.006447576750654438e+00
5.788623928553981841e+02 3.728836719515198297e+02 2.508856117406282067e+02 1.482723415685136672e+02 3.779378435160050742e+01 2.864054208804683554e+01 1.981500916708050752e+01 5.788861507956632124e+00 2.630235575430256034e+01 -1.650388919576211699e-01
1.862997932432453183e+02 8.134753445300098917e+01 5.860127036576207615e+01 3.820840291813194511e+01 1.815939460288654672e+01 2.038482249434640536e+01 7.034417826072314028e+00 1.006447576750654438e+00 -1.650388919576211699e-01 3.991136307418901019e+00
