2.114565556417685468e+06 1.219667869695045985e+06 8.858887108122678474e+05 5.835891766177009558e+05 4.344704541183474939e+05 2.751754135460871621e+05 1.617481090915380628e+05 9.486896318110004358e+04 4.418706805701945268e+04 2.226166719001223828e+04 6.134416749506788619e+03 1.541924421410067680e+03 3.545678624515643946e+02
1.219667869695045985e+06 1.038664099406724796e+06 5.956245206940537319e+05 4.103913096878140350e+05 2.896000729670757428e+05 1.879027414741021930e+05 1.083557176027092064e+05 6.283487552367790340e+04 3.116711442366369010e+04 1.501134643024048091e+04 3.936418071402523765e+03 9.462034534235947376e+02 2.663630117196339029e+02
8.858887108122678474e+05 5.956245206940537319e+05 5.573764336364121409e+05 2.961878465286004939e+05 2.186363738710507751e+05 1.383352936916251492e+05 7.804654822511078964e+04 4.554825049777401728e+04 2.211826636264566696e+04 9.580408608421874305e+03 2.918558420379889412e+03 6.655586618933494947e+02 2.469453810847152795e+02
5.835891766177009558e+05 4.103913096878140350e+05 2.961878465286004939e+05 2.784336028603672748e+05 1.425705378247250046e+05 9.020595684974004689e+04 5.508796494140553114e+04 3.192586755171733967e+04 1.403392140410355023e+04 7.732012281456351047e+03 1.869410654860120758e+03 3.876698798770292456e+02 1.340929412664229972e+02
4.344704541183474939e+05 2.896000729670757428e+05 2.186363738710507751e+05 1.425705378247250046e+05 1.507010794314628292e+05 6.461574783707597089e+04 4.110876200556520780e+04 2.384454236460222455e+04 1.126162254303914051e+04 5.180035963861175333e+03 1.991008786257546490e+03 4.285982807245147228e+02 1.027035301980973543e+02
2.751754135460871621e+05 1.879027414741021930e+05 1.383352936916251492e+05 9.020595684974004689e+04 6.461574783707597089e+04 7.037715024323361285e+04 2.475935961168634822e+04 1.303193193116465409e+04 6.987955259304374522e+03 3.352279831794829079e+03 9.052739248610944287e+02 2.492688653716956537e+02 4.206504258772337579e+01
1.617481090915380628e+05 1.083557176027092064e+05 7.804654822511078964e+04 5.508796494140553114e+04 4.110876200556520780e+04 2.475935961168634822e+04 2.796235935779415740e+04 8.528135351480812460e+03 4.214374413786806144e+03 1.821489496466347418e+03 6.923449711493275345e+02 1.384457138643504379e+02 3.451230966156428792e+01
9.486896318110004358e+04 6.283487552367790340e+04 4.554825049777401728e+04 3.192586755171733967e+04 2.384454236460222455e+04 1.303193193116465409e+04 8.528135351480812460e+03 1.117454116993079879e+04 2.695287468182546945e+03 1.217090979833741585e+03 4.039839543452381463e+02 8.396955788881393801e+01 1.723997321671070893e+01
4.418706805701945268e+04 3.116711442366369010e+04 2.211826636264566696e+04 1.403392140410355023e+04 1.126162254303914051e+04 6.987955259304374522e+03 4.214374413786806144e+03 2.695287468182546945e+03 3.941953473488405507e+03 6.598556722715288743e+02 1.757788548873720913e+02 4.923757568111010130e+01 1.474178005315486750e+01
2.226166719001223828e+04 1.501134643024048091e+04 9.580408608421874305e+03 7.732012281456351047e+03 5.180035963861175333e+03 3.352279831794829079e+03 1.821489496466347418e+03 1.217090979833741585e+03 6.598556722715288743e+02 1.335137389323189836e+03 9.870165602683391626e+01 1.799709150671590763e+01 7.600036750300836808e+00
6.134416749506788619e+03 3.936418071402523765e+03 2.918558420379889412e+03 1.869410654860120758e+03 1.991008786257546490e+03 9.052739248610944287e+02 6.923449711493275345e+02 4.039839543452381463e+02 1.757788548873720913e+02 9.870165602683391626e+01 3.519711798440487769e+02 1.245060249759252002e+01 -3.453762620396379490e-01
1.541924421410067680e+03 9.462034534235947376e+02 6.655586618933494947e+02 3.876698798770292456e+02 4.285982807245147228e+02 2.492688653716956537e+02 1.384457138643504379e+02 8.396955788881393801e+01 4.923757568111010130e+01 1.799709150671590763e+01 1.245060249759252002e+01 4.476308406726863609e+01 -3.296237857749150235e-01
3.545678624515643946e+02 2.663630117196339029e+02 2.469453810847152795e+02 1.340929412664229972e+02 1.027035301980973543e+02 4.206504258772337579e+01 3.451230966156428792e+01 1.723997321671070893e+01 1.474178005315486750e+01 7.600036750300836808e+00 -3.453762620396379490e-01 -3.296237857749150235e-01 3.986443272061503951e+00
