1.324373708524143323e+06 6.908905016061074566e+05 4.414320065960607026e+05 2.529594849635810242e+05 1.294978942118934647e+05 6.189073689542484499e+04 2.685181194890362895e+04 7.627638173807619751e+03 2.348498359626992169e+03 2.014568123877222945e+02
6.908905016061074566e+05 5.555687410703800851e+05 2.815929763355728937e+05 1.617499444560416741e+05 8.437023964405310107e+04 3.821740127931648021e+04 1.731360758501329110e+04 4.680273112408651286e+03 1.362112605114124335e+03 1.514800421276270868e+02
4.414320065960607026e+05 2.815929763355728937e+05 2.434331258211773529e+05 1.003488477278118953e+05 5.264953823142695182e+04 2.440667889621142604e+04 1.032075402847743317e+04 2.985678228226797728e+03 1.095254265997185257e+03 6.440968596986412820e+01
2.529594849635810242e+05 1.617499444560416741e+05 1.003488477278118953e+05 8.734152165656701254e+04 3.019109897785628709e+04 1.405970889880641516e+04 6.305812355848003790e+03 1.830923766362456945e+03 5.798597411321111394e+02 4.694148350865005170e+01
1.294978942118934647e+05 8.437023964405310107e+04 5.264953823142695182e+04 3.019109897785628709e+04 3.106912133405570057e+04 7.899934943720305455e+03 3.485901117434276784e+03 9.943122262049777191e+02 3.395112737850785720e+02 3.918808575758512092e+01
6.189073689542484499e+04 3.821740127931648021e+04 2.440667889621142604e+04 1.405970889880641516e+04 7.899934943720305455e+03 9.709303072890146723e+03 1.723782446470675040e+03 4.530228118401981305e+02 2.055448131541447765e+02 5.308580510674616448e+00
2.685181194890362895e+04 1.731360758501329110e+04 1.032075402847743317e+04 6.305812355848003790e+03 3.485901117434276784e+03 1.723782446470675040e+03 2.693169402700293176e+03 2.439171351653685633e+02 1.296586110896569153e+02 7.710770935577155427e+00
7.627638173807619751e+03 4.680273112408651286e+03 2.985678228226797728e+03 1.830923766362456945e+03 9.943122262049777191e+02 4.530228118401981305e+02 2.439171351653685633e+02 6.022981898446362266e+02 2.919400650022214805e+01 1.006387247707848376e+00
2.348498359626992169e+03 1.362112605114124335e+03 1.095254265997185257e+03 5.798597411321111394e+02 3.395112737850785720e+02 2.055448131541447765e+02 1.296586110896569153e+02 2.919400650022214805e+01 1.031032770946902986e+02 4.400768374231432412e-01
2.014568123877222945e+02 1.514800421276270868e+02 6.440968596986412820e+01 4.694148350865005170e+01 3.918808575758512092e+01 5.308580510674616448e+00 7.710770935577155427e+00 1.006387247707848376e+00 4.400768374231432412e-01 7.919001743513528702e+00
