1.552583727516175248e+06 8.301428721697874134e+05 5.209006489653558820e+05 3.272714722151371534e+05 1.769362571376124397e+05 9.091110799349093577e+04 3.882320910941407783e+04 1.466521768324755067e+04 5.058578772703575851e+03 8.626732092457631325e+02 1.278893974120608306e+02
8.301428721697874134e+05 6.697217083416683599e+05 3.378294900490966393e+05 2.124555643862616562e+05 1.194011500022162072e+05 5.765738374426816154e+04 2.501380476457888290e+04 9.751623339064271931e+03 3.080591337675950399e+03 5.081967440782172503e+02 7.853800013028721594e+01
5.209006489653558820e+05 3.378294900490966393e+05 2.944642471670149243e+05 1.330903633708647685e+05 7.532346746486029588e+04 3.636230214638127654e+04 1.705236119031632552e+04 5.688758552054251595e+03 2.159025585653456801e+03 2.561184827811024434e+02 3.198959100263397914e+01
3.272714722151371534e+05 2.124555643862616562e+05 1.330903633708647685e+05 1.206246842700445413e+05 4.646657515280239750e+04 2.203150656664470444e+04 1.037166069302840697e+04 4.111514599379887841e+03 1.083145064085545755e+03 1.974770760983097091e+02 1.575649567675469953e+01
1.769362571376124397e+05 1.194011500022162072e+05 7.532346746486029588e+04 4.646657515280239750e+04 4.448865414908968523e+04 1.245392614260860501e+04 5.824001944273111803e+03 2.159125796969557541e+03 6.251651095848708337e+02 1.298726624878753171e+02 1.711994022258573978e+01
9.091110799349093577e+04 5.765738374426816154e+04 3.636230214638127654e+04 2.203150656664470444e+04 1.245392614260860501e+04 1.469674057595797785e+04 3.106156820188103211e+03 1.352900810136319706e+03 2.923360644070712624e+02 1.077017706942002917e+02 6.474313749750051805e+00
3.882320910941407783e+04 2.501380476457888290e+04 1.705236119031632552e+04 1.037166069302840697e+04 5.824001944273111803e+03 3.106156820188103211e+03 4.377719863572352551e+03 5.813351974115495295e+02 2.295360129092857164e+02 3.927437313924622941e+01 1.236896899837518049e+00
1.466521768324755067e+04 9.751623339064271931e+03 5.688758552054251595e+03 4.111514599379887841e+03 2.159125796969557541e+03 1.352900810136319706e+03 5.813351974115495295e+02 1.151364388933891178e+03 7.492604918851020557e+01 2.601800879421922019e+01 1.145617010540658676e+00
5.058578772703575851e+03 3.080591337675950399e+03 2.159025585653456801e+03 1.083145064085545755e+03 6.251651095848708337e+02 2.923360644070712624e+02 2.295360129092857164e+02 7.492604918851020557e+01 2.243039959684240898e+02 5.015628903666296878e+00 6.029750866959577849e-01
8.626732092457631325e+02 5.081967440782172503e+02 2.561184827811024434e+02 1.974770760983097091e+02 1.298726624878753171e+02 1.077017706942002917e+02 3.927437313924622941e+01 2.601800879421922019e+01 5.015628903666296878e+00 3.479927563381696842e+01 -6.872036407680014169e-02
1.278893974120608306e+02 7.853800013028721594e+01 3.198959100263397914e+01 1.575649567675469953e+01 1.711994022258573978e+01 6.474313749750051805e+00 1.236896899837518049e+00 1.145617010540658676e+00 6.029750866959577849e-01 -6.872036407680014169e-02 1.003054935080165189e+00
