# M_low [Msun/h] M_high[Msun/h] Number M_mean[Msun/h]
1.287728000000000073e+01 1.315826999999999991e+01 3.917730000000000000e+05 1.025511456889576367e+13
1.315826999999999991e+01 1.343926000000000087e+01 2.165000000000000000e+05 1.959018475750577344e+13
1.343926000000000087e+01 1.372025000000000006e+01 1.150900000000000000e+05 3.735685115996176562e+13
1.372025000000000006e+01 1.400123999999999924e+01 5.805400000000000000e+04 7.104008337065490625e+13
1.400123999999999924e+01 1.428223000000000020e+01 2.707300000000000000e+04 1.347197946293355000e+14
1.428223000000000020e+01 1.456321999999999939e+01 1.119600000000000000e+04 2.548745980707395625e+14
1.456321999999999939e+01 1.484421000000000035e+01 3.663000000000000000e+03 4.843892983892983750e+14
1.484421000000000035e+01 1.512519999999999953e+01 9.200000000000000000e+02 8.986329347826087500e+14
1.512519999999999953e+01 1.540619000000000050e+01 1.360000000000000000e+02 1.680466176470588250e+15
1.540619000000000050e+01 1.568717999999999968e+01 7.000000000000000000e+00 3.256114285714285500e+15
