# M_low [Msun/h] M_high[Msun/h] Number M_mean[Msun/h]
1.287728000000000073e+01 1.313470000000000049e+01 3.274260000000000000e+05 9.979894693762865234e+12
1.313470000000000049e+01 1.339211000000000062e+01 1.797810000000000000e+05 1.803589367063260156e+13
1.339211000000000062e+01 1.364952000000000076e+01 9.425000000000000000e+04 3.253649867374005469e+13
1.364952000000000076e+01 1.390692999999999913e+01 4.591900000000000000e+04 5.859502602408589062e+13
1.390692999999999913e+01 1.416433999999999926e+01 2.023900000000000000e+04 1.053820346855081719e+14
1.416433999999999926e+01 1.442176000000000080e+01 7.613000000000000000e+03 1.888444765532641562e+14
1.442176000000000080e+01 1.467916999999999916e+01 2.332000000000000000e+03 3.382411234991423750e+14
1.467916999999999916e+01 1.493657999999999930e+01 5.500000000000000000e+02 6.067461818181818750e+14
1.493657999999999930e+01 1.519398999999999944e+01 6.100000000000000000e+01 1.107364754098360625e+15
1.519398999999999944e+01 1.545139999999999958e+01 5.000000000000000000e+00 1.990220000000000000e+15
