# M_low [Msun/h] M_high[Msun/h] Number M_mean[Msun/h]
1.287728000000000073e+01 1.310654000000000075e+01 2.391480000000000000e+05 9.670304581263486328e+12
1.310654000000000075e+01 1.333578999999999937e+01 1.279640000000000000e+05 1.636959613641336719e+13
1.333578999999999937e+01 1.356504999999999939e+01 6.608300000000000000e+04 2.766466413449752734e+13
1.356504999999999939e+01 1.379429999999999978e+01 3.103700000000000000e+04 4.666781583271578906e+13
1.379429999999999978e+01 1.402355000000000018e+01 1.296200000000000000e+04 7.887949390526153125e+13
1.402355000000000018e+01 1.425281000000000020e+01 4.683000000000000000e+03 1.325901345291479844e+14
1.425281000000000020e+01 1.448206000000000060e+01 1.266000000000000000e+03 2.220673775671405938e+14
1.448206000000000060e+01 1.471130999999999922e+01 3.140000000000000000e+02 3.689194267515923750e+14
1.471130999999999922e+01 1.494056999999999924e+01 4.900000000000000000e+01 6.447818367346938750e+14
1.494056999999999924e+01 1.516981999999999964e+01 3.000000000000000000e+00 9.975133333333333750e+14
