# M_low [Msun/h] M_high[Msun/h] Number M_mean[Msun/h]
1.287728000000000073e+01 1.310021000000000058e+01 2.105340000000000000e+05 9.593728328915994141e+12
1.310021000000000058e+01 1.332314000000000043e+01 1.115230000000000000e+05 1.600270796158639844e+13
1.332314000000000043e+01 1.354607000000000028e+01 5.623600000000000000e+04 2.669932071982360156e+13
1.354607000000000028e+01 1.376900000000000013e+01 2.566200000000000000e+04 4.428477905073650000e+13
1.376900000000000013e+01 1.399192000000000036e+01 1.053700000000000000e+04 7.380082566195312500e+13
1.399192000000000036e+01 1.421485000000000021e+01 3.598000000000000000e+03 1.217927737632017812e+14
1.421485000000000021e+01 1.443778000000000006e+01 9.680000000000000000e+02 2.018134297520661250e+14
1.443778000000000006e+01 1.466070999999999991e+01 2.160000000000000000e+02 3.312572222222222500e+14
1.466070999999999991e+01 1.488363999999999976e+01 3.300000000000000000e+01 5.510251515151515000e+14
1.488363999999999976e+01 1.510655999999999999e+01 2.000000000000000000e+00 8.512250000000000000e+14
