# M_low [Msun/h] M_high[Msun/h] Number M_mean[Msun/h]
1.287728000000000073e+01 1.303576999999999941e+01 5.598300000000000000e+04 8.925371987924906250e+12
1.303576999999999941e+01 1.319425999999999988e+01 2.943100000000000000e+04 1.285581529679589453e+13
1.319425999999999988e+01 1.335275000000000034e+01 1.484500000000000000e+04 1.846119232064668359e+13
1.335275000000000034e+01 1.351124000000000080e+01 6.600000000000000000e+03 2.654557575757575781e+13
1.351124000000000080e+01 1.366972999999999949e+01 2.812000000000000000e+03 3.792731152204836719e+13
1.366972999999999949e+01 1.382821999999999996e+01 1.037000000000000000e+03 5.449225650916103906e+13
1.382821999999999996e+01 1.398671000000000042e+01 3.190000000000000000e+02 7.762282131661442188e+13
1.398671000000000042e+01 1.414520000000000088e+01 8.000000000000000000e+01 1.129673500000000000e+14
1.414520000000000088e+01 1.430367999999999995e+01 1.800000000000000000e+01 1.610672222222222188e+14
1.430367999999999995e+01 1.446217000000000041e+01 1.000000000000000000e+00 2.436100000000000000e+14
