# M_low [Msun/h] M_high[Msun/h] Number M_mean[Msun/h]
1.287728000000000073e+01 1.312570000000000014e+01 2.999880000000000000e+05 9.879188500873369141e+12
1.312570000000000014e+01 1.337410999999999994e+01 1.631270000000000000e+05 1.748386226682278320e+13
1.337410999999999994e+01 1.362251999999999974e+01 8.508700000000000000e+04 3.090410991103223828e+13
1.362251999999999974e+01 1.387092999999999954e+01 4.070000000000000000e+04 5.450486486486486719e+13
1.387092999999999954e+01 1.411935000000000073e+01 1.757400000000000000e+04 9.606674632980539062e+13
1.411935000000000073e+01 1.436776000000000053e+01 6.507000000000000000e+03 1.683483940371907188e+14
1.436776000000000053e+01 1.461617000000000033e+01 1.909000000000000000e+03 2.957600838135149375e+14
1.461617000000000033e+01 1.486458000000000013e+01 4.400000000000000000e+02 5.136822727272727500e+14
1.486458000000000013e+01 1.511298999999999992e+01 5.700000000000000000e+01 9.172015789473683750e+14
1.511298999999999992e+01 1.536140999999999934e+01 4.000000000000000000e+00 1.480875000000000000e+15
