# M_low [Msun/h] M_high[Msun/h] Number M_mean[Msun/h]
1.287728000000000073e+01 1.311306000000000083e+01 2.675190000000000000e+05 9.750051398218443359e+12
1.311306000000000083e+01 1.334883999999999915e+01 1.452220000000000000e+05 1.675427276858878125e+13
1.334883999999999915e+01 1.358461999999999925e+01 7.610000000000000000e+04 2.874601839684625391e+13
1.358461999999999925e+01 1.382039999999999935e+01 3.657500000000000000e+04 4.922477101845522656e+13
1.382039999999999935e+01 1.405617999999999945e+01 1.584900000000000000e+04 8.434879172187520312e+13
1.405617999999999945e+01 1.429195999999999955e+01 5.915000000000000000e+03 1.440343702451394688e+14
1.429195999999999955e+01 1.452773999999999965e+01 1.712000000000000000e+03 2.439810747663551250e+14
1.452773999999999965e+01 1.476351999999999975e+01 4.340000000000000000e+02 4.140928571428571250e+14
1.476351999999999975e+01 1.499929000000000023e+01 6.700000000000000000e+01 7.166234328358208750e+14
1.499929000000000023e+01 1.523507000000000033e+01 6.000000000000000000e+00 1.099300000000000000e+15
