# M_low [Msun/h] M_high[Msun/h] Number M_mean[Msun/h]
1.287728000000000073e+01 1.315081999999999951e+01 3.765850000000000000e+05 1.017230107412669141e+13
1.315081999999999951e+01 1.342436000000000007e+01 2.074840000000000000e+05 1.909500973569046094e+13
1.342436000000000007e+01 1.369788999999999923e+01 1.109790000000000000e+05 3.576258571441443750e+13
1.369788999999999923e+01 1.397142999999999979e+01 5.587900000000000000e+04 6.693988797222570312e+13
1.397142999999999979e+01 1.424497000000000035e+01 2.584500000000000000e+04 1.249199845231185938e+14
1.424497000000000035e+01 1.451849999999999952e+01 1.058600000000000000e+04 2.324246174192329375e+14
1.451849999999999952e+01 1.479204000000000008e+01 3.422000000000000000e+03 4.326230274693161875e+14
1.479204000000000008e+01 1.506556999999999924e+01 8.730000000000000000e+02 7.919381443298968750e+14
1.506556999999999924e+01 1.533910999999999980e+01 1.250000000000000000e+02 1.473585600000000000e+15
1.533910999999999980e+01 1.561265000000000036e+01 8.000000000000000000e+00 2.729075000000000000e+15
