# M_low [Msun/h] M_high[Msun/h] Number M_mean[Msun/h]
1.290649999999999942e+01 1.311880999999999986e+01 2.352600000000000000e+05 1.015927059423616406e+13
1.311880999999999986e+01 1.333112000000000030e+01 1.295400000000000000e+05 1.654854099119962891e+13
1.333112000000000030e+01 1.354343000000000075e+01 6.940600000000000000e+04 2.689085957986341406e+13
1.354343000000000075e+01 1.375573999999999941e+01 3.381100000000000000e+04 4.376383425512407031e+13
1.375573999999999941e+01 1.396804000000000023e+01 1.533100000000000000e+04 7.109223142652142188e+13
1.396804000000000023e+01 1.418035000000000068e+01 5.968000000000000000e+03 1.148135891420911562e+14
1.418035000000000068e+01 1.439265999999999934e+01 1.938000000000000000e+03 1.852905572755417812e+14
1.439265999999999934e+01 1.460496999999999979e+01 4.470000000000000000e+02 3.020183445190156875e+14
1.460496999999999979e+01 1.481728000000000023e+01 1.020000000000000000e+02 4.901218627450980625e+14
1.481728000000000023e+01 1.502959000000000067e+01 1.900000000000000000e+01 7.621605263157895000e+14
