# M_low [Msun/h] M_high[Msun/h] Number M_mean[Msun/h]
1.290649999999999942e+01 1.315911999999999971e+01 3.636590000000000000e+05 1.062651824923898438e+13
1.315911999999999971e+01 1.341173000000000037e+01 2.038290000000000000e+05 1.899635478759155859e+13
1.341173000000000037e+01 1.366435000000000066e+01 1.088080000000000000e+05 3.390373869568414062e+13
1.366435000000000066e+01 1.391696999999999917e+01 5.415400000000000000e+04 6.039066366288732031e+13
1.391696999999999917e+01 1.416957999999999984e+01 2.496400000000000000e+04 1.075549991988463438e+14
1.416957999999999984e+01 1.442220000000000013e+01 9.966000000000000000e+03 1.905099337748344375e+14
1.442220000000000013e+01 1.467482000000000042e+01 3.316000000000000000e+03 3.371414354644149375e+14
1.467482000000000042e+01 1.492742999999999931e+01 7.860000000000000000e+02 5.935498727735368750e+14
1.492742999999999931e+01 1.518004999999999960e+01 1.380000000000000000e+02 1.055336956521739125e+15
1.518004999999999960e+01 1.543266000000000027e+01 1.500000000000000000e+01 1.806806666666666750e+15
