# M_low [Msun/h] M_high[Msun/h] Number M_mean[Msun/h]
1.290649999999999942e+01 1.311407999999999952e+01 2.043550000000000000e+05 1.008457830735729492e+13
1.311407999999999952e+01 1.332164999999999999e+01 1.122100000000000000e+05 1.626793512164691211e+13
1.332164999999999999e+01 1.352923000000000009e+01 5.778200000000000000e+04 2.612540237444186719e+13
1.352923000000000009e+01 1.373681000000000019e+01 2.759600000000000000e+04 4.201221191477025781e+13
1.373681000000000019e+01 1.394438000000000066e+01 1.208600000000000000e+04 6.752803243422141406e+13
1.394438000000000066e+01 1.415196000000000076e+01 4.418000000000000000e+03 1.080455862381167969e+14
1.415196000000000076e+01 1.435954000000000086e+01 1.339000000000000000e+03 1.725985063480209062e+14
1.435954000000000086e+01 1.456710999999999956e+01 3.010000000000000000e+02 2.782066777408637812e+14
1.456710999999999956e+01 1.477468999999999966e+01 7.500000000000000000e+01 4.399196000000000000e+14
1.477468999999999966e+01 1.498226999999999975e+01 9.000000000000000000e+00 7.238877777777777500e+14
