# M_low [Msun/h] M_high[Msun/h] Number M_mean[Msun/h]
1.290649999999999942e+01 1.303806999999999938e+01 2.748600000000000000e+04 9.266310121516408203e+12
1.303806999999999938e+01 1.316962999999999973e+01 1.496000000000000000e+04 1.253684491978609570e+13
1.316962999999999973e+01 1.330119000000000007e+01 7.706000000000000000e+03 1.699444588632234570e+13
1.330119000000000007e+01 1.343276000000000003e+01 3.704000000000000000e+03 2.295120950323974219e+13
1.343276000000000003e+01 1.356432000000000038e+01 1.609000000000000000e+03 3.100151646985705469e+13
1.356432000000000038e+01 1.369589000000000034e+01 6.610000000000000000e+02 4.197594553706505469e+13
1.369589000000000034e+01 1.382745000000000068e+01 2.560000000000000000e+02 5.673082031250000000e+13
1.382745000000000068e+01 1.395902000000000065e+01 7.700000000000000000e+01 7.647098701298701562e+13
1.395902000000000065e+01 1.409057999999999922e+01 2.200000000000000000e+01 1.027408636363636406e+14
1.409057999999999922e+01 1.422213999999999956e+01 6.000000000000000000e+00 1.411883333333333438e+14
