# M_low [Msun/h] M_high[Msun/h] Number M_mean[Msun/h]
1.290649999999999942e+01 1.311148000000000025e+01 1.769980000000000000e+05 1.005284805478027930e+13
1.311148000000000025e+01 1.331647000000000070e+01 9.492900000000000000e+04 1.609814703620600586e+13
1.331647000000000070e+01 1.352144999999999975e+01 4.705800000000000000e+04 2.574306175358068750e+13
1.352144999999999975e+01 1.372643000000000058e+01 2.163300000000000000e+04 4.111133453520085156e+13
1.372643000000000058e+01 1.393140999999999963e+01 8.948000000000000000e+03 6.543228654447921094e+13
1.393140999999999963e+01 1.413639000000000046e+01 3.088000000000000000e+03 1.041373704663212500e+14
1.413639000000000046e+01 1.434136999999999951e+01 8.480000000000000000e+02 1.651455188679245312e+14
1.434136999999999951e+01 1.454635000000000034e+01 1.760000000000000000e+02 2.657422727272727188e+14
1.454635000000000034e+01 1.475134000000000079e+01 4.400000000000000000e+01 4.049790909090909375e+14
1.475134000000000079e+01 1.495631999999999984e+01 5.000000000000000000e+00 6.744500000000000000e+14
