# M_low [Msun/h] M_high[Msun/h] Number M_mean[Msun/h]
1.290649999999999942e+01 1.310528000000000048e+01 1.492960000000000000e+05 9.985746436609152344e+12
1.310528000000000048e+01 1.330406999999999940e+01 7.798200000000000000e+04 1.576162447744351172e+13
1.330406999999999940e+01 1.350285000000000046e+01 3.864000000000000000e+04 2.481005952380952344e+13
1.350285000000000046e+01 1.370162999999999975e+01 1.722800000000000000e+04 3.907616670536335938e+13
1.370162999999999975e+01 1.390041000000000082e+01 6.850000000000000000e+03 6.143051094890510938e+13
1.390041000000000082e+01 1.409919000000000011e+01 2.255000000000000000e+03 9.618483370288248438e+13
1.409919000000000011e+01 1.429798000000000080e+01 6.340000000000000000e+02 1.503637697160883125e+14
1.429798000000000080e+01 1.449676000000000009e+01 1.240000000000000000e+02 2.421992741935483750e+14
1.449676000000000009e+01 1.469553999999999938e+01 2.600000000000000000e+01 3.781796153846153750e+14
1.469553999999999938e+01 1.489432000000000045e+01 4.000000000000000000e+00 5.695950000000000000e+14
