# M_low [Msun/h] M_high[Msun/h] Number M_mean[Msun/h]
1.290649999999999942e+01 1.313655999999999935e+01 3.014910000000000000e+05 1.036275046352959180e+13
1.313655999999999935e+01 1.336661999999999928e+01 1.702070000000000000e+05 1.757999964748805859e+13
1.336661999999999928e+01 1.359666999999999959e+01 9.160300000000000000e+04 2.978066220538628516e+13
1.359666999999999959e+01 1.382672999999999952e+01 4.632200000000000000e+04 5.043808557488882031e+13
1.382672999999999952e+01 1.405678999999999945e+01 2.135700000000000000e+04 8.538689890902279688e+13
1.405678999999999945e+01 1.428683999999999976e+01 8.683000000000000000e+03 1.434228953126799375e+14
1.428683999999999976e+01 1.451689999999999969e+01 2.911000000000000000e+03 2.414789419443490312e+14
1.451689999999999969e+01 1.474695999999999962e+01 7.210000000000000000e+02 4.066798890429958125e+14
1.474695999999999962e+01 1.497700999999999993e+01 1.410000000000000000e+02 6.921512765957446250e+14
1.497700999999999993e+01 1.520706999999999987e+01 2.700000000000000000e+01 1.159118148148148250e+15
