# M_low [Msun/h] M_high[Msun/h] Number M_mean[Msun/h]
1.290649999999999942e+01 1.299887999999999977e+01 2.679000000000000000e+03 8.885479656588279297e+12
1.299887999999999977e+01 1.309125000000000050e+01 1.393000000000000000e+03 1.098599425699928125e+13
1.309125000000000050e+01 1.318363000000000085e+01 7.730000000000000000e+02 1.358589909443725781e+13
1.318363000000000085e+01 1.327600999999999942e+01 3.590000000000000000e+02 1.680038161559888672e+13
1.327600999999999942e+01 1.336838000000000015e+01 1.640000000000000000e+02 2.071007926829268359e+13
1.336838000000000015e+01 1.346076000000000050e+01 8.000000000000000000e+01 2.568746250000000000e+13
1.346076000000000050e+01 1.355312999999999946e+01 3.200000000000000000e+01 3.174712500000000000e+13
1.355312999999999946e+01 1.364550999999999981e+01 8.000000000000000000e+00 3.783087500000000000e+13
1.364550999999999981e+01 1.373789000000000016e+01 7.000000000000000000e+00 4.871242857142857031e+13
