# M_low [Msun/h] M_high[Msun/h] Number M_mean[Msun/h]
1.290570999999999913e+01 1.314045999999999914e+01 2.970250000000000000e+05 1.039694638498442969e+13
1.314045999999999914e+01 1.337520999999999916e+01 1.674990000000000000e+05 1.784718714738595312e+13
1.337520999999999916e+01 1.360994999999999955e+01 9.045500000000000000e+04 3.057384334752086719e+13
1.360994999999999955e+01 1.384469999999999956e+01 4.546500000000000000e+04 5.227456285054437500e+13
1.384469999999999956e+01 1.407944999999999958e+01 2.119100000000000000e+04 8.944004530225095312e+13
1.407944999999999958e+01 1.431419999999999959e+01 8.797000000000000000e+03 1.525082414459474688e+14
1.431419999999999959e+01 1.454894999999999960e+01 3.074000000000000000e+03 2.590144762524398125e+14
1.454894999999999960e+01 1.478369999999999962e+01 8.150000000000000000e+02 4.388501840490797500e+14
1.478369999999999962e+01 1.501844000000000001e+01 1.770000000000000000e+02 7.398485875706215000e+14
1.501844000000000001e+01 1.525319000000000003e+01 1.400000000000000000e+01 1.232914285714285750e+15
