# M_low [Msun/h] M_high[Msun/h] Number M_mean[Msun/h]
1.290570999999999913e+01 1.311093999999999937e+01 1.773750000000000000e+05 1.003926708949964844e+13
1.311093999999999937e+01 1.331617999999999924e+01 9.649900000000000000e+04 1.607821842713395898e+13
1.331617999999999924e+01 1.352140999999999948e+01 4.903800000000000000e+04 2.574301562053917188e+13
1.352140999999999948e+01 1.372664999999999935e+01 2.298000000000000000e+04 4.116558746736292188e+13
1.372664999999999935e+01 1.393187999999999960e+01 9.911000000000000000e+03 6.575768338210069531e+13
1.393187999999999960e+01 1.413711999999999946e+01 3.627000000000000000e+03 1.047401157981803125e+14
1.413711999999999946e+01 1.434234999999999971e+01 1.114000000000000000e+03 1.658886894075404062e+14
1.434234999999999971e+01 1.454758999999999958e+01 2.530000000000000000e+02 2.613739130434782500e+14
1.454758999999999958e+01 1.475281999999999982e+01 4.600000000000000000e+01 4.177567391304348125e+14
1.475281999999999982e+01 1.495805999999999969e+01 1.000000000000000000e+00 6.790000000000000000e+14
