# M_low [Msun/h] M_high[Msun/h] Number M_mean[Msun/h]
1.290570999999999913e+01 1.304216000000000086e+01 3.759600000000000000e+04 9.295999574422810547e+12
1.304216000000000086e+01 1.317859999999999943e+01 2.095900000000000000e+04 1.274186268428837305e+13
1.317859999999999943e+01 1.331504999999999939e+01 1.127900000000000000e+04 1.739390016845465039e+13
1.331504999999999939e+01 1.345148999999999972e+01 5.551000000000000000e+03 2.379023599351468359e+13
1.345148999999999972e+01 1.358793999999999969e+01 2.613000000000000000e+03 3.249287409108304688e+13
1.358793999999999969e+01 1.372438000000000002e+01 1.127000000000000000e+03 4.431525288376220312e+13
1.372438000000000002e+01 1.386082999999999998e+01 3.830000000000000000e+02 6.017039164490861719e+13
1.386082999999999998e+01 1.399727000000000032e+01 1.280000000000000000e+02 8.180546875000000000e+13
1.399727000000000032e+01 1.413372000000000028e+01 2.800000000000000000e+01 1.102220714285714219e+14
1.413372000000000028e+01 1.427017000000000024e+01 1.000000000000000000e+01 1.491770000000000000e+14
