# M_low [Msun/h] M_high[Msun/h] Number M_mean[Msun/h]
1.290570999999999913e+01 1.316845999999999961e+01 3.754400000000000000e+05 1.074444385254634570e+13
1.316845999999999961e+01 1.343121000000000009e+01 2.102110000000000000e+05 1.966751502062213672e+13
1.343121000000000009e+01 1.369394999999999918e+01 1.149650000000000000e+05 3.592013221415213281e+13
1.369394999999999918e+01 1.395669999999999966e+01 5.908200000000000000e+04 6.563237534274398438e+13
1.395669999999999966e+01 1.421945000000000014e+01 2.798700000000000000e+04 1.197165826991102969e+14
1.421945000000000014e+01 1.448220000000000063e+01 1.208600000000000000e+04 2.173534668211153438e+14
1.448220000000000063e+01 1.474493999999999971e+01 4.452000000000000000e+03 3.947529200359388750e+14
1.474493999999999971e+01 1.500769000000000020e+01 1.222000000000000000e+03 7.055201309328968750e+14
1.500769000000000020e+01 1.527044000000000068e+01 2.150000000000000000e+02 1.263355348837209250e+15
1.527044000000000068e+01 1.553318999999999939e+01 2.600000000000000000e+01 2.247403846153846250e+15
