# M_low [Msun/h] M_high[Msun/h] Number M_mean[Msun/h]
1.290570999999999913e+01 1.311467000000000027e+01 2.047140000000000000e+05 1.008793243256445508e+13
1.311467000000000027e+01 1.332362999999999964e+01 1.130530000000000000e+05 1.631251713797953125e+13
1.332362999999999964e+01 1.353260000000000041e+01 5.924600000000000000e+04 2.636059818384363672e+13
1.353260000000000041e+01 1.374155999999999977e+01 2.864800000000000000e+04 4.244261379502932031e+13
1.374155999999999977e+01 1.395051999999999914e+01 1.293300000000000000e+04 6.843066573880770312e+13
1.395051999999999914e+01 1.415948000000000029e+01 5.087000000000000000e+03 1.099759779830941562e+14
1.415948000000000029e+01 1.436844999999999928e+01 1.630000000000000000e+03 1.767449693251533750e+14
1.436844999999999928e+01 1.457741000000000042e+01 3.970000000000000000e+02 2.823528967254408125e+14
1.457741000000000042e+01 1.478636999999999979e+01 8.800000000000000000e+01 4.601071590909090625e+14
1.478636999999999979e+01 1.499532999999999916e+01 4.000000000000000000e+00 6.587600000000000000e+14
