# M_low [Msun/h] M_high[Msun/h] Number M_mean[Msun/h]
1.290570999999999913e+01 1.300031000000000070e+01 4.027000000000000000e+03 8.889885771045443359e+12
1.300031000000000070e+01 1.309490000000000087e+01 2.179000000000000000e+03 1.105048646167966992e+13
1.309490000000000087e+01 1.318950000000000067e+01 1.215000000000000000e+03 1.376966255144033008e+13
1.318950000000000067e+01 1.328409000000000084e+01 6.280000000000000000e+02 1.705574840764331250e+13
1.328409000000000084e+01 1.337869000000000064e+01 3.360000000000000000e+02 2.112636904761904688e+13
1.337869000000000064e+01 1.347328000000000081e+01 1.390000000000000000e+02 2.640038848920863281e+13
1.347328000000000081e+01 1.356788000000000061e+01 4.300000000000000000e+01 3.240783720930232422e+13
1.356788000000000061e+01 1.366248000000000040e+01 1.400000000000000000e+01 4.041707142857142969e+13
1.366248000000000040e+01 1.375707000000000058e+01 1.100000000000000000e+01 4.886463636363636719e+13
1.375707000000000058e+01 1.385167000000000037e+01 2.000000000000000000e+00 6.092650000000000000e+13
