1.071863584275439149e+06 5.200405385304696392e+05 2.637055278133742977e+05 1.392634159990523185e+05 4.973096727675197326e+04 1.980870302084906143e+04 6.658557752485054152e+03 2.628827069874517292e+03 7.360512121689387186e+02 2.530656307949091115e+02
5.200405385304696392e+05 3.213881538634519093e+05 1.409478904692654032e+05 7.443199244200591056e+04 2.543234444919383168e+04 1.119055935861159014e+04 3.504547138493395778e+03 1.273517981285954647e+03 3.184676248373945668e+02 1.336818572122503497e+02
2.637055278133742977e+05 1.409478904692654032e+05 9.420158521023523645e+04 3.789630791089433478e+04 1.372683822999484801e+04 5.742005431465692709e+03 1.704421317878694708e+03 9.050425774676305082e+02 2.297108263865279127e+02 6.569811366387372686e+01
1.392634159990523185e+05 7.443199244200591056e+04 3.789630791089433478e+04 2.880203621023858796e+04 7.464875511118071699e+03 3.001072517236858403e+03 1.146938373437514883e+03 4.473147821941348639e+02 1.017117299778378481e+02 4.696435820152072438e+01
4.973096727675197326e+04 2.543234444919383168e+04 1.372683822999484801e+04 7.464875511118071699e+03 5.611738237170967295e+03 1.099851793536535070e+03 4.000101704053068374e+02 1.307008549858288404e+02 3.474327667907971318e+01 1.755526430251309478e+01
1.980870302084906143e+04 1.119055935861159014e+04 5.742005431465692709e+03 3.001072517236858403e+03 1.099851793536535070e+03 1.506556175644784389e+03 1.648816456099139032e+02 8.016169542054902308e+01 2.121085406791149097e+01 9.193151004903578283e+00
6.658557752485054152e+03 3.504547138493395778e+03 1.704421317878694708e+03 1.146938373437514883e+03 4.000101704053068374e+02 1.648816456099139032e+02 3.307709236589090551e+02 1.169226606467724494e+01 2.598716594056002194e+00 3.983363940985952922e+00
2.628827069874517292e+03 1.273517981285954647e+03 9.050425774676305082e+02 4.473147821941348639e+02 1.307008549858288404e+02 8.016169542054902308e+01 1.169226606467724494e+01 6.949856458274400950e+01 6.940045003386702938e+00 7.708577948516566192e-01
7.360512121689387186e+02 3.184676248373945668e+02 2.297108263865279127e+02 1.017117299778378481e+02 3.474327667907971318e+01 2.121085406791149097e+01 2.598716594056002194e+00 6.940045003386702938e+00 1.748289525111248821e+01 -7.075724148113210488e-02
2.530656307949091115e+02 1.336818572122503497e+02 6.569811366387372686e+01 4.696435820152072438e+01 1.755526430251309478e+01 9.193151004903578283e+00 3.983363940985952922e+00 7.708577948516566192e-01 -7.075724148113210488e-02 2.004116923360757863e+00
