1.751923129907748848e+07 1.193199387451466732e+07 8.297321685728587210e+06 5.859411311284967698e+06 4.115725317291941028e+06 2.927803718589861877e+06 2.118107333480010275e+06 1.479811109221775085e+06 1.068521849427610869e+06 7.768312132955598645e+05 5.400478677775441902e+05 3.841861587711839820e+05 2.570564740446913929e+05 1.906442152466733824e+05 1.287720441949381056e+05 8.064633798849074810e+04 4.641201542125216656e+04 2.894261657586925503e+04 7.054047440217257645e+03 4.968916178807861797e+03 1.459968718447283209e+03
1.193199387451466732e+07 8.835501407940765843e+06 5.903306653178611770e+06 4.132256669115805533e+06 2.920591502474443987e+06 2.070383259614513721e+06 1.490717120657150866e+06 1.042638424777541542e+06 7.494261396798660280e+05 5.492043961068582721e+05 3.807635838221251033e+05 2.718919753141914262e+05 1.846968765874668898e+05 1.352572145070141705e+05 9.129231162812285766e+04 5.746021082195280906e+04 3.270807857028426224e+04 2.035325172224050402e+04 5.414921792426554930e+03 3.603625693321610470e+03 1.068824464374235959e+03
8.297321685728587210e+06 5.903306653178611770e+06 4.397512364668735303e+06 2.893400086644697469e+06 2.031563422303092899e+06 1.427824147114868043e+06 1.045404732692997786e+06 7.305988877807686804e+05 5.197927860669345246e+05 3.900228602272244170e+05 2.678976580909177428e+05 1.889672310497151338e+05 1.273902388832565048e+05 9.352932894299108011e+04 6.457600279512678389e+04 4.016035514828916348e+04 2.256407243630745870e+04 1.420198632230801195e+04 3.474081730962183428e+03 2.484423735429373210e+03 6.510336562356459353e+02
5.859411311284967698e+06 4.132256669115805533e+06 2.893400086644697469e+06 2.178545067113466561e+06 1.422757144132423680e+06 1.009972505907382001e+06 7.327621471889794338e+05 5.176188213514873642e+05 3.704059634296359145e+05 2.709035368239429663e+05 1.889411807689990965e+05 1.320873913909750700e+05 8.994846484877614421e+04 6.535788109803074622e+04 4.401561005263198604e+04 2.704055900052394645e+04 1.532288328817360525e+04 1.012479451059941493e+04 2.687883848461966409e+03 1.734948142436307307e+03 4.355029909874743339e+02
4.115725317291941028e+06 2.920591502474443987e+06 2.031563422303092899e+06 1.422757144132423680e+06 1.120579409958308563e+06 7.137006595315467566e+05 5.150061928170431638e+05 3.578080571832197020e+05 2.596725466303302965e+05 1.895916741911047720e+05 1.322872879699068435e+05 9.365454859642835800e+04 6.300598537478975777e+04 4.620943721233864926e+04 3.121751575887061335e+04 1.881507594248325040e+04 1.093269165286463431e+04 6.731386247207867200e+03 1.778705560523058239e+03 1.059132206419490103e+03 3.064118022558488406e+02
2.927803718589861877e+06 2.070383259614513721e+06 1.427824147114868043e+06 1.009972505907382001e+06 7.137006595315467566e+05 5.956689952385094948e+05 3.681717970588101889e+05 2.550123521460637567e+05 1.849561705326551164e+05 1.360803239685776061e+05 9.101333823283704987e+04 6.389277598404221499e+04 4.455725146245375799e+04 3.260584565774137445e+04 2.292355177887084210e+04 1.378136819808625660e+04 7.963403761401799784e+03 4.988883816570375529e+03 1.293912989910964598e+03 8.274434829898139014e+02 2.642958545042449714e+02
2.118107333480010275e+06 1.490717120657150866e+06 1.045404732692997786e+06 7.327621471889794338e+05 5.150061928170431638e+05 3.681717970588101889e+05 3.192443083273576922e+05 1.847370832167275366e+05 1.338846512359519547e+05 1.004223778550887364e+05 6.563924648837394489e+04 4.649707256554100604e+04 3.228930294540408795e+04 2.489998275309334349e+04 1.516770766595131863e+04 9.881749111038989213e+03 5.604291560957101865e+03 3.659512704225357993e+03 8.513087248272156558e+02 5.588041312947550523e+02 2.136819466088764159e+02
1.479811109221775085e+06 1.042638424777541542e+06 7.305988877807686804e+05 5.176188213514873642e+05 3.578080571832197020e+05 2.550123521460637567e+05 1.847370832167275366e+05 1.660673024010598310e+05 9.281121477199150831e+04 6.727186934835634020e+04 4.731394390623724030e+04 3.345168156164391985e+04 2.265444460048812471e+04 1.660978064364962120e+04 1.101419302261422490e+04 6.715137050270771397e+03 3.821425426029749815e+03 2.463116672579323676e+03 5.936795559431668607e+02 3.660299902835320154e+02 1.209257770427700081e+02
1.068521849427610869e+06 7.494261396798660280e+05 5.197927860669345246e+05 3.704059634296359145e+05 2.596725466303302965e+05 1.849561705326551164e+05 1.338846512359519547e+05 9.281121477199150831e+04 9.078336593728006119e+04 4.893973316037974291e+04 3.517689626876735565e+04 2.420587288187659578e+04 1.595572402216968476e+04 1.215799436950356358e+04 7.843440307784650031e+03 4.482496986088336598e+03 3.197022312327382224e+03 1.753792358179136272e+03 5.275210067730953369e+02 2.721864025387733363e+02 7.709308707130159632e+01
7.768312132955598645e+05 5.492043961068582721e+05 3.900228602272244170e+05 2.709035368239429663e+05 1.895916741911047720e+05 1.360803239685776061e+05 1.004223778550887364e+05 6.727186934835634020e+04 4.893973316037974291e+04 5.465013451819695183e+04 2.712209415168113264e+04 1.788363631606676063e+04 1.183774353408915704e+04 9.004229290768864303e+03 5.816186121520770030e+03 3.495235078909888671e+03 2.064995665455136532e+03 1.334814132539968114e+03 2.883747232574679629e+02 1.883800597300916593e+02 6.744280638274643991e+01
5.400478677775441902e+05 3.807635838221251033e+05 2.678976580909177428e+05 1.889411807689990965e+05 1.322872879699068435e+05 9.101333823283704987e+04 6.563924648837394489e+04 4.731394390623724030e+04 3.517689626876735565e+04 2.712209415168113264e+04 2.780390073951256636e+04 1.258674485705981533e+04 8.660275608605103116e+03 6.234689973078950970e+03 3.933974201927973354e+03 2.516237176953949984e+03 1.335341310686056431e+03 8.671427283426457961e+02 1.539866176439576577e+02 7.873481025256840837e+01 3.575681393789079721e+01
3.841861587711839820e+05 2.718919753141914262e+05 1.889672310497151338e+05 1.320873913909750700e+05 9.365454859642835800e+04 6.389277598404221499e+04 4.649707256554100604e+04 3.345168156164391985e+04 2.420587288187659578e+04 1.788363631606676063e+04 1.258674485705981533e+04 1.516848246246513554e+04 6.059733471241024745e+03 4.592441066800300177e+03 3.165394624094314622e+03 1.956815694845940698e+03 9.906848039239426953e+02 5.810340246492093002e+02 1.482016443651604334e+02 1.335695339435452524e+02 3.891621163802962968e+01
2.570564740446913929e+05 1.846968765874668898e+05 1.273902388832565048e+05 8.994846484877614421e+04 6.300598537478975777e+04 4.455725146245375799e+04 3.228930294540408795e+04 2.265444460048812471e+04 1.595572402216968476e+04 1.183774353408915704e+04 8.660275608605103116e+03 6.059733471241024745e+03 8.307038483520726004e+03 2.956723065480851346e+03 1.990112959891968103e+03 1.301020174449943170e+03 6.603714680832648583e+02 4.613433890984060781e+02 1.026049177587998003e+02 7.194623445691109964e+01 2.175234713379659723e+01
1.906442152466733824e+05 1.352572145070141705e+05 9.352932894299108011e+04 6.535788109803074622e+04 4.620943721233864926e+04 3.260584565774137445e+04 2.489998275309334349e+04 1.660978064364962120e+04 1.215799436950356358e+04 9.004229290768864303e+03 6.234689973078950970e+03 4.592441066800300177e+03 2.956723065480851346e+03 4.658444681654650594e+03 1.294669864442778817e+03 9.488361000898333941e+02 4.990572190102233776e+02 3.634141569415195363e+02 4.710635274652687343e+01 3.293368672343044068e+01 2.003224464854213949e+01
1.287720441949381056e+05 9.129231162812285766e+04 6.457600279512678389e+04 4.401561005263198604e+04 3.121751575887061335e+04 2.292355177887084210e+04 1.516770766595131863e+04 1.101419302261422490e+04 7.843440307784650031e+03 5.816186121520770030e+03 3.933974201927973354e+03 3.165394624094314622e+03 1.990112959891968103e+03 1.294669864442778817e+03 2.470485473201822515e+03 6.968485772738337118e+02 3.069170692559017084e+02 1.903030008481476898e+02 7.132762810929020247e+01 3.745003021831738010e+01 7.354224303752794789e+00
8.064633798849074810e+04 5.746021082195280906e+04 4.016035514828916348e+04 2.704055900052394645e+04 1.881507594248325040e+04 1.378136819808625660e+04 9.881749111038989213e+03 6.715137050270771397e+03 4.482496986088336598e+03 3.495235078909888671e+03 2.516237176953949984e+03 1.956815694845940698e+03 1.301020174449943170e+03 9.488361000898333941e+02 6.968485772738337118e+02 1.072414800371002229e+03 2.159029895043467775e+02 1.389011329649672746e+02 3.293816909629966005e+01 1.295862457804931900e+01 1.984564525055460216e+00
4.641201542125216656e+04 3.270807857028426224e+04 2.256407243630745870e+04 1.532288328817360525e+04 1.093269165286463431e+04 7.963403761401799784e+03 5.604291560957101865e+03 3.821425426029749815e+03 3.197022312327382224e+03 2.064995665455136532e+03 1.335341310686056431e+03 9.906848039239426953e+02 6.603714680832648583e+02 4.990572190102233776e+02 3.069170692559017084e+02 2.159029895043467775e+02 4.824096913343823871e+02 7.948102058766349387e+01 1.304071056446617050e+01 2.031583379187951977e+01 2.568869419870468906e+00
2.894261657586925503e+04 2.035325172224050402e+04 1.420198632230801195e+04 1.012479451059941493e+04 6.731386247207867200e+03 4.988883816570375529e+03 3.659512704225357993e+03 2.463116672579323676e+03 1.753792358179136272e+03 1.334814132539968114e+03 8.671427283426457961e+02 5.810340246492093002e+02 4.613433890984060781e+02 3.634141569415195363e+02 1.903030008481476898e+02 1.389011329649672746e+02 7.948102058766349387e+01 1.842944672861378308e+02 9.436159098722368910e+00 5.051388600064447232e+00 3.019822936919571266e+00
7.054047440217257645e+03 5.414921792426554930e+03 3.474081730962183428e+03 2.687883848461966409e+03 1.778705560523058239e+03 1.293912989910964598e+03 8.513087248272156558e+02 5.936795559431668607e+02 5.275210067730953369e+02 2.883747232574679629e+02 1.539866176439576577e+02 1.482016443651604334e+02 1.026049177587998003e+02 4.710635274652687343e+01 7.132762810929020247e+01 3.293816909629966005e+01 1.304071056446617050e+01 9.436159098722368910e+00 5.132149831377316929e+01 6.588658193389484996e-01 4.157089730690289864e-01
4.968916178807861797e+03 3.603625693321610470e+03 2.484423735429373210e+03 1.734948142436307307e+03 1.059132206419490103e+03 8.274434829898139014e+02 5.588041312947550523e+02 3.660299902835320154e+02 2.721864025387733363e+02 1.883800597300916593e+02 7.873481025256840837e+01 1.335695339435452524e+02 7.194623445691109964e+01 3.293368672343044068e+01 3.745003021831738010e+01 1.295862457804931900e+01 2.031583379187951977e+01 5.051388600064447232e+00 6.588658193389484996e-01 2.698183109872235264e+01 1.725565682710890725e+00
1.459968718447283209e+03 1.068824464374235959e+03 6.510336562356459353e+02 4.355029909874743339e+02 3.064118022558488406e+02 2.642958545042449714e+02 2.136819466088764159e+02 1.209257770427700081e+02 7.709308707130159632e+01 6.744280638274643991e+01 3.575681393789079721e+01 3.891621163802962968e+01 2.175234713379659723e+01 2.003224464854213949e+01 7.354224303752794789e+00 1.984564525055460216e+00 2.568869419870468906e+00 3.019822936919571266e+00 4.157089730690289864e-01 1.725565682710890725e+00 5.953144547318799162e+00
