1.736631445502229407e+07 1.165644732492375374e+07 8.204518743736117147e+06 5.806660270779786631e+06 4.128296753345998935e+06 2.889872098784209695e+06 2.118344964204067830e+06 1.410183980986770242e+06 9.922649490287506487e+05 7.430148629611883080e+05 5.090460728833643952e+05 3.542471460111603374e+05 2.386008672394080786e+05 1.540928683201558015e+05 9.829688320400469820e+04 5.831753913510381972e+04 3.140817771837655891e+04 1.515422588703657493e+04 4.556320921057706983e+03 1.351059825359363231e+03 4.650224573516376836e+02
1.165644732492375374e+07 8.456270772118983790e+06 5.711660879462494515e+06 4.021853246083217207e+06 2.873037097633449826e+06 2.002485700070895953e+06 1.469846893085079268e+06 9.891287547128383303e+05 6.792044374427360017e+05 5.152236003620699048e+05 3.569656282723368495e+05 2.529734865324054845e+05 1.653141623375150084e+05 1.070353517744682613e+05 6.774718510970970965e+04 3.956198000585700356e+04 2.124394864269223399e+04 1.024079884946085076e+04 3.360293045542383425e+03 9.270283996753337306e+02 2.422227860555209702e+02
8.204518743736117147e+06 5.711660879462494515e+06 4.298993998759632930e+06 2.830767003999714274e+06 2.025648574179006275e+06 1.417865255845599109e+06 1.051011704230548581e+06 6.909808551048772642e+05 4.903562985099632060e+05 3.686704956833161996e+05 2.531250246550125885e+05 1.754602224344727874e+05 1.167644203805102297e+05 7.415300567566478276e+04 4.863922906267992948e+04 2.728631399761881403e+04 1.550466758582790499e+04 7.292435629347904978e+03 2.117341170418151250e+03 6.445880130160469434e+02 1.635472011303742477e+02
5.806660270779786631e+06 4.021853246083217207e+06 2.830767003999714274e+06 2.176005503727787174e+06 1.426359507169294637e+06 1.001968728599976981e+06 7.306108348984171171e+05 4.902699265808516648e+05 3.405656057994355215e+05 2.575039895447791787e+05 1.750950144849770004e+05 1.241683884808133735e+05 8.169248126273325761e+04 5.314021655629258021e+04 3.351234803779253707e+04 1.939613137699715662e+04 1.073501980949407880e+04 4.850657989200658449e+03 1.524423222757144458e+03 5.021905288469736774e+02 1.182696038968664851e+02
4.128296753345998935e+06 2.873037097633449826e+06 2.025648574179006275e+06 1.426359507169294637e+06 1.139592541084720753e+06 7.136481417349298717e+05 5.192800014870461309e+05 3.515689678134775604e+05 2.446523179672813858e+05 1.866314499164563022e+05 1.235310955665313668e+05 8.689383368779261946e+04 5.883247334296120971e+04 3.789777284288965166e+04 2.326895708149612619e+04 1.376526829142116003e+04 7.800938535313952343e+03 3.637334435602305803e+03 1.007683866286123134e+03 3.037472662277887707e+02 1.066861004181926802e+02
2.889872098784209695e+06 2.002485700070895953e+06 1.417865255845599109e+06 1.001968728599976981e+06 7.136481417349298717e+05 5.876120947665026179e+05 3.660384049193805549e+05 2.446511586759647471e+05 1.677083677643951669e+05 1.313508853468537272e+05 8.644117449600347027e+04 6.021416301198189467e+04 4.134728402666287730e+04 2.633804332890990918e+04 1.674407311367211878e+04 9.482603744715610446e+03 5.556832678186096018e+03 2.640307823474429370e+03 7.890871773121893966e+02 2.648041329606189151e+02 8.115855679101080966e+01
2.118344964204067830e+06 1.469846893085079268e+06 1.051011704230548581e+06 7.306108348984171171e+05 5.192800014870461309e+05 3.660384049193805549e+05 3.202910793695318280e+05 1.821759814572345640e+05 1.258711748572814249e+05 9.455178088928478246e+04 6.485431413455103757e+04 4.470422657446769153e+04 3.057410707524793179e+04 1.878328081885209031e+04 1.204978770135127525e+04 6.684539413775476532e+03 3.901262013978695450e+03 1.895026561060281210e+03 4.288789091863660587e+02 2.226268166732775171e+02 3.554223202828106309e+01
1.410183980986770242e+06 9.891287547128383303e+05 6.909808551048772642e+05 4.902699265808516648e+05 3.515689678134775604e+05 2.446511586759647471e+05 1.821759814572345640e+05 1.561557237268837343e+05 8.164627969316657982e+04 6.522057236208080576e+04 4.315431585116298811e+04 3.036951718782100215e+04 2.038461307930734256e+04 1.295859768459901352e+04 8.325179835575216202e+03 4.766913197786559067e+03 2.753218141570536318e+03 1.275518720891799830e+03 2.834450497488502378e+02 1.161947210742713139e+02 3.786429632422586167e+01
9.922649490287506487e+05 6.792044374427360017e+05 4.903562985099632060e+05 3.405656057994355215e+05 2.446523179672813858e+05 1.677083677643951669e+05 1.258711748572814249e+05 8.164627969316657982e+04 8.114732565573358443e+04 4.636179454431145859e+04 3.041284947258309694e+04 2.128802308219704719e+04 1.419441071203353385e+04 8.690858728279261413e+03 5.764551954067268525e+03 3.363485763816284361e+03 1.733828889016004723e+03 7.793248565603133784e+02 2.429036059736068296e+02 1.088924895424462704e+02 2.244900520899259178e+01
7.430148629611883080e+05 5.152236003620699048e+05 3.686704956833161996e+05 2.575039895447791787e+05 1.866314499164563022e+05 1.313508853468537272e+05 9.455178088928478246e+04 6.522057236208080576e+04 4.636179454431145859e+04 5.016978377382174222e+04 2.441565197501884177e+04 1.567944950150366458e+04 1.106012997530545726e+04 6.826537242566985697e+03 4.190946337040864819e+03 2.334146365177228745e+03 1.320566282215582987e+03 5.964661706355041133e+02 1.479363959951299137e+02 7.368461129313695324e+01 1.411505084075867344e+01
5.090460728833643952e+05 3.569656282723368495e+05 2.531250246550125885e+05 1.750950144849770004e+05 1.235310955665313668e+05 8.644117449600347027e+04 6.485431413455103757e+04 4.315431585116298811e+04 3.041284947258309694e+04 2.441565197501884177e+04 2.501684422429078404e+04 1.124608482087251468e+04 7.978780385700123588e+03 4.967383697955958269e+03 3.229832981031595864e+03 1.441025922083807018e+03 8.726686469009797520e+02 4.374649591529894224e+02 1.225850933520212465e+02 5.491102921816252547e+01 4.830624894262633084e+00
3.542471460111603374e+05 2.529734865324054845e+05 1.754602224344727874e+05 1.241683884808133735e+05 8.689383368779261946e+04 6.021416301198189467e+04 4.470422657446769153e+04 3.036951718782100215e+04 2.128802308219704719e+04 1.567944950150366458e+04 1.124608482087251468e+04 1.371714382945766738e+04 5.345904702325553444e+03 3.182237166899511067e+03 2.090350405331504135e+03 1.090144764278576076e+03 7.642247775143883928e+02 3.190556030285533211e+02 1.132985381962117515e+02 3.629766558238938501e+01 1.695106791123602719e+01
2.386008672394080786e+05 1.653141623375150084e+05 1.167644203805102297e+05 8.169248126273325761e+04 5.883247334296120971e+04 4.134728402666287730e+04 3.057410707524793179e+04 2.038461307930734256e+04 1.419441071203353385e+04 1.106012997530545726e+04 7.978780385700123588e+03 5.345904702325553444e+03 6.871928563794016554e+03 2.193155638971631561e+03 1.546112065862875397e+03 7.506816841331500427e+02 4.519310956730582802e+02 2.551382361528377487e+02 7.253559605048307901e+01 1.628400828319536586e+01 8.351812871599300081e+00
1.540928683201558015e+05 1.070353517744682613e+05 7.415300567566478276e+04 5.314021655629258021e+04 3.789777284288965166e+04 2.633804332890990918e+04 1.878328081885209031e+04 1.295859768459901352e+04 8.690858728279261413e+03 6.826537242566985697e+03 4.967383697955958269e+03 3.182237166899511067e+03 2.193155638971631561e+03 3.489454732248265373e+03 8.194628699603272253e+02 4.838667431844505700e+02 2.898965336539616260e+02 1.629707472254965808e+02 1.428999766608873578e+01 1.245994583922751708e+01 2.210333101580316928e+00
9.829688320400469820e+04 6.774718510970970965e+04 4.863922906267992948e+04 3.351234803779253707e+04 2.326895708149612619e+04 1.674407311367211878e+04 1.204978770135127525e+04 8.325179835575216202e+03 5.764551954067268525e+03 4.190946337040864819e+03 3.229832981031595864e+03 2.090350405331504135e+03 1.546112065862875397e+03 8.194628699603272253e+02 1.617696857513618625e+03 3.595937713764359955e+02 1.832740656992981485e+02 1.003506330289822870e+02 2.111782894861566007e+01 -3.467294972544899156e+00 1.082540415717978322e+00
5.831753913510381972e+04 3.956198000585700356e+04 2.728631399761881403e+04 1.939613137699715662e+04 1.376526829142116003e+04 9.482603744715610446e+03 6.684539413775476532e+03 4.766913197786559067e+03 3.363485763816284361e+03 2.334146365177228745e+03 1.441025922083807018e+03 1.090144764278576076e+03 7.506816841331500427e+02 4.838667431844505700e+02 3.595937713764359955e+02 6.964908011048294156e+02 1.009326179903932825e+02 5.514639279547424877e+01 1.133501707126274205e+01 4.828104894899464483e+00 3.988743498889557593e+00
3.140817771837655891e+04 2.124394864269223399e+04 1.550466758582790499e+04 1.073501980949407880e+04 7.800938535313952343e+03 5.556832678186096018e+03 3.901262013978695450e+03 2.753218141570536318e+03 1.733828889016004723e+03 1.320566282215582987e+03 8.726686469009797520e+02 7.642247775143883928e+02 4.519310956730582802e+02 2.898965336539616260e+02 1.832740656992981485e+02 1.009326179903932825e+02 2.764170505704460652e+02 2.492094716744470873e+01 1.000507478439575593e+01 2.770871304102459298e+00 2.547298598394652558e+00
1.515422588703657493e+04 1.024079884946085076e+04 7.292435629347904978e+03 4.850657989200658449e+03 3.637334435602305803e+03 2.640307823474429370e+03 1.895026561060281210e+03 1.275518720891799830e+03 7.793248565603133784e+02 5.964661706355041133e+02 4.374649591529894224e+02 3.190556030285533211e+02 2.551382361528377487e+02 1.629707472254965808e+02 1.003506330289822870e+02 5.514639279547424877e+01 2.492094716744470873e+01 7.903621965709278641e+01 1.411897120194825217e-01 -3.921885045456602326e-02 8.549640741076037775e-01
4.556320921057706983e+03 3.360293045542383425e+03 2.117341170418151250e+03 1.524423222757144458e+03 1.007683866286123134e+03 7.890871773121893966e+02 4.288789091863660587e+02 2.834450497488502378e+02 2.429036059736068296e+02 1.479363959951299137e+02 1.225850933520212465e+02 1.132985381962117515e+02 7.253559605048307901e+01 1.428999766608873578e+01 2.111782894861566007e+01 1.133501707126274205e+01 1.000507478439575593e+01 1.411897120194825217e-01 3.080236020046339718e+01 -3.568854141723485918e-01 -5.098322117452101787e-02
1.351059825359363231e+03 9.270283996753337306e+02 6.445880130160469434e+02 5.021905288469736774e+02 3.037472662277887707e+02 2.648041329606189151e+02 2.226268166732775171e+02 1.161947210742713139e+02 1.088924895424462704e+02 7.368461129313695324e+01 5.491102921816252547e+01 3.629766558238938501e+01 1.628400828319536586e+01 1.245994583922751708e+01 -3.467294972544899156e+00 4.828104894899464483e+00 2.770871304102459298e+00 -3.921885045456602326e-02 -3.568854141723485918e-01 8.939666372450238541e+00 -1.372607196321674015e-02
4.650224573516376836e+02 2.422227860555209702e+02 1.635472011303742477e+02 1.182696038968664851e+02 1.066861004181926802e+02 8.115855679101080966e+01 3.554223202828106309e+01 3.786429632422586167e+01 2.244900520899259178e+01 1.411505084075867344e+01 4.830624894262633084e+00 1.695106791123602719e+01 8.351812871599300081e+00 2.210333101580316928e+00 1.082540415717978322e+00 3.988743498889557593e+00 2.547298598394652558e+00 8.549640741076037775e-01 -5.098322117452101787e-02 -1.372607196321674015e-02 1.001995206777159142e+00
