1.350301008888964541e+07 8.862584050748782232e+06 6.057599210853628814e+06 4.031436261399793904e+06 2.756713961752157193e+06 1.739531868113418343e+06 1.105423977522030938e+06 6.666336826815695968e+05 4.014037183216674021e+05 2.073381101660106215e+05 1.197442960397122370e+05 4.779825232235056319e+04 2.237521456621375182e+04 5.667666150901020046e+03 2.833183006459817989e+03 5.793799475106679893e+02
8.862584050748782232e+06 6.359464810162544250e+06 4.124741694360889494e+06 2.754010579436370172e+06 1.875369476424248191e+06 1.187149015341854189e+06 7.534250953978294274e+05 4.538843631169351283e+05 2.766263275423633750e+05 1.403589579332719732e+05 8.143591547850699862e+04 3.304404970293650695e+04 1.564408199181463351e+04 3.913215751493647076e+03 2.071864867246000358e+03 4.658070697193138017e+02
6.057599210853628814e+06 4.124741694360889494e+06 3.020488911835262552e+06 1.898782264439651510e+06 1.287918219390980201e+06 8.084359923369203461e+05 5.133568834142104606e+05 3.130997440263290191e+05 1.883260195321516367e+05 9.740943891080509638e+04 5.569734965415033366e+04 2.235755970961612911e+04 1.069094809234807326e+04 2.694070925720468495e+03 1.315373467101565438e+03 3.017779818288796037e+02
4.031436261399793904e+06 2.754010579436370172e+06 1.898782264439651510e+06 1.396126105623952579e+06 8.695023445954953786e+05 5.432505894222297939e+05 3.457211521625293535e+05 2.092293538088037167e+05 1.266041063569113903e+05 6.452157356235613406e+04 3.813738805784617580e+04 1.485991251139106498e+04 7.029995529760631143e+03 1.889481163850007079e+03 8.730973682035562433e+02 1.835239840255513855e+02
2.756713961752157193e+06 1.875369476424248191e+06 1.287918219390980201e+06 8.695023445954953786e+05 6.549825642681656172e+05 3.730164254123052233e+05 2.389988330237617774e+05 1.427649135526727187e+05 8.722398991649488744e+04 4.448684475778572232e+04 2.544081126251542810e+04 1.011112284937543336e+04 5.112638376120818066e+03 1.332137764809085184e+03 5.219365156741691862e+02 1.466071245529356020e+02
1.739531868113418343e+06 1.187149015341854189e+06 8.084359923369203461e+05 5.432505894222297939e+05 3.730164254123052233e+05 2.783076126954373904e+05 1.509184393386623706e+05 9.081963765570480609e+04 5.599471593531152757e+04 2.859972600227609291e+04 1.591693960534763573e+04 6.908549690011285747e+03 2.995180330686757316e+03 8.731950681279209903e+02 3.533410567742574244e+02 6.318113057189807336e+01
1.105423977522030938e+06 7.534250953978294274e+05 5.133568834142104606e+05 3.457211521625293535e+05 2.389988330237617774e+05 1.509184393386623706e+05 1.211795590388183191e+05 5.787152067259830801e+04 3.575155583777840366e+04 1.876445715803710118e+04 1.030994404972492703e+04 3.860929091287158826e+03 2.127790469895410752e+03 5.568490315267389406e+02 3.513377584115220884e+02 6.880751994165508734e+01
6.666336826815695968e+05 4.538843631169351283e+05 3.130997440263290191e+05 2.092293538088037167e+05 1.427649135526727187e+05 9.081963765570480609e+04 5.787152067259830801e+04 5.037085899895115290e+04 2.193505895892417175e+04 1.145040815760737132e+04 6.380119968253708976e+03 2.814133348850971743e+03 1.268193100342360594e+03 4.406962442652327923e+02 1.464433978029777847e+02 3.519055624794456349e+01
4.014037183216674021e+05 2.766263275423633750e+05 1.883260195321516367e+05 1.266041063569113903e+05 8.722398991649488744e+04 5.599471593531152757e+04 3.575155583777840366e+04 2.193505895892417175e+04 2.071848896405193227e+04 7.253743806323937861e+03 3.935129926087884542e+03 1.612683331796841230e+03 6.802566737608628955e+02 1.635761309595093564e+02 1.345813692338851411e+02 2.948484064502313373e+01
2.073381101660106215e+05 1.403589579332719732e+05 9.740943891080509638e+04 6.452157356235613406e+04 4.448684475778572232e+04 2.859972600227609291e+04 1.876445715803710118e+04 1.145040815760737132e+04 7.253743806323937861e+03 7.046762348996784567e+03 2.181239281758514608e+03 8.704567564871261993e+02 3.894389420411612832e+02 1.078963688056202699e+02 4.758273848572476794e+01 8.987685801726566837e+00
1.197442960397122370e+05 8.143591547850699862e+04 5.569734965415033366e+04 3.813738805784617580e+04 2.544081126251542810e+04 1.591693960534763573e+04 1.030994404972492703e+04 6.380119968253708976e+03 3.935129926087884542e+03 2.181239281758514608e+03 2.753321686372147724e+03 4.933534586025277804e+02 2.477702621559669183e+02 6.219601758898205190e+01 3.915146364575993232e+01 -5.886849394223491946e-03
4.779825232235056319e+04 3.304404970293650695e+04 2.235755970961612911e+04 1.485991251139106498e+04 1.011112284937543336e+04 6.908549690011285747e+03 3.860929091287158826e+03 2.814133348850971743e+03 1.612683331796841230e+03 8.704567564871261993e+02 4.933534586025277804e+02 8.068524324172559545e+02 8.816260185365166535e+01 3.004415327132977254e+01 1.105781796496660796e+01 5.673813772062173300e+00
2.237521456621375182e+04 1.564408199181463351e+04 1.069094809234807326e+04 7.029995529760631143e+03 5.112638376120818066e+03 2.995180330686757316e+03 2.127790469895410752e+03 1.268193100342360594e+03 6.802566737608628955e+02 3.894389420411612832e+02 2.477702621559669183e+02 8.816260185365166535e+01 2.551601181760427437e+02 5.273502028222030624e+00 7.595836447615404552e+00 2.699212192291705392e+00
5.667666150901020046e+03 3.913215751493647076e+03 2.694070925720468495e+03 1.889481163850007079e+03 1.332137764809085184e+03 8.731950681279209903e+02 5.568490315267389406e+02 4.406962442652327923e+02 1.635761309595093564e+02 1.078963688056202699e+02 6.219601758898205190e+01 3.004415327132977254e+01 5.273502028222030624e+00 5.897627678097848047e+01 -1.734016626461614807e+00 1.702546782217378318e+00
2.833183006459817989e+03 2.071864867246000358e+03 1.315373467101565438e+03 8.730973682035562433e+02 5.219365156741691862e+02 3.533410567742574244e+02 3.513377584115220884e+02 1.464433978029777847e+02 1.345813692338851411e+02 4.758273848572476794e+01 3.915146364575993232e+01 1.105781796496660796e+01 7.595836447615404552e+00 -1.734016626461614807e+00 1.851387732844147749e+01 -1.000276137623783146e-01
5.793799475106679893e+02 4.658070697193138017e+02 3.017779818288796037e+02 1.835239840255513855e+02 1.466071245529356020e+02 6.318113057189807336e+01 6.880751994165508734e+01 3.519055624794456349e+01 2.948484064502313373e+01 8.987685801726566837e+00 -5.886849394223491946e-03 5.673813772062173300e+00 2.699212192291705392e+00 1.702546782217378318e+00 -1.000276137623783146e-01 2.994795046604477040e+00
