1.693908578371603042e+07 1.139683447019352019e+07 7.946902862291464582e+06 5.615696831289768219e+06 4.013488346230394673e+06 2.900510920703715645e+06 2.002909036708189407e+06 1.364691588886881014e+06 9.877407317836319562e+05 6.678145654746287037e+05 4.606011583251839620e+05 3.473580882451692596e+05 2.070552209894146945e+05 1.208223897287059226e+05 8.151284414525126340e+04 4.179811937147028220e+04 2.154481131387147252e+04 9.235895726940247187e+03 2.178098593885588343e+03 1.110938392757877864e+03
1.139683447019352019e+07 8.378681461416035891e+06 5.556083561070870608e+06 3.935869439340288751e+06 2.807390883985820226e+06 2.023606795983408578e+06 1.400343307010338642e+06 9.505933113975988235e+05 6.848257661239036825e+05 4.651093475354205584e+05 3.211437976790724788e+05 2.403542362423392187e+05 1.429698187100540963e+05 8.137765028089287807e+04 5.701914732759523031e+04 3.017417921933154139e+04 1.428243172642024365e+04 6.223599495673234742e+03 1.429396227305124285e+03 7.517244187834515969e+02
7.946902862291464582e+06 5.556083561070870608e+06 4.146759986387132201e+06 2.730091612409665715e+06 1.945522338819921948e+06 1.407593601925950265e+06 9.747112305019495543e+05 6.742464387963896152e+05 4.845873748419077019e+05 3.220646195059783640e+05 2.250791391624094103e+05 1.702576762515536393e+05 9.756445598916844756e+04 5.855923449889785115e+04 3.986900386094732676e+04 2.033520443177396373e+04 1.060522156500443816e+04 4.415284837825667637e+03 9.721968144003956240e+02 4.811365945929852046e+02
5.615696831289768219e+06 3.935869439340288751e+06 2.730091612409665715e+06 2.116171571608975995e+06 1.381052337617581477e+06 1.008682036934362957e+06 6.885620837779267458e+05 4.757512498331770767e+05 3.378348053124607541e+05 2.270429549713815795e+05 1.562224868065195915e+05 1.180069083660826000e+05 6.948433675623977615e+04 4.022868925926237716e+04 2.882471923061919733e+04 1.447672565243334793e+04 7.387678706670564679e+03 3.056562415588952263e+03 6.890636539102416691e+02 3.429462686955963591e+02
4.013488346230394673e+06 2.807390883985820226e+06 1.945522338819921948e+06 1.381052337617581477e+06 1.112048207833693828e+06 7.114168160838355543e+05 4.908636779042144772e+05 3.398287438587255310e+05 2.414996902937192644e+05 1.617958209963353293e+05 1.130287933997845685e+05 8.476816512008942664e+04 5.073504869538226922e+04 2.877784235307898780e+04 1.930259156552928835e+04 1.084327620179498808e+04 5.260184519395751522e+03 2.127214496198696907e+03 5.577103795597613498e+02 2.875479814268650784e+02
2.900510920703715645e+06 2.023606795983408578e+06 1.407593601925950265e+06 1.008682036934362957e+06 7.114168160838355543e+05 5.975502199116424890e+05 3.567299580479299184e+05 2.375147316979551397e+05 1.763608827642562101e+05 1.182350964103073056e+05 8.064969112321680586e+04 6.121548302094198152e+04 3.717399583995809371e+04 2.095694311126291723e+04 1.497431794579164125e+04 7.118205385142457089e+03 3.730407594944716948e+03 1.562265954349769572e+03 3.449467032170636571e+02 2.219731060213466378e+02
2.002909036708189407e+06 1.400343307010338642e+06 9.747112305019495543e+05 6.885620837779267458e+05 4.908636779042144772e+05 3.567299580479299184e+05 2.985885053916887264e+05 1.710687761205219722e+05 1.220237937960233394e+05 8.127605200495680037e+04 5.745036470786431164e+04 4.242477402346775489e+04 2.536508460604695938e+04 1.452325480054822037e+04 1.015102502586658738e+04 4.690255932155308074e+03 2.656096124383439019e+03 1.156908946448339520e+03 2.305195949921566410e+02 1.099342868725757683e+02
1.364691588886881014e+06 9.505933113975988235e+05 6.742464387963896152e+05 4.757512498331770767e+05 3.398287438587255310e+05 2.375147316979551397e+05 1.710687761205219722e+05 1.470970469753807120e+05 8.249491296794432856e+04 5.702778568706283113e+04 3.912424876919903909e+04 2.967550107699692308e+04 1.720480381336188293e+04 1.019473323394596991e+04 7.478372611224445791e+03 3.434471790832677925e+03 1.708436779187272123e+03 7.209519434652834207e+02 9.828248071827111687e+01 7.918076052883222360e+01
9.877407317836319562e+05 6.848257661239036825e+05 4.845873748419077019e+05 3.378348053124607541e+05 2.414996902937192644e+05 1.763608827642562101e+05 1.220237937960233394e+05 8.249491296794432856e+04 8.342392026531104057e+04 4.092377855243755039e+04 2.838555378769848903e+04 2.130311466540956098e+04 1.258654548410385542e+04 7.095321808559712736e+03 4.854679781568122053e+03 2.542321373218533154e+03 1.260380578655472164e+03 5.509113421533044175e+02 1.274994012262232133e+02 9.036424409991107609e+01
6.678145654746287037e+05 4.651093475354205584e+05 3.220646195059783640e+05 2.270429549713815795e+05 1.617958209963353293e+05 1.182350964103073056e+05 8.127605200495680037e+04 5.702778568706283113e+04 4.092377855243755039e+04 4.014499613470586337e+04 2.031861502566678610e+04 1.383542990645518876e+04 8.587800293550724746e+03 4.612384237759815733e+03 3.185238883299165991e+03 1.693677375049824605e+03 8.869920021663008356e+02 2.965804318577513072e+02 8.925738632977633813e+01 3.391212460507694004e+01
4.606011583251839620e+05 3.211437976790724788e+05 2.250791391624094103e+05 1.562224868065195915e+05 1.130287933997845685e+05 8.064969112321680586e+04 5.745036470786431164e+04 3.912424876919903909e+04 2.838555378769848903e+04 2.031861502566678610e+04 2.272378408931983722e+04 1.031067327366380050e+04 5.901265639637631466e+03 3.436561911430677810e+03 2.117559292405603173e+03 1.137743010686364187e+03 5.913822651239021297e+02 2.665857437880808334e+02 9.152907497665111691e+01 3.669114273057924436e+01
3.473580882451692596e+05 2.403542362423392187e+05 1.702576762515536393e+05 1.180069083660826000e+05 8.476816512008942664e+04 6.121548302094198152e+04 4.242477402346775489e+04 2.967550107699692308e+04 2.130311466540956098e+04 1.383542990645518876e+04 1.031067327366380050e+04 1.238491961650963822e+04 4.545499511535348574e+03 2.658022141881885545e+03 1.704283931391495571e+03 8.414209629261090413e+02 4.945383456126439228e+02 2.168197195861478690e+02 5.943708813771267074e+01 1.531907607814490824e+01
2.070552209894146945e+05 1.429698187100540963e+05 9.756445598916844756e+04 6.948433675623977615e+04 5.073504869538226922e+04 3.717399583995809371e+04 2.536508460604695938e+04 1.720480381336188293e+04 1.258654548410385542e+04 8.587800293550724746e+03 5.901265639637631466e+03 4.545499511535348574e+03 4.944290697531311707e+03 1.605754196290311029e+03 1.014213945317197272e+03 5.181185999113597518e+02 2.570213345292323766e+02 1.247249785411094649e+02 2.686845007461446500e+01 1.250037258336189261e+01
1.208223897287059226e+05 8.137765028089287807e+04 5.855923449889785115e+04 4.022868925926237716e+04 2.877784235307898780e+04 2.095694311126291723e+04 1.452325480054822037e+04 1.019473323394596991e+04 7.095321808559712736e+03 4.612384237759815733e+03 3.436561911430677810e+03 2.658022141881885545e+03 1.605754196290311029e+03 2.642559811749796154e+03 6.301427629046187349e+02 2.890264682482805370e+02 1.804427493371268838e+02 5.023364906174916200e+01 4.416854986235080105e+00 9.912280394586863608e+00
8.151284414525126340e+04 5.701914732759523031e+04 3.986900386094732676e+04 2.882471923061919733e+04 1.930259156552928835e+04 1.497431794579164125e+04 1.015102502586658738e+04 7.478372611224445791e+03 4.854679781568122053e+03 3.185238883299165991e+03 2.117559292405603173e+03 1.704283931391495571e+03 1.014213945317197272e+03 6.301427629046187349e+02 1.267016742611067912e+03 1.927321698671837282e+02 1.132364095741369425e+02 3.397192018256106394e+01 1.269662452175808376e+01 4.441987930188915357e+00
4.179811937147028220e+04 3.017417921933154139e+04 2.033520443177396373e+04 1.447672565243334793e+04 1.084327620179498808e+04 7.118205385142457089e+03 4.690255932155308074e+03 3.434471790832677925e+03 2.542321373218533154e+03 1.693677375049824605e+03 1.137743010686364187e+03 8.414209629261090413e+02 5.181185999113597518e+02 2.890264682482805370e+02 1.927321698671837282e+02 4.793830430381268002e+02 4.494377121893389671e+01 2.924799296723262287e+01 3.706442401806100406e+00 7.822635134006841184e+00
2.154481131387147252e+04 1.428243172642024365e+04 1.060522156500443816e+04 7.387678706670564679e+03 5.260184519395751522e+03 3.730407594944716948e+03 2.656096124383439019e+03 1.708436779187272123e+03 1.260380578655472164e+03 8.869920021663008356e+02 5.913822651239021297e+02 4.945383456126439228e+02 2.570213345292323766e+02 1.804427493371268838e+02 1.132364095741369425e+02 4.494377121893389671e+01 1.734994273084118390e+02 1.184078246787401767e+01 -1.961014542893460902e-02 2.147279214045147544e+00
9.235895726940247187e+03 6.223599495673234742e+03 4.415284837825667637e+03 3.056562415588952263e+03 2.127214496198696907e+03 1.562265954349769572e+03 1.156908946448339520e+03 7.209519434652834207e+02 5.509113421533044175e+02 2.965804318577513072e+02 2.665857437880808334e+02 2.168197195861478690e+02 1.247249785411094649e+02 5.023364906174916200e+01 3.397192018256106394e+01 2.924799296723262287e+01 1.184078246787401767e+01 5.207630217483197299e+01 2.753202192214581512e+00 1.737393959672716370e+00
2.178098593885588343e+03 1.429396227305124285e+03 9.721968144003956240e+02 6.890636539102416691e+02 5.577103795597613498e+02 3.449467032170636571e+02 2.305195949921566410e+02 9.828248071827111687e+01 1.274994012262232133e+02 8.925738632977633813e+01 9.152907497665111691e+01 5.943708813771267074e+01 2.686845007461446500e+01 4.416854986235080105e+00 1.269662452175808376e+01 3.706442401806100406e+00 -1.961014542893460902e-02 2.753202192214581512e+00 1.567968396246422280e+01 -8.235830431864857304e-02
1.110938392757877864e+03 7.517244187834515969e+02 4.811365945929852046e+02 3.429462686955963591e+02 2.875479814268650784e+02 2.219731060213466378e+02 1.099342868725757683e+02 7.918076052883222360e+01 9.036424409991107609e+01 3.391212460507694004e+01 3.669114273057924436e+01 1.531907607814490824e+01 1.250037258336189261e+01 9.912280394586863608e+00 4.441987930188915357e+00 7.822635134006841184e+00 2.147279214045147544e+00 1.737393959672716370e+00 -8.235830431864857304e-02 2.994268417060567344e+00
