1.685099513618200272e+07 1.126514020177148841e+07 7.945170203828418627e+06 5.515955663611742668e+06 3.901175722055382561e+06 2.825318712496127002e+06 1.950269156531590968e+06 1.301558968774750363e+06 9.313268264500807272e+05 6.314475337694206974e+05 4.623963943841054570e+05 2.869952426745998091e+05 1.889237446305129270e+05 1.109265253235583805e+05 6.377462232370489801e+04 3.205854566835939841e+04 1.232615492496923434e+04 6.657568017036834135e+03 8.730088389949836483e+02 5.107568538265765028e+02
1.126514020177148841e+07 8.266548151028886437e+06 5.526673818531688303e+06 3.848008162862587720e+06 2.723964778879619204e+06 1.962158256182194920e+06 1.361871923052462284e+06 9.141254122319798917e+05 6.392698287572030677e+05 4.450993251301367418e+05 3.197166172438592766e+05 2.008040778989238606e+05 1.295732118002653151e+05 7.671000493115332210e+04 4.438675963743121974e+04 2.275005505185101720e+04 8.722431920806182461e+03 4.516921072381645899e+03 6.524240810420751586e+02 3.954950428178153743e+02
7.945170203828418627e+06 5.526673818531688303e+06 4.164052961409595795e+06 2.698103519638455939e+06 1.900155878010672517e+06 1.383400326304808492e+06 9.738488660363422241e+05 6.395740169212755281e+05 4.598323066165311611e+05 3.087707311855945154e+05 2.277301296169490088e+05 1.398488151708127116e+05 9.093141732515272452e+04 5.284059894769277162e+04 3.224035685882697362e+04 1.501626283877455899e+04 6.425476531952072946e+03 3.297454248778307374e+03 3.632370410920089512e+02 2.591812367717212737e+02
5.515955663611742668e+06 3.848008162862587720e+06 2.698103519638455939e+06 2.053353999240105506e+06 1.340740549539510394e+06 9.726598343287608586e+05 6.696877186778931646e+05 4.430485326573957573e+05 3.199983947386991349e+05 2.147032316835313104e+05 1.578461108563426533e+05 9.938859894807290402e+04 6.295939762713970413e+04 3.668240920475824532e+04 2.108997011232823206e+04 1.110128142677670075e+04 4.568999129818310394e+03 2.098987531072114507e+03 3.043849087251624610e+02 1.677533357312807709e+02
3.901175722055382561e+06 2.723964778879619204e+06 1.900155878010672517e+06 1.340740549539510394e+06 1.073079634152280400e+06 6.827479664260039572e+05 4.733577647614299785e+05 3.176188433467850555e+05 2.257463067884807533e+05 1.520087954772979137e+05 1.083103294550208520e+05 6.918150137559554423e+04 4.613725917422588100e+04 2.478750735724762126e+04 1.564928446724158857e+04 7.393596148604628070e+03 2.923029080939848882e+03 1.649105300239416238e+03 3.192302437838919218e+02 1.061591128788003147e+02
2.825318712496127002e+06 1.962158256182194920e+06 1.383400326304808492e+06 9.726598343287608586e+05 6.827479664260039572e+05 5.788580404896828113e+05 3.451509051878187456e+05 2.255824241823989141e+05 1.643926932472232438e+05 1.080949522351781197e+05 7.852521882027870743e+04 5.045701867702857999e+04 3.422534337905961002e+04 1.871886086943587361e+04 1.142405885011819373e+04 5.240203586447757516e+03 2.426304492212014793e+03 9.810023617937250719e+02 2.029711119484460653e+02 1.090340552826414040e+02
1.950269156531590968e+06 1.361871923052462284e+06 9.738488660363422241e+05 6.696877186778931646e+05 4.733577647614299785e+05 3.451509051878187456e+05 2.893787255192229059e+05 1.615907500086675573e+05 1.137637933266836335e+05 7.603698893879548996e+04 5.678589578582045942e+04 3.514816155683236138e+04 2.281193611485938527e+04 1.305870183484193512e+04 8.018277347244937118e+03 3.914436430283736627e+03 1.518323047249380807e+03 6.909056190950640257e+02 9.325466273817013985e+01 7.846162510601205042e+01
1.301558968774750363e+06 9.141254122319798917e+05 6.395740169212755281e+05 4.430485326573957573e+05 3.176188433467850555e+05 2.255824241823989141e+05 1.615907500086675573e+05 1.370305918707511446e+05 7.774354557254088286e+04 5.020663208739853144e+04 3.815281407942357328e+04 2.293898756557871820e+04 1.526715133141125079e+04 8.777764914609857442e+03 5.179843914639224749e+03 2.511913793357799022e+03 9.807970945569220476e+02 6.138036954562243181e+02 5.974344075908460638e+01 2.606426465301956696e+01
9.313268264500807272e+05 6.392698287572030677e+05 4.598323066165311611e+05 3.199983947386991349e+05 2.257463067884807533e+05 1.643926932472232438e+05 1.137637933266836335e+05 7.774354557254088286e+04 7.344346989857322478e+04 3.646468213769840804e+04 2.796139254880715453e+04 1.674628795943891237e+04 1.101988658224118626e+04 5.900744437784347610e+03 3.698383226231872413e+03 1.728639326268938476e+03 6.203963796585602495e+02 3.427988895519808352e+02 6.838911403279854540e+01 2.886947091024989476e+01
6.314475337694206974e+05 4.450993251301367418e+05 3.087707311855945154e+05 2.147032316835313104e+05 1.520087954772979137e+05 1.080949522351781197e+05 7.603698893879548996e+04 5.020663208739853144e+04 3.646468213769840804e+04 3.827476669541170850e+04 1.935941400349642572e+04 1.133931693623466526e+04 7.317961352392368099e+03 4.402779864890665522e+03 2.712684025967450452e+03 1.295645123963879996e+03 4.642082922289890803e+02 2.336369588101213424e+02 3.515492747378964822e+01 1.621911671211109862e+01
4.623963943841054570e+05 3.197166172438592766e+05 2.277301296169490088e+05 1.578461108563426533e+05 1.083103294550208520e+05 7.852521882027870743e+04 5.678589578582045942e+04 3.815281407942357328e+04 2.796139254880715453e+04 1.935941400349642572e+04 2.196867113094552042e+04 8.455961331167203753e+03 5.148166526050229550e+03 3.219695864081797936e+03 1.752061845500394611e+03 8.877769546697240912e+02 4.135925290641950482e+02 1.929499793883500729e+02 4.208160050567293098e+01 1.921481540561533663e+01
2.869952426745998091e+05 2.008040778989238606e+05 1.398488151708127116e+05 9.938859894807290402e+04 6.918150137559554423e+04 5.045701867702857999e+04 3.514816155683236138e+04 2.293898756557871820e+04 1.674628795943891237e+04 1.133931693623466526e+04 8.455961331167203753e+03 9.665357140512585829e+03 3.408825875657802044e+03 1.960935098516430799e+03 1.184330963743265102e+03 5.340583886080479488e+02 2.504235227434078581e+02 1.421269445258797361e+02 2.619327736888478597e+01 6.324603674649686091e+00
1.889237446305129270e+05 1.295732118002653151e+05 9.093141732515272452e+04 6.295939762713970413e+04 4.613725917422588100e+04 3.422534337905961002e+04 2.281193611485938527e+04 1.526715133141125079e+04 1.101988658224118626e+04 7.317961352392368099e+03 5.148166526050229550e+03 3.408825875657802044e+03 4.659638299438022841e+03 1.314192480490876505e+03 7.670177046632464908e+02 3.632717386810064113e+02 1.681844805086742269e+02 6.609516654824861348e+01 9.750538788994422390e+00 9.283593598588394613e+00
1.109265253235583805e+05 7.671000493115332210e+04 5.284059894769277162e+04 3.668240920475824532e+04 2.478750735724762126e+04 1.871886086943587361e+04 1.305870183484193512e+04 8.777764914609857442e+03 5.900744437784347610e+03 4.402779864890665522e+03 3.219695864081797936e+03 1.960935098516430799e+03 1.314192480490876505e+03 2.116646572954505700e+03 4.186477039501758100e+02 2.443347746385166204e+02 7.135493442693875465e+01 4.123495997678925562e+01 4.752226623609107747e+00 5.556292089714554905e+00
6.377462232370489801e+04 4.438675963743121974e+04 3.224035685882697362e+04 2.108997011232823206e+04 1.564928446724158857e+04 1.142405885011819373e+04 8.018277347244937118e+03 5.179843914639224749e+03 3.698383226231872413e+03 2.712684025967450452e+03 1.752061845500394611e+03 1.184330963743265102e+03 7.670177046632464908e+02 4.186477039501758100e+02 9.008775508283853242e+02 1.202264135549755082e+02 5.005889412140732730e+01 2.880607531827330092e+01 7.650518642649498879e+00 1.810136781521511251e+00
3.205854566835939841e+04 2.275005505185101720e+04 1.501626283877455899e+04 1.110128142677670075e+04 7.393596148604628070e+03 5.240203586447757516e+03 3.914436430283736627e+03 2.511913793357799022e+03 1.728639326268938476e+03 1.295645123963879996e+03 8.877769546697240912e+02 5.340583886080479488e+02 3.632717386810064113e+02 2.443347746385166204e+02 1.202264135549755082e+02 3.332173215455080708e+02 6.409063619207262086e+00 8.471985316777749020e+00 2.386632362082679926e+00 3.496560562871088518e+00
1.232615492496923434e+04 8.722431920806182461e+03 6.425476531952072946e+03 4.568999129818310394e+03 2.923029080939848882e+03 2.426304492212014793e+03 1.518323047249380807e+03 9.807970945569220476e+02 6.203963796585602495e+02 4.642082922289890803e+02 4.135925290641950482e+02 2.504235227434078581e+02 1.681844805086742269e+02 7.135493442693875465e+01 5.005889412140732730e+01 6.409063619207262086e+00 9.385014401147935814e+01 7.279397380880913815e+00 1.749225558483175735e+00 -1.804112236035688155e-01
6.657568017036834135e+03 4.516921072381645899e+03 3.297454248778307374e+03 2.098987531072114507e+03 1.649105300239416238e+03 9.810023617937250719e+02 6.909056190950640257e+02 6.138036954562243181e+02 3.427988895519808352e+02 2.336369588101213424e+02 1.929499793883500729e+02 1.421269445258797361e+02 6.609516654824861348e+01 4.123495997678925562e+01 2.880607531827330092e+01 8.471985316777749020e+00 7.279397380880913815e+00 4.016116715379509117e+01 -4.392561908526292913e-01 -6.275012797291343314e-02
8.730088389949836483e+02 6.524240810420751586e+02 3.632370410920089512e+02 3.043849087251624610e+02 3.192302437838919218e+02 2.029711119484460653e+02 9.325466273817013985e+01 5.974344075908460638e+01 6.838911403279854540e+01 3.515492747378964822e+01 4.208160050567293098e+01 2.619327736888478597e+01 9.750538788994422390e+00 4.752226623609107747e+00 7.650518642649498879e+00 2.386632362082679926e+00 1.749225558483175735e+00 -4.392561908526292913e-01 6.931908003431695775e+00 -1.372638503425185029e-02
5.107568538265765028e+02 3.954950428178153743e+02 2.591812367717212737e+02 1.677533357312807709e+02 1.061591128788003147e+02 1.090340552826414040e+02 7.846162510601205042e+01 2.606426465301956696e+01 2.886947091024989476e+01 1.621911671211109862e+01 1.921481540561533663e+01 6.324603674649686091e+00 9.283593598588394613e+00 5.556292089714554905e+00 1.810136781521511251e+00 3.496560562871088518e+00 -1.804112236035688155e-01 -6.275012797291343314e-02 -1.372638503425185029e-02 1.002014028511698296e+00
