1.778364470546542108e+07 1.194750767572723888e+07 8.328868119267628528e+06 5.846582107716086321e+06 4.209708742414568551e+06 2.991714665562141687e+06 2.174555758574006613e+06 1.527551900185260689e+06 1.086777969384605298e+06 7.924485213241246529e+05 5.714453137382807909e+05 4.029909270544152823e+05 2.898590462304383982e+05 1.984708604427173268e+05 1.449746187310210371e+05 9.602424113571348425e+04 5.503822203163937957e+04 3.766593178306263144e+04 1.685587373885735360e+04 3.591729660236696418e+03 2.304106425950069934e+03 8.253650017196068802e+02 4.043856222498625357e+02
1.194750767572723888e+07 8.699625169002518058e+06 5.775725210854698904e+06 4.054634056343912613e+06 2.933084824401763733e+06 2.084743172020280734e+06 1.513119779538228875e+06 1.057848993999281898e+06 7.457445196072858525e+05 5.446270464902995154e+05 3.978508457121956162e+05 2.828711680352244293e+05 1.970256933566192456e+05 1.396499259495957231e+05 1.021207792789775704e+05 6.690812855162449705e+04 3.815138991881658148e+04 2.541562692195338241e+04 1.212303682851907070e+04 2.504719386498400127e+03 1.735061758218064142e+03 6.559246475435983257e+02 3.035802540639536460e+02
8.328868119267628528e+06 5.775725210854698904e+06 4.322549771439990029e+06 2.827584340355123859e+06 2.055930227531606797e+06 1.451784303687652806e+06 1.054879567940454464e+06 7.409360745848248480e+05 5.232844105757479556e+05 3.866087680001832778e+05 2.784938611228724476e+05 1.944317901845632296e+05 1.365794508376317681e+05 9.510771280111485976e+04 7.025615542099431332e+04 4.726896028883353574e+04 2.711515689328456210e+04 1.725118293460903078e+04 8.563265054413664984e+03 1.825177133337705754e+03 1.001859282556982521e+03 3.430623994201304754e+02 1.633972146830630834e+02
5.846582107716086321e+06 4.054634056343912613e+06 2.827584340355123859e+06 2.161061989770094398e+06 1.428732461831835797e+06 1.009125777936702361e+06 7.388680663482388481e+05 5.235820345588687924e+05 3.638368625817427528e+05 2.700582901244792738e+05 1.972986790880749759e+05 1.388764859814824595e+05 9.793054032915511925e+04 6.733035519572922203e+04 4.844800914685133466e+04 3.223786922738088106e+04 1.806240674555720398e+04 1.211363030595312739e+04 5.935049389099678592e+03 1.322245690400245621e+03 6.249411715554923603e+02 3.242747731749677769e+02 1.269721498033552081e+02
4.209708742414568551e+06 2.933084824401763733e+06 2.055930227531606797e+06 1.428732461831835797e+06 1.160165648987891385e+06 7.329060930156025570e+05 5.325072740624900907e+05 3.754165902836426976e+05 2.634219916665620403e+05 1.950506710684128047e+05 1.407880977175349253e+05 9.951737744508280593e+04 7.051042955774898292e+04 4.873181655577371566e+04 3.543486099986964837e+04 2.394674204054422080e+04 1.279499246470275284e+04 9.033989420240599429e+03 4.204228297603478495e+03 9.273955942867719386e+02 3.576163854868434555e+02 2.186395093096963080e+02 9.205500063098703833e+01
2.991714665562141687e+06 2.084743172020280734e+06 1.451784303687652806e+06 1.009125777936702361e+06 7.329060930156025570e+05 6.087084830420631915e+05 3.793381716219599475e+05 2.682071852098656236e+05 1.882136730697427411e+05 1.395648655883499596e+05 9.962053506658555125e+04 7.016286550302746764e+04 4.857510264869950333e+04 3.468703358654781186e+04 2.465959424624190069e+04 1.647795127267255157e+04 1.004837164315982773e+04 6.217803796389143827e+03 3.102664493200546985e+03 6.411507603547531744e+02 3.366020457285154066e+02 1.698480073199398248e+02 8.583788562396163968e+01
2.174555758574006613e+06 1.513119779538228875e+06 1.054879567940454464e+06 7.388680663482388481e+05 5.325072740624900907e+05 3.793381716219599475e+05 3.307448346029863460e+05 1.951165869576054974e+05 1.344326823979387409e+05 1.029869664265426691e+05 7.175213796927781368e+04 4.920791354449971550e+04 3.521115274369267718e+04 2.623224288819218418e+04 1.807701981044313652e+04 1.200623471208688898e+04 6.799946332235246700e+03 4.634506986731527832e+03 2.392777414940205290e+03 4.585294395330679436e+02 2.810015241936386019e+02 1.284282123600055456e+02 4.750649931042244134e+01
1.527551900185260689e+06 1.057848993999281898e+06 7.409360745848248480e+05 5.235820345588687924e+05 3.754165902836426976e+05 2.682071852098656236e+05 1.951165869576054974e+05 1.719704324556325737e+05 9.647031420567272289e+04 7.064346539388329256e+04 5.199484884140858776e+04 3.590201530540533713e+04 2.392246419474977301e+04 1.783890497114498794e+04 1.223412316956924042e+04 8.159960057601739209e+03 4.775970431433333033e+03 3.105441386817094553e+03 1.408061808390207261e+03 2.980105506741353452e+02 1.330363272501666643e+02 8.474259625210376612e+01 3.394681773774296829e+01
1.086777969384605298e+06 7.457445196072858525e+05 5.232844105757479556e+05 3.638368625817427528e+05 2.634219916665620403e+05 1.882136730697427411e+05 1.344326823979387409e+05 9.647031420567272289e+04 9.376849999589109211e+04 4.853995030531049269e+04 3.774472719889790460e+04 2.515121913994105125e+04 1.812707763893919036e+04 1.191288218530181621e+04 9.265742251989187935e+03 6.007275210680411874e+03 3.505711147201527183e+03 2.348811239849314461e+03 9.621770429989154536e+02 2.220902359154742101e+02 1.466879198105700084e+02 3.443111681949606151e+01 1.616806021894510437e+01
7.924485213241246529e+05 5.446270464902995154e+05 3.866087680001832778e+05 2.700582901244792738e+05 1.950506710684128047e+05 1.395648655883499596e+05 1.029869664265426691e+05 7.064346539388329256e+04 4.853995030531049269e+04 5.404286402792012086e+04 2.878587042975364966e+04 1.786638401538310063e+04 1.289833336760922066e+04 8.882574934638516424e+03 6.623165385901828813e+03 4.509193107649034573e+03 2.368991862633896744e+03 1.595143429981476402e+03 7.752059702049888301e+02 1.896419295587998306e+02 6.492094445519073531e+01 3.771121102913160428e+01 8.550985245078903674e+00
5.714453137382807909e+05 3.978508457121956162e+05 2.784938611228724476e+05 1.972986790880749759e+05 1.407880977175349253e+05 9.962053506658555125e+04 7.175213796927781368e+04 5.199484884140858776e+04 3.774472719889790460e+04 2.878587042975364966e+04 3.081161581440514419e+04 1.424606169244382181e+04 9.517707124717089755e+03 6.726124999252479938e+03 4.940657358140151700e+03 2.968410088081959202e+03 1.819961507862290091e+03 1.110676535781307848e+03 5.263427610288597407e+02 9.178463094114160015e+01 1.048336710969093311e+01 3.263109269667265266e+01 5.519268121751145451e+00
4.029909270544152823e+05 2.828711680352244293e+05 1.944317901845632296e+05 1.388764859814824595e+05 9.951737744508280593e+04 7.016286550302746764e+04 4.920791354449971550e+04 3.590201530540533713e+04 2.515121913994105125e+04 1.786638401538310063e+04 1.424606169244382181e+04 1.680344025218890238e+04 6.385500514244887199e+03 4.903322009969170722e+03 3.703974619811679986e+03 2.365284770741113334e+03 1.332054646547395805e+03 9.011755684222571290e+02 3.070397899284656660e+02 1.198020791199074466e+02 4.467580011732912482e+01 2.807180186718144910e+01 8.352852644951624939e+00
2.898590462304383982e+05 1.970256933566192456e+05 1.365794508376317681e+05 9.793054032915511925e+04 7.051042955774898292e+04 4.857510264869950333e+04 3.521115274369267718e+04 2.392246419474977301e+04 1.812707763893919036e+04 1.289833336760922066e+04 9.517707124717089755e+03 6.385500514244887199e+03 9.701498539283171340e+03 3.428196409536367355e+03 2.505245187366690061e+03 1.562829809222080712e+03 8.251396347549347183e+02 5.725724054964314291e+02 2.522302193068024394e+02 5.984788508888112091e+01 3.787930243516576923e+01 1.352600694309187190e+01 9.195142476094661177e+00
1.984708604427173268e+05 1.396499259495957231e+05 9.510771280111485976e+04 6.733035519572922203e+04 4.873181655577371566e+04 3.468703358654781186e+04 2.623224288819218418e+04 1.783890497114498794e+04 1.191288218530181621e+04 8.882574934638516424e+03 6.726124999252479938e+03 4.903322009969170722e+03 3.428196409536367355e+03 5.146047680609545750e+03 1.685313959038247958e+03 1.045841176125952416e+03 6.841476051876596784e+02 3.837999934588885935e+02 2.048158508216705513e+02 2.318025146304858097e+01 1.786703034587198147e+00 1.463676408553917874e+01 1.531726309045590151e+00
1.449746187310210371e+05 1.021207792789775704e+05 7.025615542099431332e+04 4.844800914685133466e+04 3.543486099986964837e+04 2.465959424624190069e+04 1.807701981044313652e+04 1.223412316956924042e+04 9.265742251989187935e+03 6.623165385901828813e+03 4.940657358140151700e+03 3.703974619811679986e+03 2.505245187366690061e+03 1.685313959038247958e+03 3.011715670974508612e+03 8.606486111758342759e+02 4.641022994624349280e+02 2.758775681393099148e+02 1.483169370626871739e+02 2.697941807846590478e+01 2.019371121866634411e+01 8.976023362566431629e+00 6.491268335265919509e-01
9.602424113571348425e+04 6.690812855162449705e+04 4.726896028883353574e+04 3.223786922738088106e+04 2.394674204054422080e+04 1.647795127267255157e+04 1.200623471208688898e+04 8.159960057601739209e+03 6.007275210680411874e+03 4.509193107649034573e+03 2.968410088081959202e+03 2.365284770741113334e+03 1.562829809222080712e+03 1.045841176125952416e+03 8.606486111758342759e+02 1.451667896416920939e+03 2.452104811971671268e+02 2.275352803184123047e+02 7.964700965062890248e+01 1.363714198888371421e+01 4.208380323817547897e+00 4.616250370991893170e+00 2.000237548022555101e-01
5.503822203163937957e+04 3.815138991881658148e+04 2.711515689328456210e+04 1.806240674555720398e+04 1.279499246470275284e+04 1.004837164315982773e+04 6.799946332235246700e+03 4.775970431433333033e+03 3.505711147201527183e+03 2.368991862633896744e+03 1.819961507862290091e+03 1.332054646547395805e+03 8.251396347549347183e+02 6.841476051876596784e+02 4.641022994624349280e+02 2.452104811971671268e+02 6.514864026472465639e+02 7.258203441731285466e+01 6.195412816584224913e+01 1.345824242113990543e+01 5.214219063509288432e+00 -9.510652367261608342e-01 1.021656256799659435e+00
3.766593178306263144e+04 2.541562692195338241e+04 1.725118293460903078e+04 1.211363030595312739e+04 9.033989420240599429e+03 6.217803796389143827e+03 4.634506986731527832e+03 3.105441386817094553e+03 2.348811239849314461e+03 1.595143429981476402e+03 1.110676535781307848e+03 9.011755684222571290e+02 5.725724054964314291e+02 3.837999934588885935e+02 2.758775681393099148e+02 2.275352803184123047e+02 7.258203441731285466e+01 3.149829363534371396e+02 3.290495837775328880e+01 6.063227170156591406e+00 1.764832334562059790e+00 1.576574960537510783e+00 2.533492344582551237e+00
1.685587373885735360e+04 1.212303682851907070e+04 8.563265054413664984e+03 5.935049389099678592e+03 4.204228297603478495e+03 3.102664493200546985e+03 2.392777414940205290e+03 1.408061808390207261e+03 9.621770429989154536e+02 7.752059702049888301e+02 5.263427610288597407e+02 3.070397899284656660e+02 2.522302193068024394e+02 2.048158508216705513e+02 1.483169370626871739e+02 7.964700965062890248e+01 6.195412816584224913e+01 3.290495837775328880e+01 1.010251753286156742e+02 -3.588461107142161821e-01 2.927612206959464114e+00 4.333548371510518860e-01 1.817731007832688261e+00
3.591729660236696418e+03 2.504719386498400127e+03 1.825177133337705754e+03 1.322245690400245621e+03 9.273955942867719386e+02 6.411507603547531744e+02 4.585294395330679436e+02 2.980105506741353452e+02 2.220902359154742101e+02 1.896419295587998306e+02 9.178463094114160015e+01 1.198020791199074466e+02 5.984788508888112091e+01 2.318025146304858097e+01 2.697941807846590478e+01 1.363714198888371421e+01 1.345824242113990543e+01 6.063227170156591406e+00 -3.588461107142161821e-01 2.205407334862707103e+01 1.511830439627493972e+00 -1.352992631094401266e-01 -4.509959929498078002e-02
2.304106425950069934e+03 1.735061758218064142e+03 1.001859282556982521e+03 6.249411715554923603e+02 3.576163854868434555e+02 3.366020457285154066e+02 2.810015241936386019e+02 1.330363272501666643e+02 1.466879198105700084e+02 6.492094445519073531e+01 1.048336710969093311e+01 4.467580011732912482e+01 3.787930243516576923e+01 1.786703034587198147e+00 2.019371121866634411e+01 4.208380323817547897e+00 5.214219063509288432e+00 1.764832334562059790e+00 2.927612206959464114e+00 1.511830439627493972e+00 1.080626730347639075e+01 -6.470783481544853388e-02 -2.156920410617458456e-02
8.253650017196068802e+02 6.559246475435983257e+02 3.430623994201304754e+02 3.242747731749677769e+02 2.186395093096963080e+02 1.698480073199398248e+02 1.284282123600055456e+02 8.474259625210376612e+01 3.443111681949606151e+01 3.771121102913160428e+01 3.263109269667265266e+01 2.807180186718144910e+01 1.352600694309187190e+01 1.463676408553917874e+01 8.976023362566431629e+00 4.616250370991893170e+00 -9.510652367261608342e-01 1.576574960537510783e+00 4.333548371510518860e-01 -1.352992631094401266e-01 -6.470783481544853388e-02 2.994191675737073233e+00 -5.882478153740006849e-03
4.043856222498625357e+02 3.035802540639536460e+02 1.633972146830630834e+02 1.269721498033552081e+02 9.205500063098703833e+01 8.583788562396163968e+01 4.750649931042244134e+01 3.394681773774296829e+01 1.616806021894510437e+01 8.550985245078903674e+00 5.519268121751145451e+00 8.352852644951624939e+00 9.195142476094661177e+00 1.531726309045590151e+00 6.491268335265919509e-01 2.000237548022555101e-01 1.021656256799659435e+00 2.533492344582551237e+00 1.817731007832688261e+00 -4.509959929498078002e-02 -2.156920410617458456e-02 -5.882478153740006849e-03 1.001978666886502722e+00
