8.504775655394522473e+06 5.189734581832611933e+06 3.362396643224824220e+06 2.098611925788461231e+06 1.219235454098398564e+06 6.700680749585960293e+05 3.698788823011080385e+05 1.989565424048923305e+05 9.187586456295081007e+04 3.683303402829170955e+04 1.433458232141540611e+04 4.862900638629695095e+03 9.128488719779240910e+02 3.205978946165644174e+02
5.189734581832611933e+06 3.561173940238302108e+06 2.151636461282290518e+06 1.331319368352218531e+06 7.834513201275841566e+05 4.326806273968672613e+05 2.419351710792004014e+05 1.273910889296924724e+05 5.777875887721162871e+04 2.291770796001506824e+04 8.874626777366032911e+03 3.164377007260358369e+03 5.915281541120999691e+02 1.988395313401357214e+02
3.362396643224824220e+06 2.151636461282290518e+06 1.502095726232507965e+06 8.590710797343380982e+05 5.058611209911782644e+05 2.762488291091122082e+05 1.549233097987608926e+05 8.256501321357289271e+04 3.680422192028722202e+04 1.423973915994391427e+04 5.615884736970566337e+03 2.233874453086202720e+03 3.666187387037654162e+02 1.319768516862231422e+02
2.098611925788461231e+06 1.331319368352218531e+06 8.590710797343380982e+05 6.097074444745478686e+05 3.187369304244280793e+05 1.760037437299493176e+05 9.566237411595162121e+04 5.005647977386150887e+04 2.357816565801578327e+04 8.874145463775561439e+03 3.545784232927427638e+03 1.280505213968136559e+03 1.816692299363661220e+02 7.479247995951364203e+01
1.219235454098398564e+06 7.834513201275841566e+05 5.058611209911782644e+05 3.187369304244280793e+05 2.265154812342825171e+05 1.030044917329900054e+05 6.033642847333051031e+04 3.195728227548070936e+04 1.391736360484858778e+04 5.559816192534684888e+03 2.492468788496720208e+03 8.590912930245699499e+02 1.721116553671446638e+02 5.375190571634824721e+01
6.700680749585960293e+05 4.326806273968672613e+05 2.762488291091122082e+05 1.760037437299493176e+05 1.030044917329900054e+05 7.397926919835500303e+04 3.194836271016041428e+04 1.734110139331141545e+04 7.791108403564364380e+03 3.111822857193975779e+03 1.301639516242516265e+03 4.807954402196212982e+02 7.105332300520792899e+01 2.696001069003347439e+01
3.698788823011080385e+05 2.419351710792004014e+05 1.549233097987608926e+05 9.566237411595162121e+04 6.033642847333051031e+04 3.194836271016041428e+04 2.789946331582234779e+04 9.942633145983805662e+03 4.788355352992856751e+03 1.802767512772150212e+03 7.058235695727676102e+02 3.284211524011166716e+02 5.287808437233537262e+01 1.116143700908048686e+01
1.989565424048923305e+05 1.273910889296924724e+05 8.256501321357289271e+04 5.005647977386150887e+04 3.195728227548070936e+04 1.734110139331141545e+04 9.942633145983805662e+03 9.293952840054016633e+03 2.243131987940037106e+03 1.023438912680665453e+03 4.501986888511431175e+02 1.570387315098627425e+02 2.729877625276289521e+01 1.645401438645768621e+01
9.187586456295081007e+04 5.777875887721162871e+04 3.680422192028722202e+04 2.357816565801578327e+04 1.391736360484858778e+04 7.791108403564364380e+03 4.788355352992856751e+03 2.243131987940037106e+03 2.566737345198906951e+03 4.609381273347963202e+02 1.959103283954563040e+02 6.153685027769731875e+01 1.007927715580825456e+01 5.031325061628654005e+00
3.683303402829170955e+04 2.291770796001506824e+04 1.423973915994391427e+04 8.874145463775561439e+03 5.559816192534684888e+03 3.111822857193975779e+03 1.802767512772150212e+03 1.023438912680665453e+03 4.609381273347963202e+02 7.680050951338171217e+02 7.110676032010150038e+01 2.962571535607270334e+01 6.718267963859151592e+00 3.967383128964953709e+00
1.433458232141540611e+04 8.874626777366032911e+03 5.615884736970566337e+03 3.545784232927427638e+03 2.492468788496720208e+03 1.301639516242516265e+03 7.058235695727676102e+02 4.501986888511431175e+02 1.959103283954563040e+02 7.110676032010150038e+01 2.399806871184932788e+02 1.378790399254907229e+01 3.733055157083375430e+00 1.626930258918837913e+00
4.862900638629695095e+03 3.164377007260358369e+03 2.233874453086202720e+03 1.280505213968136559e+03 8.590912930245699499e+02 4.807954402196212982e+02 3.284211524011166716e+02 1.570387315098627425e+02 6.153685027769731875e+01 2.962571535607270334e+01 1.378790399254907229e+01 5.174992895932564352e+01 2.448991623663151707e+00 9.104397413362080860e-01
9.128488719779240910e+02 5.915281541120999691e+02 3.666187387037654162e+02 1.816692299363661220e+02 1.721116553671446638e+02 7.105332300520792899e+01 5.287808437233537262e+01 2.729877625276289521e+01 1.007927715580825456e+01 6.718267963859151592e+00 3.733055157083375430e+00 2.448991623663151707e+00 5.956822070950191339e+00 -1.177130528081710495e-02
3.205978946165644174e+02 1.988395313401357214e+02 1.319768516862231422e+02 7.479247995951364203e+01 5.375190571634824721e+01 2.696001069003347439e+01 1.116143700908048686e+01 1.645401438645768621e+01 5.031325061628654005e+00 3.967383128964953709e+00 1.626930258918837913e+00 9.104397413362080860e-01 -1.177130528081710495e-02 1.002431682933770940e+00
