1.626663950827566208e+06 9.295578518771312665e+05 5.840851043309705565e+05 3.586351128251185874e+05 2.025503772427435033e+05 1.150592613233106385e+05 5.435009774013263086e+04 2.174190889281298587e+04 5.784197456352188055e+03 1.051039112135814548e+03 -8.658790369239445894e+00 6.142721573524201517e+01
9.295578518771312665e+05 7.544298147142167436e+05 3.944312502479564864e+05 2.417670799973959511e+05 1.363007897794469900e+05 7.943560951436684991e+04 3.754727581466104311e+04 1.460388720937752805e+04 4.152576253920256022e+03 9.913785563016147080e+02 6.845856135664156739e+01 9.797805615020476466e+01
5.840851043309705565e+05 3.944312502479564864e+05 3.290588496214355109e+05 1.590182223873266485e+05 9.402582814863459498e+04 4.855325719494374061e+04 2.332000481003108143e+04 9.267140980617938112e+03 2.850263594272394585e+03 3.929318285392486132e+02 -2.649401618406852421e+01 7.961538137492976830e+01
3.586351128251185874e+05 2.417670799973959511e+05 1.590182223873266485e+05 1.304460239659101353e+05 5.586119979626432178e+04 3.085085440083697176e+04 1.339703104691006592e+04 5.385216631370200048e+03 1.663032846841206720e+03 3.978827899709422695e+02 -5.752919144767044024e+00 2.673911328465089809e+01
2.025503772427435033e+05 1.363007897794469900e+05 9.402582814863459498e+04 5.586119979626432178e+04 5.467285532760555361e+04 1.736273350668964122e+04 8.287591790779009898e+03 3.420694743050033139e+03 9.980706875356734145e+02 1.509621669647316935e+02 4.769785654926082685e+01 2.937047575644902153e+01
1.150592613233106385e+05 7.943560951436684991e+04 4.855325719494374061e+04 3.085085440083697176e+04 1.736273350668964122e+04 1.981103001290905740e+04 4.828844252282025082e+03 1.914620118642437319e+03 5.703350707144059015e+02 9.585061331720771705e+01 2.423520130514700099e+01 2.115286016827577953e+01
5.435009774013263086e+04 3.754727581466104311e+04 2.332000481003108143e+04 1.339703104691006592e+04 8.287591790779009898e+03 4.828844252282025082e+03 5.872918685207500857e+03 9.052828075872912450e+02 2.514813898537550756e+02 8.458006824422629677e+01 7.529382929753132281e+00 1.229799211859601549e+01
2.174190889281298587e+04 1.460388720937752805e+04 9.267140980617938112e+03 5.385216631370200048e+03 3.420694743050033139e+03 1.914620118642437319e+03 9.052828075872912450e+02 1.607584039583151252e+03 1.595091930560908793e+02 3.259791437685998972e+01 3.439202515309039754e+00 2.221560119637916220e+00
5.784197456352188055e+03 4.152576253920256022e+03 2.850263594272394585e+03 1.663032846841206720e+03 9.980706875356734145e+02 5.703350707144059015e+02 2.514813898537550756e+02 1.595091930560908793e+02 3.595829366462306211e+02 4.274493434077699661e-01 1.952933697404597435e+00 1.980384572669349641e+00
1.051039112135814548e+03 9.913785563016147080e+02 3.929318285392486132e+02 3.978827899709422695e+02 1.509621669647316935e+02 9.585061331720771705e+01 8.458006824422629677e+01 3.259791437685998972e+01 4.274493434077699661e-01 6.349583526411127821e+01 2.627440918195020902e-01 6.333309078932750635e-01
-8.658790369239445894e+00 6.845856135664156739e+01 -2.649401618406852421e+01 -5.752919144767044024e+00 4.769785654926082685e+01 2.423520130514700099e+01 7.529382929753132281e+00 3.439202515309039754e+00 1.952933697404597435e+00 2.627440918195020902e-01 7.960753826769961350e+00 -3.529398248321659326e-02
6.142721573524201517e+01 9.797805615020476466e+01 7.961538137492976830e+01 2.673911328465089809e+01 2.937047575644902153e+01 2.115286016827577953e+01 1.229799211859601549e+01 2.221560119637916220e+00 1.980384572669349641e+00 6.333309078932750635e-01 -3.529398248321659326e-02 2.994106180659540151e+00
