1.917703116609796882e+06 1.184719034140472533e+06 7.406141009918918135e+05 4.744493187341594021e+05 3.089924120841659606e+05 1.843195866611560923e+05 8.998124296750254871e+04 5.455382420229949639e+04 1.996290561606911433e+04 6.264130093258841953e+03 1.430771364455095863e+03 1.372768741267566952e+02
1.184719034140472533e+06 1.043283905003444292e+06 5.399546799562077504e+05 3.444585189377879142e+05 2.225041091971613932e+05 1.383243340543403174e+05 6.732586271085611952e+04 3.925597338496081647e+04 1.477098862933030068e+04 4.724741832175792297e+03 1.000315994742296198e+03 1.306570740168117766e+02
7.406141009918918135e+05 5.399546799562077504e+05 4.416258935987501754e+05 2.258430406384537346e+05 1.528950540862187627e+05 8.777344981282553636e+04 4.291255348540339037e+04 2.592676992745262760e+04 8.863802660130502773e+03 3.446998313125011919e+03 5.394107132928791088e+02 8.506000245886558275e+01
4.744493187341594021e+05 3.444585189377879142e+05 2.258430406384537346e+05 1.953975347906301031e+05 9.620729935764678521e+04 5.693516938706050132e+04 2.610733222651663527e+04 1.623587903749379439e+04 5.265600972381453175e+03 1.964845130451241175e+03 3.470130426458415513e+02 9.344537343731201418e+01
3.089924120841659606e+05 2.225041091971613932e+05 1.528950540862187627e+05 9.620729935764678521e+04 9.661821828672787524e+04 3.707484587518521585e+04 1.845691519641665218e+04 1.123967833059761506e+04 3.511510025535294517e+03 1.502679309365096969e+03 1.137621724253437492e+02 1.042526622935558009e+02
1.843195866611560923e+05 1.383243340543403174e+05 8.777344981282553636e+04 5.693516938706050132e+04 3.707484587518521585e+04 3.935518047420548828e+04 1.132131701530256578e+04 6.536975221442668953e+03 2.406203865030031920e+03 7.688840744628713537e+02 1.266705445813644104e+02 5.328906404312942868e+01
8.998124296750254871e+04 6.732586271085611952e+04 4.291255348540339037e+04 2.610733222651663527e+04 1.845691519641665218e+04 1.132131701530256578e+04 1.209122002947973124e+04 3.395528565985992373e+03 1.089510723571720746e+03 3.993417784003323163e+02 7.030422947352884933e+01 1.697117647120861150e+01
5.455382420229949639e+04 3.925597338496081647e+04 2.592676992745262760e+04 1.623587903749379439e+04 1.123967833059761506e+04 6.536975221442668953e+03 3.395528565985992373e+03 4.611502703474543523e+03 6.516738809479944621e+02 2.570904372124722954e+02 8.660399944529294203e+01 5.009404235480646506e+00
1.996290561606911433e+04 1.477098862933030068e+04 8.863802660130502773e+03 5.265600972381453175e+03 3.511510025535294517e+03 2.406203865030031920e+03 1.089510723571720746e+03 6.516738809479944621e+02 1.408777785871611059e+03 1.029797972820986445e+02 5.345419147213207367e+01 4.160738162588752509e+00
6.264130093258841953e+03 4.724741832175792297e+03 3.446998313125011919e+03 1.964845130451241175e+03 1.502679309365096969e+03 7.688840744628713537e+02 3.993417784003323163e+02 2.570904372124722954e+02 1.029797972820986445e+02 3.006650999679148413e+02 -1.126882480683965237e+00 4.133852073963190321e+00
1.430771364455095863e+03 1.000315994742296198e+03 5.394107132928791088e+02 3.470130426458415513e+02 1.137621724253437492e+02 1.266705445813644104e+02 7.030422947352884933e+01 8.660399944529294203e+01 5.345419147213207367e+01 -1.126882480683965237e+00 7.007703762457030905e+01 -1.077390642674703747e+00
1.372768741267566952e+02 1.306570740168117766e+02 8.506000245886558275e+01 9.344537343731201418e+01 1.042526622935558009e+02 5.328906404312942868e+01 1.697117647120861150e+01 5.009404235480646506e+00 4.160738162588752509e+00 4.133852073963190321e+00 -1.077390642674703747e+00 1.089185653773136409e+01
