2.105158118359073065e+06 1.275252684847258730e+06 8.565562490952461958e+05 5.771421975866877474e+05 4.016935361613951391e+05 2.580618822997742973e+05 1.504278003837318392e+05 8.942088107812739327e+04 4.544435929703396687e+04 2.131183995159396727e+04 6.882295211798571472e+03 8.772515423885974997e+02 3.852534265728459673e+01
1.275252684847258730e+06 1.071145317488755798e+06 6.092900823142908048e+05 4.143586798151737894e+05 2.845877140482575051e+05 1.856876496643210121e+05 1.072544480757892597e+05 6.235103572673184681e+04 3.228896261886206048e+04 1.380954319261868295e+04 5.026914081977002752e+03 8.357340543272441664e+02 8.580359297029177412e+01
8.565562490952461958e+05 6.092900823142908048e+05 5.243979211476406781e+05 2.850332456754246377e+05 1.961063587838480307e+05 1.280625213291853142e+05 7.526630391274151043e+04 3.997025869233036065e+04 2.166619545727837249e+04 9.846640722116942925e+03 3.604613646546922610e+03 4.928334067347931295e+02 7.325462142071836524e+01
5.771421975866877474e+05 4.143586798151737894e+05 2.850332456754246377e+05 2.622988229365947773e+05 1.307755070178415626e+05 8.756135878770292038e+04 4.968420972653417266e+04 2.948734589711985973e+04 1.629654151141047987e+04 6.244015303251342630e+03 2.416900548022356361e+03 2.264854071484619169e+02 5.188999735755521669e+01
4.016935361613951391e+05 2.845877140482575051e+05 1.961063587838480307e+05 1.307755070178415626e+05 1.301193428640288184e+05 6.164656391480992897e+04 3.572408867919274780e+04 1.960452296061971356e+04 1.043737767548371812e+04 4.591968688845227007e+03 1.520786332772885544e+03 5.711154598825669382e+01 1.683130809088459046e+01
2.580618822997742973e+05 1.856876496643210121e+05 1.280625213291853142e+05 8.756135878770292038e+04 6.164656391480992897e+04 6.268358739434618474e+04 2.372805814928582549e+04 1.338856833422053387e+04 6.851071801961545134e+03 2.942929906058762754e+03 8.959024513539444570e+02 7.459579275508077956e+01 6.431347919163729898e+01
1.504278003837318392e+05 1.072544480757892597e+05 7.526630391274151043e+04 4.968420972653417266e+04 3.572408867919274780e+04 2.372805814928582549e+04 2.624016421505615290e+04 8.460228384542098865e+03 4.140766495226348525e+03 1.419910248505425216e+03 4.966961370399014299e+02 8.163694226048168900e+01 2.839204813094147184e+00
8.942088107812739327e+04 6.235103572673184681e+04 3.997025869233036065e+04 2.948734589711985973e+04 1.960452296061971356e+04 1.338856833422053387e+04 8.460228384542098865e+03 1.087371325937093570e+04 2.471137595214617704e+03 1.049092060768786723e+03 4.498414145166485696e+02 3.971945573125123019e+01 1.868228139444901359e+01
4.544435929703396687e+04 3.228896261886206048e+04 2.166619545727837249e+04 1.629654151141047987e+04 1.043737767548371812e+04 6.851071801961545134e+03 4.140766495226348525e+03 2.471137595214617704e+03 3.855998958337537260e+03 5.944702724024596137e+02 2.563833318653077527e+02 4.872726437168916647e+01 1.413327920772439583e+01
2.131183995159396727e+04 1.380954319261868295e+04 9.846640722116942925e+03 6.244015303251342630e+03 4.591968688845227007e+03 2.942929906058762754e+03 1.419910248505425216e+03 1.049092060768786723e+03 5.944702724024596137e+02 1.162754370579136776e+03 7.977224351928742863e+01 2.444108286962764254e+01 2.368618379984678057e+00
6.882295211798571472e+03 5.026914081977002752e+03 3.604613646546922610e+03 2.416900548022356361e+03 1.520786332772885544e+03 8.959024513539444570e+02 4.966961370399014299e+02 4.498414145166485696e+02 2.563833318653077527e+02 7.977224351928742863e+01 2.707754336112377587e+02 8.823495620804145290e+00 1.192152297210869794e+00
8.772515423885974997e+02 8.357340543272441664e+02 4.928334067347931295e+02 2.264854071484619169e+02 5.711154598825669382e+01 7.459579275508077956e+01 8.163694226048168900e+01 3.971945573125123019e+01 4.872726437168916647e+01 2.444108286962764254e+01 8.823495620804145290e+00 5.731546677593910744e+01 -8.627417940341833846e-01
3.852534265728459673e+01 8.580359297029177412e+01 7.325462142071836524e+01 5.188999735755521669e+01 1.683130809088459046e+01 6.431347919163729898e+01 2.839204813094147184e+00 1.868228139444901359e+01 1.413327920772439583e+01 2.368618379984678057e+00 1.192152297210869794e+00 -8.627417940341833846e-01 9.913687524174614296e+00
