2.119873981609960087e+06 1.329392552019855706e+06 8.986556819864744321e+05 6.174583726012159605e+05 4.351819255593941780e+05 2.965378800479364581e+05 1.831234261510846263e+05 1.132432996503554023e+05 5.289244645968732948e+04 2.933177982620910916e+04 1.265818289605113387e+04 2.801897112832558378e+03 1.727385541568382337e+02
1.329392552019855706e+06 1.170561532837186242e+06 6.453644029855448753e+05 4.453053377706184983e+05 3.193073889269566862e+05 2.141147643276362214e+05 1.335421748537941603e+05 8.419531677651354403e+04 3.888563539508477697e+04 2.140409450025034675e+04 9.346921067244278674e+03 2.181626939234875408e+03 1.516582427303486327e+02
8.986556819864744321e+05 6.453644029855448753e+05 5.717312359557121526e+05 3.022730698488521739e+05 2.178587735187790822e+05 1.430497384430905222e+05 9.146345953025101335e+04 5.780420215915240988e+04 2.428534425036672474e+04 1.430646874054540967e+04 6.105196227036324672e+03 1.695042528176544465e+03 1.334092930097503142e+02
6.174583726012159605e+05 4.453053377706184983e+05 3.022730698488521739e+05 2.908585566997972783e+05 1.486937678087988170e+05 1.002531690059436369e+05 6.280054380919359392e+04 3.887671386062692909e+04 1.957856031495127536e+04 9.783397827061542557e+03 4.329834398612220866e+03 1.060984172088876676e+03 9.057220215915049266e+01
4.351819255593941780e+05 3.193073889269566862e+05 2.178587735187790822e+05 1.486937678087988170e+05 1.496334347984201158e+05 7.213669629022284062e+04 4.552123743398441729e+04 2.704253173050070836e+04 1.263885355831202833e+04 7.444395019933233925e+03 2.858341994707364393e+03 6.349465879802723975e+02 3.648613478042707214e+01
2.965378800479364581e+05 2.141147643276362214e+05 1.430497384430905222e+05 1.002531690059436369e+05 7.213669629022284062e+04 7.511273979495868844e+04 3.105556342078821763e+04 1.870725384783331174e+04 8.711578402349947282e+03 4.555868827095518100e+03 1.588566465355111632e+03 2.724813094312582962e+02 1.421445536743452180e+02
1.831234261510846263e+05 1.335421748537941603e+05 9.146345953025101335e+04 6.280054380919359392e+04 4.552123743398441729e+04 3.105556342078821763e+04 3.438916830128377478e+04 1.221228264291272535e+04 6.107217787922037132e+03 2.948080866724587395e+03 1.056368503490695730e+03 2.355343921017388027e+02 1.789600989579670554e+01
1.132432996503554023e+05 8.419531677651354403e+04 5.780420215915240988e+04 3.887671386062692909e+04 2.704253173050070836e+04 1.870725384783331174e+04 1.221228264291272535e+04 1.587394705136804623e+04 3.703326993999188744e+03 2.138972200627418715e+03 6.748836899368714057e+02 1.808306800295706580e+02 2.974106257252489982e+01
5.289244645968732948e+04 3.888563539508477697e+04 2.428534425036672474e+04 1.957856031495127536e+04 1.263885355831202833e+04 8.711578402349947282e+03 6.107217787922037132e+03 3.703326993999188744e+03 5.306189483036841011e+03 9.116455283183386200e+02 3.355163621462958190e+02 1.260093213491093422e+02 2.849008697117698219e+00
2.933177982620910916e+04 2.140409450025034675e+04 1.430646874054540967e+04 9.783397827061542557e+03 7.444395019933233925e+03 4.555868827095518100e+03 2.948080866724587395e+03 2.138972200627418715e+03 9.116455283183386200e+02 2.019943244702709080e+03 2.609833142489524107e+02 4.910373351817732868e+01 1.336269392350711804e+01
1.265818289605113387e+04 9.346921067244278674e+03 6.105196227036324672e+03 4.329834398612220866e+03 2.858341994707364393e+03 1.588566465355111632e+03 1.056368503490695730e+03 6.748836899368714057e+02 3.355163621462958190e+02 2.609833142489524107e+02 5.914251860248689354e+02 3.492927799755675267e+01 5.486253499335584038e+00
2.801897112832558378e+03 2.181626939234875408e+03 1.695042528176544465e+03 1.060984172088876676e+03 6.349465879802723975e+02 2.724813094312582962e+02 2.355343921017388027e+02 1.808306800295706580e+02 1.260093213491093422e+02 4.910373351817732868e+01 3.492927799755675267e+01 1.319975337104254152e+02 1.627444747837197836e-01
1.727385541568382337e+02 1.516582427303486327e+02 1.334092930097503142e+02 9.057220215915049266e+01 3.648613478042707214e+01 1.421445536743452180e+02 1.789600989579670554e+01 2.974106257252489982e+01 2.849008697117698219e+00 1.336269392350711804e+01 5.486253499335584038e+00 1.627444747837197836e-01 1.662542652639963947e+01
