1.588139222582324408e+06 8.370796468876305735e+05 5.080579756912383018e+05 3.155007215819419362e+05 1.733507584147204179e+05 8.877239146046382666e+04 4.209604626143513451e+04 1.494314746075206676e+04 3.469031969573688457e+03 1.617762557984196746e+03 4.945808450412810231e+01
8.370796468876305735e+05 6.468409179898586590e+05 3.061680129222718533e+05 2.002131743730303133e+05 1.104224902293778141e+05 5.355873995448503410e+04 2.624549415745156875e+04 8.200877562545920227e+03 2.091054318156820500e+03 8.724594806534572626e+02 3.088971496158048424e+01
5.080579756912383018e+05 3.061680129222718533e+05 2.780676762112386059e+05 1.195598157460390794e+05 6.777269735048689472e+04 3.659650082361877139e+04 1.624372595669040857e+04 5.568252981024931614e+03 1.253883690506806943e+03 5.064384168253546932e+02 1.028107503943325174e+00
3.155007215819419362e+05 2.002131743730303133e+05 1.195598157460390794e+05 1.168846935600176657e+05 4.403591762491928239e+04 2.288177815531883971e+04 9.621954733387552551e+03 3.678796343037344286e+03 8.162930749138671445e+02 3.989033428818867719e+02 3.211978938724652455e+00
1.733507584147204179e+05 1.104224902293778141e+05 6.777269735048689472e+04 4.403591762491928239e+04 4.248198537363203650e+04 1.181451836824729253e+04 5.610651307313344660e+03 2.075187703749243155e+03 6.193547344140380346e+02 2.458504083408929262e+02 6.651858321657113660e-01
8.877239146046382666e+04 5.355873995448503410e+04 3.659650082361877139e+04 2.288177815531883971e+04 1.181451836824729253e+04 1.502512563357509316e+04 3.109581056826790245e+03 1.237532331477009620e+03 2.569829223578046822e+02 1.378061485446102665e+02 6.183882757721432810e+00
4.209604626143513451e+04 2.624549415745156875e+04 1.624372595669040857e+04 9.621954733387552551e+03 5.610651307313344660e+03 3.109581056826790245e+03 4.547505622277429211e+03 3.544227332742605654e+02 9.304824545500669331e+01 7.586382324288443613e+01 2.753809587827820149e+00
1.494314746075206676e+04 8.200877562545920227e+03 5.568252981024931614e+03 3.678796343037344286e+03 2.075187703749243155e+03 1.237532331477009620e+03 3.544227332742605654e+02 1.129262955733055833e+03 4.411120613111975786e+01 3.286109298287043146e+01 -1.564470960560284230e+00
3.469031969573688457e+03 2.091054318156820500e+03 1.253883690506806943e+03 8.162930749138671445e+02 6.193547344140380346e+02 2.569829223578046822e+02 9.304824545500669331e+01 4.411120613111975786e+01 2.214928548162831703e+02 2.580335376810921844e+00 2.598683197392706035e-01
1.617762557984196746e+03 8.724594806534572626e+02 5.064384168253546932e+02 3.989033428818867719e+02 2.458504083408929262e+02 1.378061485446102665e+02 7.586382324288443613e+01 3.286109298287043146e+01 2.580335376810921844e+00 5.310072887418409948e+01 -1.849445035069880172e-01
4.945808450412810231e+01 3.088971496158048424e+01 1.028107503943325174e+00 3.211978938724652455e+00 6.651858321657113660e-01 6.183882757721432810e+00 2.753809587827820149e+00 -1.564470960560284230e+00 2.598683197392706035e-01 -1.849445035069880172e-01 2.005803076285730846e+00
