1.928396424798292108e+06 1.071149959810173605e+06 7.152446258023696719e+05 4.464172255359988194e+05 2.935490042406045250e+05 1.576797137599609268e+05 7.578095055937458528e+04 4.388877864451176720e+04 1.378673361145044328e+04 5.529774002136720810e+03 1.123970610741785777e+03 1.633603109644552660e+02
1.071149959810173605e+06 8.726163085161509225e+05 4.713861637846092926e+05 2.933615208428680198e+05 1.939862603214350820e+05 1.057682469092633255e+05 5.022436836528633285e+04 2.912633345174136775e+04 1.001071935856451455e+04 3.089673772963893043e+03 8.890814720719845354e+02 1.479039000362627689e+02
7.152446258023696719e+05 4.713861637846092926e+05 4.032736707586728153e+05 1.933047501952099556e+05 1.289353385109175724e+05 6.992222060508118011e+04 3.443828137978688028e+04 1.838609521615629274e+04 5.939439602518251377e+03 2.031802346609057622e+03 6.111877684702856186e+02 5.832105639996770918e+01
4.464172255359988194e+05 2.933615208428680198e+05 1.933047501952099556e+05 1.790847005385450902e+05 8.355811786484943877e+04 4.486963554315541842e+04 2.237345704186578951e+04 1.113360277547268197e+04 3.876257465334144854e+03 1.219202250787414414e+03 3.618949017746078880e+02 6.319814047023128545e+00
2.935490042406045250e+05 1.939862603214350820e+05 1.289353385109175724e+05 8.355811786484943877e+04 8.472410217158876185e+04 2.923603129617578452e+04 1.506788270179075516e+04 7.912024809665088469e+03 2.630641973948100258e+03 7.380769686017040385e+02 3.810651132018836051e+02 -1.160676499405087725e+01
1.576797137599609268e+05 1.057682469092633255e+05 6.992222060508118011e+04 4.486963554315541842e+04 2.923603129617578452e+04 3.100827033557614777e+04 8.251805513443576274e+03 4.065107266381300178e+03 1.168164666406416245e+03 6.471422422764136400e+02 1.152887350512172020e+02 2.358001496890938142e+01
7.578095055937458528e+04 5.022436836528633285e+04 3.443828137978688028e+04 2.237345704186578951e+04 1.506788270179075516e+04 8.251805513443576274e+03 9.905192999907580088e+03 2.353828775808757200e+03 9.582360386579713349e+02 2.790770329158296477e+02 1.257439478800848178e+02 9.599083435086344096e+00
4.388877864451176720e+04 2.912633345174136775e+04 1.838609521615629274e+04 1.113360277547268197e+04 7.912024809665088469e+03 4.065107266381300178e+03 2.353828775808757200e+03 3.683086436112488173e+03 3.241616271605668089e+02 7.911849744312839050e+01 4.819057664279756636e+01 8.678547411851461391e+00
1.378673361145044328e+04 1.001071935856451455e+04 5.939439602518251377e+03 3.876257465334144854e+03 2.630641973948100258e+03 1.168164666406416245e+03 9.582360386579713349e+02 3.241616271605668089e+02 1.014372547646679891e+03 4.693824468311859022e+01 2.409016913043075547e+01 2.189668043098925487e+00
5.529774002136720810e+03 3.089673772963893043e+03 2.031802346609057622e+03 1.219202250787414414e+03 7.380769686017040385e+02 6.471422422764136400e+02 2.790770329158296477e+02 7.911849744312839050e+01 4.693824468311859022e+01 2.118821513167819148e+02 6.432252473381281810e+00 -5.496779769244471842e-02
1.123970610741785777e+03 8.890814720719845354e+02 6.111877684702856186e+02 3.618949017746078880e+02 3.810651132018836051e+02 1.152887350512172020e+02 1.257439478800848178e+02 4.819057664279756636e+01 2.409016913043075547e+01 6.432252473381281810e+00 3.504911062107125019e+01 -1.943047682882969585e-01
1.633603109644552660e+02 1.479039000362627689e+02 5.832105639996770918e+01 6.319814047023128545e+00 -1.160676499405087725e+01 2.358001496890938142e+01 9.599083435086344096e+00 8.678547411851461391e+00 2.189668043098925487e+00 -5.496779769244471842e-02 -1.943047682882969585e-01 2.996528530988165961e+00
