# M_low [Msun/h] M_high[Msun/h] Number M_mean[Msun/h]
1.285141999999999918e+01 1.309267000000000003e+01 3.149040000000000000e+05 9.246878413738791016e+12
1.309267000000000003e+01 1.333390999999999948e+01 1.791180000000000000e+05 1.611109994528746484e+13
1.333390999999999948e+01 1.357515000000000072e+01 9.701100000000000000e+04 2.801986372679386719e+13
1.357515000000000072e+01 1.381639000000000017e+01 4.927600000000000000e+04 4.868607435668479688e+13
1.381639000000000017e+01 1.405763999999999925e+01 2.317200000000000000e+04 8.440372000690489062e+13
1.405763999999999925e+01 1.429888000000000048e+01 9.709000000000000000e+03 1.463036358018333438e+14
1.429888000000000048e+01 1.454011999999999993e+01 3.446000000000000000e+03 2.507474172954149688e+14
1.454011999999999993e+01 1.478135999999999939e+01 9.790000000000000000e+02 4.340147088866190000e+14
1.478135999999999939e+01 1.502261000000000024e+01 1.850000000000000000e+02 7.380000000000000000e+14
1.502261000000000024e+01 1.526384999999999970e+01 2.200000000000000000e+01 1.302631818181818250e+15
