# M_low [Msun/h] M_high[Msun/h] Number M_mean[Msun/h]
1.285141999999999918e+01 1.310005999999999915e+01 3.419940000000000000e+05 9.328499915203191406e+12
1.310005999999999915e+01 1.334871000000000052e+01 1.943450000000000000e+05 1.653760065862255273e+13
1.334871000000000052e+01 1.359735000000000049e+01 1.073240000000000000e+05 2.924778241586225000e+13
1.359735000000000049e+01 1.384599000000000046e+01 5.529900000000000000e+04 5.167248955677317969e+13
1.384599000000000046e+01 1.409463000000000044e+01 2.656000000000000000e+04 9.117326807228915625e+13
1.409463000000000044e+01 1.434327000000000041e+01 1.147000000000000000e+04 1.610282476024411562e+14
1.434327000000000041e+01 1.459191000000000038e+01 4.112000000000000000e+03 2.815128891050583750e+14
1.459191000000000038e+01 1.484055999999999997e+01 1.218000000000000000e+03 4.915046798029556875e+14
1.484055999999999997e+01 1.508919999999999995e+01 2.570000000000000000e+02 8.555175097276265000e+14
1.508919999999999995e+01 1.533783999999999992e+01 2.900000000000000000e+01 1.491244827586207000e+15
