# M_low [Msun/h] M_high[Msun/h] Number M_mean[Msun/h]
1.285141999999999918e+01 1.311097999999999963e+01 3.660030000000000000e+05 9.437534665016406250e+12
1.311097999999999963e+01 1.337053000000000047e+01 2.051630000000000000e+05 1.716214912045544336e+13
1.337053000000000047e+01 1.363007999999999953e+01 1.120910000000000000e+05 3.113074198642174609e+13
1.363007999999999953e+01 1.388963000000000036e+01 5.721900000000000000e+04 5.635635016340725781e+13
1.388963000000000036e+01 1.414917999999999942e+01 2.717600000000000000e+04 1.020540550485722656e+14
1.414917999999999942e+01 1.440873000000000026e+01 1.142500000000000000e+04 1.844780743982494375e+14
1.440873000000000026e+01 1.466829000000000072e+01 4.034000000000000000e+03 3.319776896380763750e+14
1.466829000000000072e+01 1.492783999999999978e+01 1.145000000000000000e+03 5.888341484716157500e+14
1.492783999999999978e+01 1.518739000000000061e+01 2.110000000000000000e+02 1.053526066350710875e+15
1.518739000000000061e+01 1.544693999999999967e+01 2.000000000000000000e+01 1.856725000000000000e+15
