# M_low [Msun/h] M_high[Msun/h] Number M_mean[Msun/h]
1.285141999999999918e+01 1.304993999999999943e+01 1.673550000000000000e+05 8.798775059006304688e+12
1.304993999999999943e+01 1.324845999999999968e+01 9.246100000000000000e+04 1.386632201685034766e+13
1.324845999999999968e+01 1.344697999999999993e+01 4.873300000000000000e+04 2.188252313627316016e+13
1.344697999999999993e+01 1.364550000000000018e+01 2.329200000000000000e+04 3.450081573072299609e+13
1.364550000000000018e+01 1.384401000000000082e+01 1.047500000000000000e+04 5.424000000000000000e+13
1.384401000000000082e+01 1.404252999999999929e+01 4.002000000000000000e+03 8.517866066966517188e+13
1.404252999999999929e+01 1.424104999999999954e+01 1.362000000000000000e+03 1.334749632892804688e+14
1.424104999999999954e+01 1.443956999999999979e+01 3.830000000000000000e+02 2.086599738903394375e+14
1.443956999999999979e+01 1.463808000000000042e+01 7.200000000000000000e+01 3.294650000000000000e+14
1.463808000000000042e+01 1.483660000000000068e+01 5.000000000000000000e+00 5.253540000000000000e+14
