# M_low [Msun/h] M_high[Msun/h] Number M_mean[Msun/h]
1.285141999999999918e+01 1.296926000000000023e+01 5.065000000000000000e+03 8.025774925962487305e+12
1.296926000000000023e+01 1.308709999999999951e+01 2.525000000000000000e+03 1.052605544554455469e+13
1.308709999999999951e+01 1.320495000000000019e+01 1.192000000000000000e+03 1.385094798657718164e+13
1.320495000000000019e+01 1.332278999999999947e+01 4.900000000000000000e+02 1.814122653061224609e+13
1.332278999999999947e+01 1.344063000000000052e+01 1.930000000000000000e+02 2.363294300518134766e+13
1.344063000000000052e+01 1.355846999999999980e+01 8.100000000000000000e+01 3.076112345679012500e+13
1.355846999999999980e+01 1.367631000000000085e+01 2.300000000000000000e+01 4.091439130434782812e+13
1.367631000000000085e+01 1.379415000000000013e+01 8.000000000000000000e+00 5.132137500000000000e+13
1.379415000000000013e+01 1.391198999999999941e+01 1.000000000000000000e+00 7.432900000000000000e+13
