# M_low [Msun/h] M_high[Msun/h] Number M_mean[Msun/h]
1.285141999999999918e+01 1.308361000000000018e+01 2.859270000000000000e+05 9.156218195553410156e+12
1.308361000000000018e+01 1.331579999999999941e+01 1.608360000000000000e+05 1.560788007659976562e+13
1.331579999999999941e+01 1.354799000000000042e+01 8.704600000000000000e+04 2.659879833651173047e+13
1.354799000000000042e+01 1.378017999999999965e+01 4.399100000000000000e+04 4.520040462821940625e+13
1.378017999999999965e+01 1.401235999999999926e+01 2.047200000000000000e+04 7.692746189917935938e+13
1.401235999999999926e+01 1.424455000000000027e+01 8.322000000000000000e+03 1.307868300889209375e+14
1.424455000000000027e+01 1.447673999999999950e+01 2.924000000000000000e+03 2.201040013679890625e+14
1.447673999999999950e+01 1.470893000000000050e+01 8.100000000000000000e+02 3.699867901234568125e+14
1.470893000000000050e+01 1.494111000000000011e+01 1.610000000000000000e+02 6.101226086956521250e+14
1.494111000000000011e+01 1.517329999999999934e+01 1.800000000000000000e+01 1.069425000000000000e+15
