# M_low [Msun/h] M_high[Msun/h] Number M_mean[Msun/h]
1.285141999999999918e+01 1.305587000000000053e+01 1.948790000000000000e+05 8.869749947403259766e+12
1.305587000000000053e+01 1.326032000000000011e+01 1.081290000000000000e+05 1.418697111783147852e+13
1.326032000000000011e+01 1.346476999999999968e+01 5.785200000000000000e+04 2.265169743483371484e+13
1.346476999999999968e+01 1.366921999999999926e+01 2.860000000000000000e+04 3.616846153846153906e+13
1.366921999999999926e+01 1.387365999999999921e+01 1.296700000000000000e+04 5.777417290043957812e+13
1.387365999999999921e+01 1.407811000000000057e+01 5.172000000000000000e+03 9.181241299303943750e+13
1.407811000000000057e+01 1.428256000000000014e+01 1.777000000000000000e+03 1.462024760832864375e+14
1.428256000000000014e+01 1.448700999999999972e+01 4.980000000000000000e+02 2.314783132530120625e+14
1.448700999999999972e+01 1.469145999999999930e+01 1.040000000000000000e+02 3.609652884615384375e+14
1.469145999999999930e+01 1.489589999999999925e+01 1.200000000000000000e+01 6.115050000000000000e+14
