# M_low [Msun/h] M_high[Msun/h] Number M_mean[Msun/h]
1.285141999999999918e+01 1.307160000000000011e+01 2.299950000000000000e+05 9.023317898215177734e+12
1.307160000000000011e+01 1.329176999999999964e+01 1.257960000000000000e+05 1.496672390219084961e+13
1.329176999999999964e+01 1.351193999999999917e+01 6.591600000000000000e+04 2.477099641968566016e+13
1.351193999999999917e+01 1.373212000000000010e+01 3.188700000000000000e+04 4.101031768432276562e+13
1.373212000000000010e+01 1.395228999999999964e+01 1.401000000000000000e+04 6.772275517487508594e+13
1.395228999999999964e+01 1.417245999999999917e+01 5.386000000000000000e+03 1.115903824730783438e+14
1.417245999999999917e+01 1.439264000000000010e+01 1.722000000000000000e+03 1.848300813008130000e+14
1.439264000000000010e+01 1.461280999999999963e+01 4.140000000000000000e+02 3.061833333333333125e+14
1.461280999999999963e+01 1.483297999999999917e+01 7.000000000000000000e+01 4.780062857142856875e+14
1.483297999999999917e+01 1.505316000000000010e+01 9.000000000000000000e+00 8.079766666666666250e+14
