# M_low [Msun/h] M_high[Msun/h] Number M_mean[Msun/h]
1.285141999999999918e+01 1.307820000000000071e+01 2.587480000000000000e+05 9.094555320234359375e+12
1.307820000000000071e+01 1.330498000000000047e+01 1.433870000000000000e+05 1.531649312699198633e+13
1.330498000000000047e+01 1.353175000000000061e+01 7.630600000000000000e+04 2.575472439912982031e+13
1.353175000000000061e+01 1.375853000000000037e+01 3.744100000000000000e+04 4.326927699580673438e+13
1.375853000000000037e+01 1.398531000000000013e+01 1.703800000000000000e+04 7.253245686113393750e+13
1.398531000000000013e+01 1.421208000000000027e+01 6.693000000000000000e+03 1.216871955774690000e+14
1.421208000000000027e+01 1.443886000000000003e+01 2.226000000000000000e+03 2.026132524707996250e+14
1.443886000000000003e+01 1.466563999999999979e+01 5.740000000000000000e+02 3.414933797909407500e+14
1.466563999999999979e+01 1.489240999999999993e+01 9.900000000000000000e+01 5.485044444444444375e+14
1.489240999999999993e+01 1.511918999999999969e+01 1.200000000000000000e+01 9.521425000000000000e+14
