# M_low [Msun/h] M_high[Msun/h] Number M_mean[Msun/h]
1.290174999999999983e+01 1.318097999999999992e+01 3.868350000000000000e+05 1.081868755412514453e+13
1.318097999999999992e+01 1.346021000000000001e+01 2.068180000000000000e+05 2.054381630225608984e+13
1.346021000000000001e+01 1.373944000000000010e+01 1.044690000000000000e+05 3.900703557993280469e+13
1.373944000000000010e+01 1.401867999999999981e+01 4.965900000000000000e+04 7.373906039187257812e+13
1.401867999999999981e+01 1.429790999999999990e+01 2.099300000000000000e+04 1.392464631067498750e+14
1.429790999999999990e+01 1.457713999999999999e+01 7.455000000000000000e+03 2.623263581488933750e+14
1.457713999999999999e+01 1.485637000000000008e+01 2.031000000000000000e+03 4.920117183653372500e+14
1.485637000000000008e+01 1.513560000000000016e+01 3.860000000000000000e+02 9.120028497409326250e+14
1.513560000000000016e+01 1.541483000000000025e+01 3.000000000000000000e+01 1.690300000000000000e+15
1.541483000000000025e+01 1.569406000000000034e+01 1.000000000000000000e+00 3.137600000000000000e+15
