# M_low [Msun/h] M_high[Msun/h] Number M_mean[Msun/h]
1.290174999999999983e+01 1.299286999999999992e+01 4.583000000000000000e+03 8.793179140301113281e+12
1.299286999999999992e+01 1.308398000000000039e+01 2.593000000000000000e+03 1.084088314693405273e+13
1.308398000000000039e+01 1.317510000000000048e+01 1.392000000000000000e+03 1.334134339080459766e+13
1.317510000000000048e+01 1.326620999999999917e+01 7.440000000000000000e+02 1.642068548387096680e+13
1.326620999999999917e+01 1.335732999999999926e+01 3.730000000000000000e+02 2.021227613941018750e+13
1.335732999999999926e+01 1.344843999999999973e+01 1.520000000000000000e+02 2.515161842105263281e+13
1.344843999999999973e+01 1.353955999999999982e+01 8.900000000000000000e+01 3.082624719101123438e+13
1.353955999999999982e+01 1.363067999999999991e+01 2.900000000000000000e+01 3.796420689655172656e+13
1.363067999999999991e+01 1.372179000000000038e+01 1.300000000000000000e+01 4.721753846153846094e+13
1.372179000000000038e+01 1.381291000000000047e+01 9.000000000000000000e+00 5.536688888888889062e+13
