# M_low [Msun/h] M_high[Msun/h] Number M_mean[Msun/h]
1.290174999999999983e+01 1.316074000000000055e+01 3.481250000000000000e+05 1.058956696588868945e+13
1.316074000000000055e+01 1.341971999999999987e+01 1.886770000000000000e+05 1.920729606682319531e+13
1.341971999999999987e+01 1.367871000000000059e+01 9.816400000000000000e+04 3.475399331730573438e+13
1.367871000000000059e+01 1.393768999999999991e+01 4.786800000000000000e+04 6.275641347037686719e+13
1.393768999999999991e+01 1.419668000000000063e+01 2.090800000000000000e+04 1.131275588291562969e+14
1.419668000000000063e+01 1.445565999999999995e+01 7.777000000000000000e+03 2.036017744631605938e+14
1.445565999999999995e+01 1.471465000000000067e+01 2.339000000000000000e+03 3.659753313381786875e+14
1.471465000000000067e+01 1.497363000000000000e+01 5.020000000000000000e+02 6.474705179282868750e+14
1.497363000000000000e+01 1.523262000000000072e+01 6.400000000000000000e+01 1.115728281250000000e+15
1.523262000000000072e+01 1.549160000000000004e+01 6.000000000000000000e+00 2.047000000000000000e+15
