# M_low [Msun/h] M_high[Msun/h] Number M_mean[Msun/h]
1.290174999999999983e+01 1.311749999999999972e+01 2.392480000000000000e+05 1.007701631779575977e+13
1.311749999999999972e+01 1.333323999999999998e+01 1.342930000000000000e+05 1.656131741788477344e+13
1.333323999999999998e+01 1.354898000000000025e+01 7.186300000000000000e+04 2.716500841879687891e+13
1.354898000000000025e+01 1.376473000000000013e+01 3.586300000000000000e+04 4.448732677132420312e+13
1.376473000000000013e+01 1.398047000000000040e+01 1.592000000000000000e+04 7.277971105527637500e+13
1.398047000000000040e+01 1.419621000000000066e+01 6.324000000000000000e+03 1.187310088551549688e+14
1.419621000000000066e+01 1.441194999999999915e+01 2.098000000000000000e+03 1.933923260247855000e+14
1.441194999999999915e+01 1.462770000000000081e+01 5.960000000000000000e+02 3.141031879194630625e+14
1.462770000000000081e+01 1.484343999999999930e+01 1.010000000000000000e+02 5.277292079207920625e+14
1.484343999999999930e+01 1.505917999999999957e+01 1.500000000000000000e+01 8.359266666666666250e+14
