# M_low [Msun/h] M_high[Msun/h] Number M_mean[Msun/h]
1.290174999999999983e+01 1.314362999999999992e+01 3.096740000000000000e+05 1.038659687284047070e+13
1.314362999999999992e+01 1.338551000000000002e+01 1.708160000000000000e+05 1.811489556013488281e+13
1.338551000000000002e+01 1.362739000000000011e+01 9.010600000000000000e+04 3.153418196346525391e+13
1.362739000000000011e+01 1.386927000000000021e+01 4.499700000000000000e+04 5.481727670733604688e+13
1.386927000000000021e+01 1.411115000000000030e+01 1.977700000000000000e+04 9.515244981544218750e+13
1.411115000000000030e+01 1.435303000000000040e+01 7.580000000000000000e+03 1.648184696569920938e+14
1.435303000000000040e+01 1.459490000000000087e+01 2.423000000000000000e+03 2.840630210482872500e+14
1.459490000000000087e+01 1.483677999999999919e+01 5.880000000000000000e+02 4.885260204081632500e+14
1.483677999999999919e+01 1.507865999999999929e+01 9.700000000000000000e+01 8.312316494845361250e+14
1.507865999999999929e+01 1.532053999999999938e+01 1.000000000000000000e+01 1.334220000000000000e+15
