# M_low [Msun/h] M_high[Msun/h] Number M_mean[Msun/h]
1.290174999999999983e+01 1.319214999999999982e+01 4.100770000000000000e+05 1.095657400927142969e+13
1.319214999999999982e+01 1.348254999999999981e+01 2.169660000000000000e+05 2.134929896850197656e+13
1.348254999999999981e+01 1.377294999999999980e+01 1.087820000000000000e+05 4.154058575867331250e+13
1.377294999999999980e+01 1.406334999999999980e+01 5.144500000000000000e+04 8.059078627660607812e+13
1.406334999999999980e+01 1.435374999999999979e+01 2.155800000000000000e+04 1.561675016235272188e+14
1.435374999999999979e+01 1.464414999999999978e+01 7.514000000000000000e+03 3.006353473516103125e+14
1.464414999999999978e+01 1.493454999999999977e+01 2.035000000000000000e+03 5.741144963144963750e+14
1.493454999999999977e+01 1.522494999999999976e+01 3.680000000000000000e+02 1.088611141304347875e+15
1.522494999999999976e+01 1.551534999999999975e+01 2.300000000000000000e+01 1.973591304347826000e+15
1.551534999999999975e+01 1.580574999999999974e+01 1.000000000000000000e+00 3.604800000000000000e+15
