# M_low [Msun/h] M_high[Msun/h] Number M_mean[Msun/h]
1.290174999999999983e+01 1.303256999999999977e+01 3.972400000000000000e+04 9.170886617661867188e+12
1.303256999999999977e+01 1.316338000000000008e+01 2.250300000000000000e+04 1.240155979202773047e+13
1.316338000000000008e+01 1.329419000000000040e+01 1.241800000000000000e+04 1.673817845063617383e+13
1.329419000000000040e+01 1.342501000000000033e+01 6.461000000000000000e+03 2.256381365113759375e+13
1.342501000000000033e+01 1.355582000000000065e+01 3.119000000000000000e+03 3.047819493427380469e+13
1.355582000000000065e+01 1.368664000000000058e+01 1.459000000000000000e+03 4.113008224811514844e+13
1.368664000000000058e+01 1.381744999999999912e+01 5.560000000000000000e+02 5.525582733812950000e+13
1.381744999999999912e+01 1.394825999999999944e+01 1.990000000000000000e+02 7.496804020100503125e+13
1.394825999999999944e+01 1.407907999999999937e+01 6.200000000000000000e+01 9.932962903225806250e+13
1.407907999999999937e+01 1.420988999999999969e+01 1.400000000000000000e+01 1.364778571428571406e+14
