# M_low [Msun/h] M_high[Msun/h] Number M_mean[Msun/h]
1.290174999999999983e+01 1.310490000000000066e+01 2.055480000000000000e+05 9.948255395333449219e+12
1.310490000000000066e+01 1.330804000000000009e+01 1.158140000000000000e+05 1.587281330409104297e+13
1.330804000000000009e+01 1.351117999999999952e+01 6.220800000000000000e+04 2.523538773148148047e+13
1.351117999999999952e+01 1.371432000000000073e+01 3.151800000000000000e+04 4.017380544450789844e+13
1.371432000000000073e+01 1.391746999999999979e+01 1.427300000000000000e+04 6.397725775940587500e+13
1.391746999999999979e+01 1.412060999999999922e+01 5.638000000000000000e+03 1.015545583540262500e+14
1.412060999999999922e+01 1.432375000000000043e+01 1.937000000000000000e+03 1.603512132163138750e+14
1.432375000000000043e+01 1.452688999999999986e+01 5.800000000000000000e+02 2.539453448275862188e+14
1.452688999999999986e+01 1.473004000000000069e+01 1.100000000000000000e+02 4.073914545454545625e+14
1.473004000000000069e+01 1.493318000000000012e+01 2.400000000000000000e+01 6.196650000000000000e+14
