# M_low [Msun/h] M_high[Msun/h] Number M_mean[Msun/h]
1.290174999999999983e+01 1.313225000000000087e+01 2.764240000000000000e+05 1.025446053888229688e+13
1.313225000000000087e+01 1.336275000000000013e+01 1.522000000000000000e+05 1.742640604467805469e+13
1.336275000000000013e+01 1.359323999999999977e+01 8.055700000000000000e+04 2.953312561292004297e+13
1.359323999999999977e+01 1.382374000000000080e+01 4.020300000000000000e+04 5.001870507176081250e+13
1.382374000000000080e+01 1.405424000000000007e+01 1.730700000000000000e+04 8.463373201594729688e+13
1.405424000000000007e+01 1.428472999999999971e+01 6.668000000000000000e+03 1.425227954409118125e+14
1.428472999999999971e+01 1.451523000000000074e+01 2.173000000000000000e+03 2.403244362632305625e+14
1.451523000000000074e+01 1.474572000000000038e+01 5.280000000000000000e+02 4.028219696969696875e+14
1.474572000000000038e+01 1.497621999999999964e+01 9.700000000000000000e+01 6.847343298969072500e+14
1.497621999999999964e+01 1.520672000000000068e+01 6.000000000000000000e+00 1.144500000000000000e+15
