# M_low [Msun/h] M_high[Msun/h] Number M_mean[Msun/h]
1.278213000000000044e+01 1.293157000000000068e+01 4.399500000000000000e+04 7.102807137174678711e+12
1.293157000000000068e+01 1.308100999999999914e+01 2.392600000000000000e+04 1.002311711109253516e+13
1.308100999999999914e+01 1.323046000000000078e+01 1.236300000000000000e+04 1.411088732508290820e+13
1.323046000000000078e+01 1.337989999999999924e+01 6.051000000000000000e+03 1.990080978350685938e+13
1.337989999999999924e+01 1.352933999999999948e+01 2.597000000000000000e+03 2.789170966499807422e+13
1.352933999999999948e+01 1.367877999999999972e+01 1.088000000000000000e+03 3.927336397058823438e+13
1.367877999999999972e+01 1.382822999999999958e+01 3.580000000000000000e+02 5.458592178770950000e+13
1.382822999999999958e+01 1.397766999999999982e+01 1.140000000000000000e+02 7.720420175438596875e+13
1.397766999999999982e+01 1.412711000000000006e+01 2.500000000000000000e+01 1.116426000000000000e+14
1.412711000000000006e+01 1.427655000000000030e+01 6.000000000000000000e+00 1.593433333333333438e+14
