# M_low [Msun/h] M_high[Msun/h] Number M_mean[Msun/h]
1.278213000000000044e+01 1.302403999999999940e+01 2.957890000000000000e+05 7.892227229545385742e+12
1.302403999999999940e+01 1.326595999999999975e+01 1.652380000000000000e+05 1.376048487636016016e+13
1.326595999999999975e+01 1.350788000000000011e+01 8.971300000000000000e+04 2.396978141406485156e+13
1.350788000000000011e+01 1.374979000000000084e+01 4.538800000000000000e+04 4.171252313386798438e+13
1.374979000000000084e+01 1.399170999999999943e+01 2.159300000000000000e+04 7.235743064882137500e+13
1.399170999999999943e+01 1.423362000000000016e+01 8.986000000000000000e+03 1.255761184064099688e+14
1.423362000000000016e+01 1.447554000000000052e+01 3.225000000000000000e+03 2.175477519379845000e+14
1.447554000000000052e+01 1.471746000000000087e+01 8.960000000000000000e+02 3.719098214285714375e+14
1.471746000000000087e+01 1.495936999999999983e+01 1.970000000000000000e+02 6.376390862944162500e+14
1.495936999999999983e+01 1.520129000000000019e+01 2.900000000000000000e+01 1.054383103448275875e+15
