# M_low [Msun/h] M_high[Msun/h] Number M_mean[Msun/h]
1.278213000000000044e+01 1.300383000000000067e+01 2.374520000000000000e+05 7.710981587857756836e+12
1.300383000000000067e+01 1.322552999999999912e+01 1.322290000000000000e+05 1.284347609072140039e+13
1.322552999999999912e+01 1.344721999999999973e+01 7.109400000000000000e+04 2.132254479984246094e+13
1.344721999999999973e+01 1.366891999999999996e+01 3.594800000000000000e+04 3.545871814843663281e+13
1.366891999999999996e+01 1.389062000000000019e+01 1.681300000000000000e+04 5.878142508772973438e+13
1.389062000000000019e+01 1.411232000000000042e+01 6.962000000000000000e+03 9.731663315139328125e+13
1.411232000000000042e+01 1.433402000000000065e+01 2.432000000000000000e+03 1.607088815789473750e+14
1.433402000000000065e+01 1.455572000000000088e+01 6.810000000000000000e+02 2.646538913362701875e+14
1.455572000000000088e+01 1.477740999999999971e+01 1.530000000000000000e+02 4.421594771241830000e+14
1.477740999999999971e+01 1.499910999999999994e+01 1.800000000000000000e+01 7.157811111111111250e+14
