# M_low [Msun/h] M_high[Msun/h] Number M_mean[Msun/h]
1.278213000000000044e+01 1.304676000000000080e+01 3.613630000000000000e+05 8.097068598611368164e+12
1.304676000000000080e+01 1.331137999999999977e+01 2.040310000000000000e+05 1.487198023829712109e+13
1.331137999999999977e+01 1.357601000000000013e+01 1.115950000000000000e+05 2.732248756664725000e+13
1.357601000000000013e+01 1.384063000000000088e+01 5.804800000000000000e+04 5.015786934950385938e+13
1.384063000000000088e+01 1.410525999999999947e+01 2.821800000000000000e+04 9.175533347508682812e+13
1.410525999999999947e+01 1.436988999999999983e+01 1.261000000000000000e+04 1.674975416336240938e+14
1.436988999999999983e+01 1.463451000000000057e+01 4.616000000000000000e+03 3.056700606585788750e+14
1.463451000000000057e+01 1.489913999999999916e+01 1.419000000000000000e+03 5.513112050739957500e+14
1.489913999999999916e+01 1.516376999999999953e+01 3.330000000000000000e+02 9.937708708708708750e+14
1.516376999999999953e+01 1.542839000000000027e+01 4.300000000000000000e+01 1.766106976744186000e+15
