# M_low [Msun/h] M_high[Msun/h] Number M_mean[Msun/h]
1.278213000000000044e+01 1.299329000000000001e+01 2.072750000000000000e+05 7.619114702689663086e+12
1.299329000000000001e+01 1.320443999999999996e+01 1.154470000000000000e+05 1.238155170771003125e+13
1.320443999999999996e+01 1.341559999999999953e+01 6.212800000000000000e+04 2.008295776461498828e+13
1.341559999999999953e+01 1.362676000000000087e+01 3.123300000000000000e+04 3.257452053917330859e+13
1.362676000000000087e+01 1.383791000000000082e+01 1.463000000000000000e+04 5.274348598769651562e+13
1.383791000000000082e+01 1.404907000000000039e+01 6.011000000000000000e+03 8.508788887040426562e+13
1.404907000000000039e+01 1.426022999999999996e+01 2.133000000000000000e+03 1.373348335677449531e+14
1.426022999999999996e+01 1.447137999999999991e+01 6.180000000000000000e+02 2.210147249190938438e+14
1.447137999999999991e+01 1.468253999999999948e+01 1.390000000000000000e+02 3.611242446043165625e+14
1.468253999999999948e+01 1.489370000000000083e+01 1.800000000000000000e+01 5.355850000000000000e+14
