# M_low [Msun/h] M_high[Msun/h] Number M_mean[Msun/h]
1.278213000000000044e+01 1.289192000000000071e+01 5.271000000000000000e+03 6.802479605387971680e+12
1.289192000000000071e+01 1.300172000000000061e+01 2.803000000000000000e+03 8.739036746343204102e+12
1.300172000000000061e+01 1.311151000000000089e+01 1.442000000000000000e+03 1.121351595006934766e+13
1.311151000000000089e+01 1.322131000000000078e+01 6.330000000000000000e+02 1.449545497630331836e+13
1.322131000000000078e+01 1.333111000000000068e+01 2.850000000000000000e+02 1.852316491228070312e+13
1.333111000000000068e+01 1.344089999999999918e+01 1.290000000000000000e+02 2.387289147286821875e+13
1.344089999999999918e+01 1.355070000000000086e+01 3.700000000000000000e+01 3.120881081081081250e+13
1.355070000000000086e+01 1.366048999999999936e+01 1.200000000000000000e+01 3.946483333333333594e+13
1.366048999999999936e+01 1.377028999999999925e+01 5.000000000000000000e+00 4.830840000000000000e+13
1.377028999999999925e+01 1.388007999999999953e+01 2.000000000000000000e+00 6.833300000000000000e+13
