# M_low [Msun/h] M_high[Msun/h] Number M_mean[Msun/h]
1.278213000000000044e+01 1.303400000000000070e+01 3.236430000000000000e+05 7.984625034374294922e+12
1.303400000000000070e+01 1.328586999999999918e+01 1.805790000000000000e+05 1.423616810371084180e+13
1.328586999999999918e+01 1.353775000000000084e+01 9.810900000000000000e+04 2.535750033126420703e+13
1.353775000000000084e+01 1.378961999999999932e+01 5.029100000000000000e+04 4.518742916227555469e+13
1.378961999999999932e+01 1.404148999999999958e+01 2.399800000000000000e+04 8.028056504708725000e+13
1.404148999999999958e+01 1.429336999999999946e+01 1.007300000000000000e+04 1.425786756676263125e+14
1.429336999999999946e+01 1.454523999999999972e+01 3.559000000000000000e+03 2.524593144141612812e+14
1.454523999999999972e+01 1.479710999999999999e+01 1.058000000000000000e+03 4.427021739130435000e+14
1.479710999999999999e+01 1.504898000000000025e+01 2.140000000000000000e+02 7.669808411214953750e+14
1.504898000000000025e+01 1.530086000000000013e+01 3.300000000000000000e+01 1.318406060606060500e+15
