2.021516749602842377e+06 1.225165654562192038e+06 8.264070246095280163e+05 5.038366902800550452e+05 3.560179378689624136e+05 1.970889805390394758e+05 1.043932925297839247e+05 5.181549207853722328e+04 2.170997853869076062e+04 7.378357322920935985e+03 1.140370222847714103e+03 -2.121222260378962332e+01
1.225165654562192038e+06 9.980747657829442760e+05 5.814523610049601411e+05 3.482270805360121303e+05 2.467197031466471963e+05 1.401858300710442127e+05 7.192095716821862152e+04 3.479168199238838133e+04 1.439857676080540659e+04 4.625919923072020538e+03 1.079387179519280608e+03 1.143297333603280492e+02
8.264070246095280163e+05 5.814523610049601411e+05 5.056520466515818262e+05 2.360569025392337644e+05 1.666349558649398386e+05 8.810137139236026269e+04 5.174713561330055381e+04 2.345784942917100489e+04 9.800915290055751029e+03 3.869269604110791533e+03 7.320322823838237127e+02 4.202631253156077662e+01
5.038366902800550452e+05 3.482270805360121303e+05 2.360569025392337644e+05 2.024727776429650548e+05 1.051118744065152423e+05 5.760201723861467326e+04 3.092428901072546068e+04 1.409746659810469282e+04 5.708534067145680638e+03 2.151964150876276562e+03 4.726859785260183457e+02 2.768143047297684589e+01
3.560179378689624136e+05 2.467197031466471963e+05 1.666349558649398386e+05 1.051118744065152423e+05 1.077891990771013952e+05 4.238825247972603393e+04 2.142698905080502664e+04 1.052236517810859368e+04 5.121771310639910553e+03 1.393015537997058573e+03 2.464835762417120577e+02 6.336278408591879696e+01
1.970889805390394758e+05 1.401858300710442127e+05 8.810137139236026269e+04 5.760201723861467326e+04 4.238825247972603393e+04 4.121119308610352891e+04 1.207943451746728715e+04 5.570445472727503329e+03 2.702624671186516935e+03 8.770140897606248700e+02 1.105841821479495621e+02 6.141769194123722286e+01
1.043932925297839247e+05 7.192095716821862152e+04 5.174713561330055381e+04 3.092428901072546068e+04 2.142698905080502664e+04 1.207943451746728715e+04 1.500532314800934910e+04 3.743435639261136203e+03 1.379956450276609985e+03 4.639851757484644850e+02 1.120215394905407038e+02 2.520480946071537076e+01
5.181549207853722328e+04 3.479168199238838133e+04 2.345784942917100489e+04 1.409746659810469282e+04 1.052236517810859368e+04 5.570445472727503329e+03 3.743435639261136203e+03 4.525937011664188503e+03 6.492635573073151818e+02 2.481653494706125684e+02 3.965202743070633318e+01 3.261330763430911883e+00
2.170997853869076062e+04 1.439857676080540659e+04 9.800915290055751029e+03 5.708534067145680638e+03 5.121771310639910553e+03 2.702624671186516935e+03 1.379956450276609985e+03 6.492635573073151818e+02 1.362587395892400764e+03 1.217858525687377949e+02 1.308204489028648609e+01 6.391156937667245685e+00
7.378357322920935985e+03 4.625919923072020538e+03 3.869269604110791533e+03 2.151964150876276562e+03 1.393015537997058573e+03 8.770140897606248700e+02 4.639851757484644850e+02 2.481653494706125684e+02 1.217858525687377949e+02 3.210167157230179669e+02 3.944216609762083880e+00 -1.431613955551452211e+00
1.140370222847714103e+03 1.079387179519280608e+03 7.320322823838237127e+02 4.726859785260183457e+02 2.464835762417120577e+02 1.105841821479495621e+02 1.120215394905407038e+02 3.965202743070633318e+01 1.308204489028648609e+01 3.944216609762083880e+00 4.662278742154685318e+01 -7.705176559571761397e-01
-2.121222260378962332e+01 1.143297333603280492e+02 4.202631253156077662e+01 2.768143047297684589e+01 6.336278408591879696e+01 6.141769194123722286e+01 2.520480946071537076e+01 3.261330763430911883e+00 6.391156937667245685e+00 -1.431613955551452211e+00 -7.705176559571761397e-01 7.922554117851094091e+00
