2.106043165950010065e+06 1.294650830166868167e+06 9.305663342895328533e+05 5.848468661195377354e+05 3.952193962492493447e+05 2.497435455287075019e+05 1.626863808885595063e+05 8.039143330486865307e+04 3.893368619146171113e+04 1.832603962147932180e+04 6.585370858721118566e+03 1.380331968704264682e+03 9.916824767057948975e+01
1.294650830166868167e+06 1.121843340979807544e+06 6.529877306536119431e+05 4.287962696221102960e+05 2.848007563696359866e+05 1.851044362115550321e+05 1.146158649821300060e+05 5.878818466534348408e+04 2.698963781541786011e+04 1.367461625836301755e+04 4.287956127618818755e+03 8.363007188238095750e+02 9.175651134914032525e+01
9.305663342895328533e+05 6.529877306536119431e+05 6.020095454904489452e+05 2.943953470766453538e+05 2.010365085305295943e+05 1.339193302721741493e+05 7.972923584085673792e+04 4.097453719923007156e+04 1.938452184236511312e+04 9.134941486897279901e+03 3.526159045040667479e+03 7.208795922197556365e+02 1.772542231374487187e+00
5.848468661195377354e+05 4.287962696221102960e+05 2.943953470766453538e+05 2.762745635318334680e+05 1.316330292239921109e+05 8.197397626387301716e+04 5.538823298010991130e+04 2.723856431309485561e+04 1.270489252109141489e+04 5.589564868394198129e+03 2.402598642008808383e+03 3.619495942493989560e+02 4.055670742682395513e+01
3.952193962492493447e+05 2.848007563696359866e+05 2.010365085305295943e+05 1.316330292239921109e+05 1.291396387728221016e+05 5.670343774724804825e+04 3.693881932130904170e+04 1.884959447918681690e+04 7.702684226852446045e+03 4.176301653256434292e+03 1.568566541947941005e+03 3.780495325921591530e+02 5.501155403050535142e+01
2.497435455287075019e+05 1.851044362115550321e+05 1.339193302721741493e+05 8.197397626387301716e+04 5.670343774724804825e+04 6.400163724862821982e+04 2.439320854316454643e+04 1.274114336265496968e+04 6.178611632155052575e+03 2.907392787251802929e+03 1.066505719570590145e+03 1.765797159171368378e+02 3.068223543874208303e+01
1.626863808885595063e+05 1.146158649821300060e+05 7.972923584085673792e+04 5.538823298010991130e+04 3.693881932130904170e+04 2.439320854316454643e+04 2.676566808490967378e+04 8.023163391683967347e+03 3.645288000581991128e+03 1.497996223972769485e+03 5.046137537769726578e+02 1.306171468399677451e+02 1.774895163544827881e+01
8.039143330486865307e+04 5.878818466534348408e+04 4.097453719923007156e+04 2.723856431309485561e+04 1.884959447918681690e+04 1.274114336265496968e+04 8.023163391683967347e+03 9.642674836569567560e+03 2.118956591005644441e+03 9.286846787504454142e+02 3.567947120300469805e+02 6.113898154495285553e+01 1.340387023640347230e+01
3.893368619146171113e+04 2.698963781541786011e+04 1.938452184236511312e+04 1.270489252109141489e+04 7.702684226852446045e+03 6.178611632155052575e+03 3.645288000581991128e+03 2.118956591005644441e+03 3.130215463329265731e+03 4.037631596080004783e+02 1.067917478869955659e+02 3.871357723047992749e+01 -7.529382929753936082e-01
1.832603962147932180e+04 1.367461625836301755e+04 9.134941486897279901e+03 5.589564868394198129e+03 4.176301653256434292e+03 2.907392787251802929e+03 1.497996223972769485e+03 9.286846787504454142e+02 4.037631596080004783e+02 9.677276664841176625e+02 1.023329414332813911e+02 1.488033517028496533e+01 3.921553609258698891e-02
6.585370858721118566e+03 4.287956127618818755e+03 3.526159045040667479e+03 2.402598642008808383e+03 1.568566541947941005e+03 1.066505719570590145e+03 5.046137537769726578e+02 3.567947120300469805e+02 1.067917478869955659e+02 1.023329414332813911e+02 2.403677069251419880e+02 2.247050218098122443e+00 -1.552935229261530159e+00
1.380331968704264682e+03 8.363007188238095750e+02 7.208795922197556365e+02 3.619495942493989560e+02 3.780495325921591530e+02 1.765797159171368378e+02 1.306171468399677451e+02 6.113898154495285553e+01 3.871357723047992749e+01 1.488033517028496533e+01 2.247050218098122443e+00 3.099399895067803357e+01 -2.588225382102550265e-01
9.916824767057948975e+01 9.175651134914032525e+01 1.772542231374487187e+00 4.055670742682395513e+01 5.501155403050535142e+01 3.068223543874208303e+01 1.774895163544827881e+01 1.340387023640347230e+01 -7.529382929753936082e-01 3.921553609258698891e-02 -1.552935229261530159e+00 -2.588225382102550265e-01 3.984298466994228072e+00
