1.172369810298657976e+06 5.710166063875538530e+05 3.479414908214189345e+05 1.928772218761030817e+05 9.628500429042929318e+04 3.967553938173805363e+04 1.267166734053475193e+04 4.289386614494708738e+03 6.210807847906938832e+02 9.597747671658842705e+01
5.710166063875538530e+05 4.054939299926552922e+05 1.992983909947930370e+05 1.098793628958665358e+05 5.296098211293203349e+04 2.386600565536374052e+04 6.924686870329393059e+03 2.492893853266175483e+03 3.686016184234892421e+02 1.177045100548748451e+02
3.479414908214189345e+05 1.992983909947930370e+05 1.663999399238874321e+05 6.652091783719031082e+04 3.330878470751162240e+04 1.447894797735304928e+04 4.090386376431886220e+03 1.596674447681181164e+03 2.634956856797180649e+02 8.527303801864573529e+01
1.928772218761030817e+05 1.098793628958665358e+05 6.652091783719031082e+04 5.980830025759604177e+04 1.819282045535046200e+04 8.210970477453553031e+03 2.277853805115435534e+03 9.994506051563939764e+02 2.582670558281469653e+02 3.403064068570667189e+01
9.628500429042929318e+04 5.296098211293203349e+04 3.330878470751162240e+04 1.819282045535046200e+04 1.891250175188462526e+04 3.820766702624162008e+03 1.324102826393471332e+03 4.279193447604430958e+02 1.341674904610937347e+02 1.150173778420583837e+01
3.967553938173805363e+04 2.386600565536374052e+04 1.447894797735304928e+04 8.210970477453553031e+03 3.820766702624162008e+03 4.949710157297889964e+03 5.348238595649615945e+02 1.839684277289998988e+02 5.765774822820070966e+01 1.080324677379080534e+01
1.267166734053475193e+04 6.924686870329393059e+03 4.090386376431886220e+03 2.277853805115435534e+03 1.324102826393471332e+03 5.348238595649615945e+02 1.101369734888715811e+03 3.610329462753701080e+01 2.306052292136961057e+00 2.037652804736283851e+00
4.289386614494708738e+03 2.492893853266175483e+03 1.596674447681181164e+03 9.994506051563939764e+02 4.279193447604430958e+02 1.839684277289998988e+02 3.610329462753701080e+01 2.870161026357089327e+02 6.203480765458031065e+00 -1.373858939268550738e+00
6.210807847906938832e+02 3.686016184234892421e+02 2.634956856797180649e+02 2.582670558281469653e+02 1.341674904610937347e+02 5.765774822820070966e+01 2.306052292136961057e+00 6.203480765458031065e+00 3.856519356949538491e+01 -2.180629998170813821e-01
9.597747671658842705e+01 1.177045100548748451e+02 8.527303801864573529e+01 3.403064068570667189e+01 1.150173778420583837e+01 1.080324677379080534e+01 2.037652804736283851e+00 -1.373858939268550738e+00 -2.180629998170813821e-01 2.998657968159051723e+00
