1.630027887072846061e+06 8.669827895211544819e+05 5.313674905619503697e+05 3.233946991489502834e+05 1.782198753880601726e+05 9.180667547078050848e+04 3.587630221457844891e+04 1.194344966327654402e+04 4.853418082392935503e+03 3.765892324277737089e+02 1.196125982330647162e+02
8.669827895211544819e+05 6.757023462616918841e+05 3.265001123243872426e+05 2.053476190120844112e+05 1.157489798318200628e+05 5.845820077699508693e+04 2.156958798511527493e+04 7.483990532444146083e+03 3.016847894276561874e+03 2.864403212570796313e+02 4.703620203575863457e+01
5.313674905619503697e+05 3.265001123243872426e+05 2.684950587011371390e+05 1.244493621455815010e+05 6.749956967216137855e+04 3.388430076915497193e+04 1.424378832789590524e+04 4.846887511244992311e+03 1.613939820056615645e+03 2.395401770770198482e+02 2.115056551350985004e+01
3.233946991489502834e+05 2.053476190120844112e+05 1.244493621455815010e+05 1.121783302061494906e+05 4.212167331549101073e+04 2.167497548143261156e+04 8.190551299192986335e+03 2.938125936288910907e+03 1.204228004489559908e+03 1.655457897987697891e+02 8.171157079486741637e+00
1.782198753880601726e+05 1.157489798318200628e+05 6.749956967216137855e+04 4.212167331549101073e+04 4.014309667384040949e+04 1.219897977713122782e+04 4.729765999944368559e+03 1.997879107249430717e+03 7.937385262696158179e+02 8.606179343802817527e+01 3.389116421026907489e+01
9.180667547078050848e+04 5.845820077699508693e+04 3.388430076915497193e+04 2.167497548143261156e+04 1.219897977713122782e+04 1.433188315699461600e+04 2.393911249748687624e+03 1.047508347778234793e+03 1.358292689253914602e+02 4.560105181677644026e+01 1.463696640641961011e+01
3.587630221457844891e+04 2.156958798511527493e+04 1.424378832789590524e+04 8.190551299192986335e+03 4.729765999944368559e+03 2.393911249748687624e+03 3.790948554062474159e+03 2.959947356113649448e+02 1.347846835872608438e+02 3.196721036379219782e+01 9.430712807706386869e+00
1.194344966327654402e+04 7.483990532444146083e+03 4.846887511244992311e+03 2.938125936288910907e+03 1.997879107249430717e+03 1.047508347778234793e+03 2.959947356113649448e+02 9.467186868172392451e+02 3.904326994496599923e+01 2.441097937551816699e+00 1.996417910414115759e+00
4.853418082392935503e+03 3.016847894276561874e+03 1.613939820056615645e+03 1.204228004489559908e+03 7.937385262696158179e+02 1.358292689253914602e+02 1.347846835872608438e+02 3.904326994496599923e+01 2.128939880144515087e+02 -7.956142697367176719e-01 -1.437648657548917575e+00
3.765892324277737089e+02 2.864403212570796313e+02 2.395401770770198482e+02 1.655457897987697891e+02 8.606179343802817527e+01 4.560105181677644026e+01 3.196721036379219782e+01 2.441097937551816699e+00 -7.956142697367176719e-01 1.839505080578470597e+01 -1.492135301525802094e-01
1.196125982330647162e+02 4.703620203575863457e+01 2.115056551350985004e+01 8.171157079486741637e+00 3.389116421026907489e+01 1.463696640641961011e+01 9.430712807706386869e+00 1.996417910414115759e+00 -1.437648657548917575e+00 -1.492135301525802094e-01 3.988526280982211958e+00
