1.888154742672879947e+06 1.114991661874441896e+06 7.232950951683539897e+05 4.419779553268741001e+05 2.769294682418680750e+05 1.669059757237386075e+05 7.431238719858328113e+04 3.572507763246211107e+04 1.292606359778110527e+04 2.827744585708624072e+03 6.392054828903116004e+02 7.735483410209612032e+01
1.114991661874441896e+06 9.152738173937305110e+05 4.955064053480282309e+05 2.984564229580154060e+05 1.890493908715051657e+05 1.107696569623235118e+05 5.322516947026965499e+04 2.379310673790741930e+04 7.984693968588137068e+03 1.808673098144026881e+03 5.654271571045536575e+02 1.444074407306350416e+01
7.232950951683539897e+05 4.955064053480282309e+05 4.136453579310795758e+05 1.963435394364118692e+05 1.264047633324814378e+05 7.544421157851064345e+04 3.447422722002874798e+04 1.554638195244706731e+04 5.888096931116124324e+03 1.414369668510151314e+03 4.060902435979839993e+02 8.027373381294275134e+01
4.419779553268741001e+05 2.984564229580154060e+05 1.963435394364118692e+05 1.712419443566914706e+05 8.100844523216146627e+04 4.371348627320946252e+04 2.104140543042484205e+04 8.894711265769054080e+03 3.235780493876966830e+03 7.454751584433109883e+02 1.836428460358713153e+02 3.525210505656410476e+01
2.769294682418680750e+05 1.890493908715051657e+05 1.264047633324814378e+05 8.100844523216146627e+04 7.814028114545320568e+04 3.151296079458886015e+04 1.416872438778604374e+04 5.917539139049152254e+03 2.482130099312572383e+03 5.989477181327514472e+02 1.592013354720117206e+02 3.256965529667050419e+01
1.669059757237386075e+05 1.107696569623235118e+05 7.544421157851064345e+04 4.371348627320946252e+04 3.151296079458886015e+04 3.106519189245803136e+04 8.740673503783787964e+03 3.935480752115268388e+03 1.631146830081989719e+03 3.055599992426268727e+02 6.320807120677981317e+01 1.730375836908191900e+01
7.431238719858328113e+04 5.322516947026965499e+04 3.447422722002874798e+04 2.104140543042484205e+04 1.416872438778604374e+04 8.740673503783787964e+03 9.812765990411957318e+03 1.768424513117850438e+03 7.450984864700973276e+02 1.114604409373544769e+02 4.667284597355095599e+01 1.241785119623497735e+01
3.572507763246211107e+04 2.379310673790741930e+04 1.554638195244706731e+04 8.894711265769054080e+03 5.917539139049152254e+03 3.935480752115268388e+03 1.768424513117850438e+03 2.975061539558015738e+03 2.088587829940060487e+02 9.112211114387157807e+01 1.315728438195529648e+01 7.858838926317692625e-03
1.292606359778110527e+04 7.984693968588137068e+03 5.888096931116124324e+03 3.235780493876966830e+03 2.482130099312572383e+03 1.631146830081989719e+03 7.450984864700973276e+02 2.088587829940060487e+02 8.124201811898105916e+02 3.331976854514807940e+01 -8.091647293234619509e-01 3.538686541244397965e+00
2.827744585708624072e+03 1.808673098144026881e+03 1.414369668510151314e+03 7.454751584433109883e+02 5.989477181327514472e+02 3.055599992426268727e+02 1.114604409373544769e+02 9.112211114387157807e+01 3.331976854514807940e+01 1.429500318145036886e+02 -5.104687080690544221e-01 -5.535953898461339895e-01
6.392054828903116004e+02 5.654271571045536575e+02 4.060902435979839993e+02 1.836428460358713153e+02 1.592013354720117206e+02 6.320807120677981317e+01 4.667284597355095599e+01 1.315728438195529648e+01 -8.091647293234619509e-01 -5.104687080690544221e-01 1.931434930721382770e+01 -7.850413886503947170e-02
7.735483410209612032e+01 1.444074407306350416e+01 8.027373381294275134e+01 3.525210505656410476e+01 3.256965529667050419e+01 1.730375836908191900e+01 1.241785119623497735e+01 7.858838926317692625e-03 3.538686541244397965e+00 -5.535953898461339895e-01 -7.850413886503947170e-02 2.001613926997794390e+00
