9.030206147985981079e+05 4.378736141904133838e+05 2.591260244747265242e+05 1.317491303583859699e+05 6.342208464070253831e+04 2.585167655141629075e+04 8.657703530203238188e+03 1.746797322023527158e+03 2.752322243941620172e+02 2.222825853891890802e+01
4.378736141904133838e+05 3.424030862572268234e+05 1.547419843778259528e+05 7.841358191934334172e+04 3.792114429947738972e+04 1.427357955352649697e+04 5.019511240360150623e+03 1.109580172759717698e+03 2.027547214867603884e+02 -1.740650071395551635e+01
2.591260244747265242e+05 1.547419843778259528e+05 1.319982584422872169e+05 4.793652050093152502e+04 2.205743108021057560e+04 8.817447080328847733e+03 3.346579573467598948e+03 5.843206867524215795e+02 5.004780693599997932e+01 1.212269105626289534e+00
1.317491303583859699e+05 7.841358191934334172e+04 4.793652050093152502e+04 4.217488816860489896e+04 1.232278975076506867e+04 4.503730774984244817e+03 1.930440350611918120e+03 4.519462049957149361e+02 1.168981221278824307e+02 8.383028596814444455e+00
6.342208464070253831e+04 3.792114429947738972e+04 2.205743108021057560e+04 1.232278975076506867e+04 1.327156906301797790e+04 2.368169595584062336e+03 8.080835133390393139e+02 1.995720921877398837e+02 5.277029515378669799e+01 -1.267863910990798759e+00
2.585167655141629075e+04 1.427357955352649697e+04 8.817447080328847733e+03 4.503730774984244817e+03 2.368169595584062336e+03 3.031371823160918666e+03 2.907591571495127027e+02 9.189467921507269921e+01 4.747285991684141671e+00 1.751637859660076124e+00
8.657703530203238188e+03 5.019511240360150623e+03 3.346579573467598948e+03 1.930440350611918120e+03 8.080835133390393139e+02 2.907591571495127027e+02 7.538434657991336962e+02 3.871330353418826320e+01 7.552335773332387703e+00 -2.230582535617683104e-01
1.746797322023527158e+03 1.109580172759717698e+03 5.843206867524215795e+02 4.519462049957149361e+02 1.995720921877398837e+02 9.189467921507269921e+01 3.871330353418826320e+01 9.172869897244657977e+01 1.073183167089974743e+00 -1.853443081100221157e-01
2.752322243941620172e+02 2.027547214867603884e+02 5.004780693599997932e+01 1.168981221278824307e+02 5.277029515378669799e+01 4.747285991684141671e+00 7.552335773332387703e+00 1.073183167089974743e+00 1.766167489268357471e+01 -3.152247483223333258e-02
2.222825853891890802e+01 -1.740650071395551635e+01 1.212269105626289534e+00 8.383028596814444455e+00 -1.267863910990798759e+00 1.751637859660076124e+00 -2.230582535617683104e-01 -1.853443081100221157e-01 -3.152247483223333258e-02 1.006230950440153871e+00
