1.885088637620093301e+06 1.102433870213389397e+06 7.446722011021578219e+05 5.254722307589199627e+05 3.018624459311856772e+05 1.914467903538954561e+05 1.128431011829786585e+05 5.183507011691926891e+04 2.436172238923695113e+04 8.453551939522734756e+03 2.718287629106891927e+03 3.221791583211798411e+02
1.102433870213389397e+06 9.347657672266256995e+05 5.134907570359676611e+05 3.645200628367492463e+05 2.165875176029325812e+05 1.316336625548964657e+05 7.918683791804719658e+04 3.824160844971993356e+04 1.652311711428690251e+04 5.660903810876585339e+03 1.330340003293466452e+03 7.841538597051683723e+01
7.446722011021578219e+05 5.134907570359676611e+05 4.677264577877423144e+05 2.559190356041740451e+05 1.494241473646232334e+05 9.316982162292048451e+04 5.623705129805419710e+04 2.620242710467424331e+04 1.164050836202329629e+04 3.850714664848733719e+03 7.984047855208661986e+02 7.154482404708724630e+01
5.254722307589199627e+05 3.645200628367492463e+05 2.559190356041740451e+05 2.357107208382266690e+05 1.089587827252453135e+05 6.517178178698524425e+04 4.050999388023040228e+04 1.962287387073352875e+04 7.889005081935105409e+03 2.941980890085426836e+03 7.373148233960536118e+02 8.269772251178950739e+01
3.018624459311856772e+05 2.165875176029325812e+05 1.494241473646232334e+05 1.089587827252453135e+05 1.029641841138723830e+05 3.915261672557709971e+04 2.370628960520093096e+04 1.174491384453889259e+04 4.866636264413608842e+03 2.045670597156041367e+03 4.180454578528609204e+02 6.577229713427689717e+01
1.914467903538954561e+05 1.316336625548964657e+05 9.316982162292048451e+04 6.517178178698524425e+04 3.915261672557709971e+04 4.263051713190194278e+04 1.405929909888442489e+04 7.496757564500354420e+03 3.705574044216899892e+03 1.158709288031178858e+03 3.517241432132895511e+02 5.913702842743234989e+00
1.128431011829786585e+05 7.918683791804719658e+04 5.623705129805419710e+04 4.050999388023040228e+04 2.370628960520093096e+04 1.405929909888442489e+04 1.921610680106060317e+04 5.086729539178910272e+03 2.300955894010747215e+03 8.095341546639126591e+02 2.702577885348110271e+02 1.885482975325558996e+01
5.183507011691926891e+04 3.824160844971993356e+04 2.620242710467424331e+04 1.962287387073352875e+04 1.174491384453889259e+04 7.496757564500354420e+03 5.086729539178910272e+03 5.823065934949410803e+03 1.182438608920726892e+03 3.019910003408319881e+02 1.129642732679457424e+02 7.890165861803302150e+00
2.436172238923695113e+04 1.652311711428690251e+04 1.164050836202329629e+04 7.889005081935105409e+03 4.866636264413608842e+03 3.705574044216899892e+03 2.300955894010747215e+03 1.182438608920726892e+03 1.863075218002345537e+03 1.477013951386517761e+02 4.754491595850217323e+01 1.850973303564308114e+00
8.453551939522734756e+03 5.660903810876585339e+03 3.850714664848733719e+03 2.941980890085426836e+03 2.045670597156041367e+03 1.158709288031178858e+03 8.095341546639126591e+02 3.019910003408319881e+02 1.477013951386517761e+02 4.276689504099623491e+02 1.731758073843180767e+01 -1.505876585950628233e+00
2.718287629106891927e+03 1.330340003293466452e+03 7.984047855208661986e+02 7.373148233960536118e+02 4.180454578528609204e+02 3.517241432132895511e+02 2.702577885348110271e+02 1.129642732679457424e+02 4.754491595850217323e+01 1.731758073843180767e+01 8.655653126328405733e+01 -3.137242887397029278e-01
3.221791583211798411e+02 7.841538597051683723e+01 7.154482404708724630e+01 8.269772251178950739e+01 6.577229713427689717e+01 5.913702842743234989e+00 1.885482975325558996e+01 7.890165861803302150e+00 1.850973303564308114e+00 -1.505876585950628233e+00 -3.137242887397029278e-01 7.905852076240515558e+00
