1.337568299994506175e+06 6.995456305524699856e+05 4.450489300961293047e+05 2.533896270889783918e+05 1.367867185293966613e+05 6.993682723261315550e+04 2.655119001668798592e+04 8.153234843164933409e+03 2.172341161228669534e+03 1.355261327440042010e+02
6.995456305524699856e+05 5.575011075262363302e+05 2.707756678790593287e+05 1.634295329312735994e+05 8.497204531523656624e+04 4.407839387143604836e+04 1.778132894022075925e+04 5.635824836652664999e+03 1.216888129148135704e+03 1.337391181303906933e+02
4.450489300961293047e+05 2.707756678790593287e+05 2.378500336859315285e+05 1.026085778506702336e+05 5.431591564002475207e+04 2.644363128173239602e+04 1.047507277814017834e+04 3.140277854745675540e+03 8.879091876296811279e+02 1.080913997139647975e+01
2.533896270889783918e+05 1.634295329312735994e+05 1.026085778506702336e+05 9.333469253730807395e+04 3.336199273857360822e+04 1.610391838542347250e+04 6.762337203263906304e+03 2.180647199788664693e+03 4.913495276967981340e+02 4.143417351892298939e+01
1.367867185293966613e+05 8.497204531523656624e+04 5.431591564002475207e+04 3.336199273857360822e+04 3.209669220560104077e+04 9.717655279845397672e+03 4.004476905609681580e+03 1.097057236478660570e+03 3.308549638150561236e+02 1.660255458920307348e+01
6.993682723261315550e+04 4.407839387143604836e+04 2.644363128173239602e+04 1.610391838542347250e+04 9.717655279845397672e+03 1.023875857868284766e+04 2.066528598252658867e+03 5.590815120846098125e+02 1.975261742927972932e+02 2.038178156743329694e+01
2.655119001668798592e+04 1.778132894022075925e+04 1.047507277814017834e+04 6.762337203263906304e+03 4.004476905609681580e+03 2.066528598252658867e+03 2.843906516513117367e+03 2.528804542800625086e+02 8.090076739747560453e+01 7.736243504916366476e+00
8.153234843164933409e+03 5.635824836652664999e+03 3.140277854745675540e+03 2.180647199788664693e+03 1.097057236478660570e+03 5.590815120846098125e+02 2.528804542800625086e+02 6.221982023641584192e+02 1.885271866483800807e+01 -2.177908148476821015e+00
2.172341161228669534e+03 1.216888129148135704e+03 8.879091876296811279e+02 4.913495276967981340e+02 3.308549638150561236e+02 1.975261742927972932e+02 8.090076739747560453e+01 1.885271866483800807e+01 9.923669501997785858e+01 1.683676210376924054e+00
1.355261327440042010e+02 1.337391181303906933e+02 1.080913997139647975e+01 4.143417351892298939e+01 1.660255458920307348e+01 2.038178156743329694e+01 7.736243504916366476e+00 -2.177908148476821015e+00 1.683676210376924054e+00 6.942581869569927733e+00
