1.709519433437746018e+06 9.516487647422319278e+05 6.207624402439561673e+05 3.955255326734517002e+05 2.356823686939741019e+05 1.361164668649517698e+05 6.602779606475275068e+04 2.631015238839665835e+04 1.062245659994241760e+04 2.443373062632038909e+03 4.376362897390434341e+02
9.516487647422319278e+05 7.837256496149963932e+05 4.120615043440861627e+05 2.755908042734084302e+05 1.545448038357591722e+05 8.924095819793191913e+04 4.321689905267650465e+04 1.635119223598570352e+04 6.871280248890488110e+03 1.268697325008049347e+03 2.897394418126229994e+02
6.207624402439561673e+05 4.120615043440861627e+05 3.637173258428758709e+05 1.763220567915678257e+05 1.024500834549218416e+05 6.050076263493411534e+04 2.920673701153414731e+04 9.957829592663576477e+03 4.480317304458085346e+03 9.975004569499294576e+02 1.534365297901922531e+02
3.955255326734517002e+05 2.755908042734084302e+05 1.763220567915678257e+05 1.733878981082714454e+05 7.066355109534693474e+04 3.828032768663398019e+04 1.985406602208667027e+04 7.179066869800915811e+03 3.514106880640797954e+03 7.266548022969949443e+02 9.290272380162856791e+01
2.356823686939741019e+05 1.545448038357591722e+05 1.024500834549218416e+05 7.066355109534693474e+04 6.719333838595090492e+04 2.311568633695044991e+04 1.211600045868364577e+04 4.649962013818314517e+03 1.936227312282908997e+03 4.677126936684949214e+02 4.006120895595779530e+01
1.361164668649517698e+05 8.924095819793191913e+04 6.050076263493411534e+04 3.828032768663398019e+04 2.311568633695044991e+04 2.480212108217248169e+04 7.309741365691679675e+03 2.609816075108874429e+03 8.726442069517568143e+02 3.297494335896286657e+02 2.101633566786592056e+01
6.602779606475275068e+04 4.321689905267650465e+04 2.920673701153414731e+04 1.985406602208667027e+04 1.211600045868364577e+04 7.309741365691679675e+03 8.225233394620194304e+03 1.507842223144426498e+03 6.734023515191889828e+02 2.060416028358996243e+02 1.835159879164116958e+01
2.631015238839665835e+04 1.635119223598570352e+04 9.957829592663576477e+03 7.179066869800915811e+03 4.649962013818314517e+03 2.609816075108874429e+03 1.507842223144426498e+03 2.214141927790196860e+03 1.896787465723151627e+02 4.959418196462242889e+01 4.079556798816680541e+00
1.062245659994241760e+04 6.871280248890488110e+03 4.480317304458085346e+03 3.514106880640797954e+03 1.936227312282908997e+03 8.726442069517568143e+02 6.734023515191889828e+02 1.896787465723151627e+02 5.813360108719444952e+02 2.498929211636859193e+01 1.673451064189789950e+00
2.443373062632038909e+03 1.268697325008049347e+03 9.975004569499294576e+02 7.266548022969949443e+02 4.677126936684949214e+02 3.297494335896286657e+02 2.060416028358996243e+02 4.959418196462242889e+01 2.498929211636859193e+01 8.131951053814863428e+01 2.827349997821231309e-01
4.376362897390434341e+02 2.897394418126229994e+02 1.534365297901922531e+02 9.290272380162856791e+01 4.006120895595779530e+01 2.101633566786592056e+01 1.835159879164116958e+01 4.079556798816680541e+00 1.673451064189789950e+00 2.827349997821231309e-01 9.854336267255948911e+00
