1.843715857502293075e+06 1.069773351379065076e+06 7.027311957305412507e+05 4.887765620440510102e+05 2.825065056132515892e+05 1.708303671466092928e+05 9.441919997728307499e+04 4.137121420036080235e+04 1.731203576432768750e+04 5.902522876993963109e+03 1.349579277825984718e+03 -9.564264926260305444e+00
1.069773351379065076e+06 9.098349655420247000e+05 4.932484151007677428e+05 3.308830505152355181e+05 1.973122391073389153e+05 1.200458248807294876e+05 6.615442416182992747e+04 2.844226769874530510e+04 1.119798194546829836e+04 4.357256242853341973e+03 5.350290043303831453e+02 1.500296437503193303e+01
7.027311957305412507e+05 4.932484151007677428e+05 4.295546750283173169e+05 2.259029438814231835e+05 1.361952228462823259e+05 8.022341261804962414e+04 4.347043220877374551e+04 1.857185592073386943e+04 7.585381368766005835e+03 3.027007396328976938e+03 2.838896240673677198e+02 -2.422455447108453441e+01
4.887765620440510102e+05 3.308830505152355181e+05 2.259029438814231835e+05 2.103335055716848292e+05 9.146992999798590608e+04 5.563352776450949750e+04 3.023810574059687860e+04 1.424755335055679279e+04 5.627115156600682894e+03 2.025366667519297607e+03 2.467745238956165110e+02 2.735238528194786412e+01
2.825065056132515892e+05 1.973122391073389153e+05 1.361952228462823259e+05 9.146992999798590608e+04 8.728714322401324171e+04 3.379582876328872953e+04 1.840147518516347191e+04 8.665006095896464103e+03 3.231221096850095819e+03 1.281586921431462088e+03 1.632382997642865803e+02 -4.257733461525615160e-01
1.708303671466092928e+05 1.200458248807294876e+05 8.022341261804962414e+04 5.563352776450949750e+04 3.379582876328872953e+04 3.509246029412937060e+04 1.148933309929445932e+04 5.623872515417067916e+03 2.189420066288102589e+03 8.455751725255723841e+02 1.636228736256670686e+02 -4.881161258178112194e-01
9.441919997728307499e+04 6.615442416182992747e+04 4.347043220877374551e+04 3.023810574059687860e+04 1.840147518516347191e+04 1.148933309929445932e+04 1.412821737361895066e+04 3.289846758723335370e+03 1.407643427069513109e+03 4.028712286799884055e+02 1.191060361599868429e+02 -7.856859946223556435e+00
4.137121420036080235e+04 2.844226769874530510e+04 1.857185592073386943e+04 1.424755335055679279e+04 8.665006095896464103e+03 5.623872515417067916e+03 3.289846758723335370e+03 4.134249377053412900e+03 5.933343359475893521e+02 2.104421436253314255e+02 4.177738294872461466e+01 4.184952836813833343e+00
1.731203576432768750e+04 1.119798194546829836e+04 7.585381368766005835e+03 5.627115156600682894e+03 3.231221096850095819e+03 2.189420066288102589e+03 1.407643427069513109e+03 5.933343359475893521e+02 1.120767429192168265e+03 9.324471054534794234e+01 1.942089389119937337e+01 -2.545064263607045962e+00
5.902522876993963109e+03 4.357256242853341973e+03 3.027007396328976938e+03 2.025366667519297607e+03 1.281586921431462088e+03 8.455751725255723841e+02 4.028712286799884055e+02 2.104421436253314255e+02 9.324471054534794234e+01 2.219457050571899970e+02 4.264531873381754323e+00 2.249723552849513641e+00
1.349579277825984718e+03 5.350290043303831453e+02 2.838896240673677198e+02 2.467745238956165110e+02 1.632382997642865803e+02 1.636228736256670686e+02 1.191060361599868429e+02 4.177738294872461466e+01 1.942089389119937337e+01 4.264531873381754323e+00 4.444151486442024179e+01 -1.727142207410356789e-01
-9.564264926260305444e+00 1.500296437503193303e+01 -2.422455447108453441e+01 2.735238528194786412e+01 -4.257733461525615160e-01 -4.881161258178112194e-01 -7.856859946223556435e+00 4.184952836813833343e+00 -2.545064263607045962e+00 2.249723552849513641e+00 -1.727142207410356789e-01 2.001605984064264376e+00
