# logM_lo logM_hi N Mave
1.288680226385286431e+01 1.309246215066022145e+01 1.263580000000000000e+05 9.595272300922000000e+12
1.309246215066022145e+01 1.329812203746757859e+01 6.290900000000000000e+04 1.539182488992000000e+13
1.329812203746757859e+01 1.350378192427493396e+01 2.918700000000000000e+04 2.460024726761900000e+13
1.350378192427493396e+01 1.370944181108229110e+01 1.253600000000000000e+04 3.927917334077800000e+13
1.370944181108229110e+01 1.391510169788964824e+01 4.335000000000000000e+03 6.275565167243300000e+13
1.391510169788964824e+01 1.412076158469700538e+01 1.317000000000000000e+03 9.945179043280100000e+13
1.412076158469700538e+01 1.432642147150436251e+01 3.070000000000000000e+02 1.564562214983710000e+14
1.432642147150436251e+01 1.453208135831171788e+01 4.100000000000000000e+01 2.559295121951210000e+14
1.453208135831171788e+01 1.473774124511907502e+01 6.000000000000000000e+00 3.908700000000000000e+14
