# M_low [Msun/h] M_high[Msun/h] Number M_mean[Msun/h]
1.280874000000000024e+01 1.303641000000000005e+01 2.502110000000000000e+05 8.247151404214842773e+12
1.303641000000000005e+01 1.326407999999999987e+01 1.407970000000000000e+05 1.391767580275147852e+13
1.326407999999999987e+01 1.349174999999999969e+01 7.509000000000000000e+04 2.345610600612598047e+13
1.349174999999999969e+01 1.371941999999999950e+01 3.784300000000000000e+04 3.948785772798139844e+13
1.371941999999999950e+01 1.394708999999999932e+01 1.759400000000000000e+04 6.652216664772081250e+13
1.394708999999999932e+01 1.417474999999999952e+01 7.093000000000000000e+03 1.113841251938530938e+14
1.417474999999999952e+01 1.440241999999999933e+01 2.502000000000000000e+03 1.871556754596322812e+14
1.440241999999999933e+01 1.463008999999999915e+01 6.970000000000000000e+02 3.125741750358680000e+14
1.463008999999999915e+01 1.485776000000000074e+01 1.450000000000000000e+02 5.230360000000000000e+14
1.485776000000000074e+01 1.508543000000000056e+01 1.600000000000000000e+01 8.439056250000000000e+14
