# M_low [Msun/h] M_high[Msun/h] Number M_mean[Msun/h]
1.280874000000000024e+01 1.308322000000000074e+01 3.715720000000000000e+05 8.706334169420731445e+12
1.308322000000000074e+01 1.335769999999999946e+01 2.069620000000000000e+05 1.638074139213961914e+13
1.335769999999999946e+01 1.363218999999999959e+01 1.128220000000000000e+05 3.070120189324776953e+13
1.363218999999999959e+01 1.390667000000000009e+01 5.853400000000000000e+04 5.766879078825981250e+13
1.390667000000000009e+01 1.418115000000000059e+01 2.840000000000000000e+04 1.079320422535211250e+14
1.418115000000000059e+01 1.445564000000000071e+01 1.229300000000000000e+04 2.020349792564874375e+14
1.445564000000000071e+01 1.473011999999999944e+01 4.567000000000000000e+03 3.764552222465513750e+14
1.473011999999999944e+01 1.500459999999999994e+01 1.325000000000000000e+03 6.962163018867925000e+14
1.500459999999999994e+01 1.527908000000000044e+01 2.990000000000000000e+02 1.265023076923077000e+15
1.527908000000000044e+01 1.555357000000000056e+01 3.600000000000000000e+01 2.251069444444444500e+15
