# M_low [Msun/h] M_high[Msun/h] Number M_mean[Msun/h]
1.280874000000000024e+01 1.297250999999999976e+01 7.279100000000000000e+04 7.665189377807696289e+12
1.297250999999999976e+01 1.313627999999999929e+01 4.000400000000000000e+04 1.118670382961703906e+13
1.313627999999999929e+01 1.330003999999999920e+01 2.082800000000000000e+04 1.626333781448050781e+13
1.330003999999999920e+01 1.346381000000000050e+01 1.023600000000000000e+04 2.366594372801875781e+13
1.346381000000000050e+01 1.362758000000000003e+01 4.450000000000000000e+03 3.435143820224719141e+13
1.362758000000000003e+01 1.379134999999999955e+01 1.765000000000000000e+03 4.983069688385268750e+13
1.379134999999999955e+01 1.395512000000000086e+01 6.460000000000000000e+02 7.281227554179567188e+13
1.395512000000000086e+01 1.411889000000000038e+01 1.970000000000000000e+02 1.037941116751269062e+14
1.411889000000000038e+01 1.428265999999999991e+01 3.900000000000000000e+01 1.540815384615384688e+14
1.428265999999999991e+01 1.444642999999999944e+01 1.300000000000000000e+01 2.171530769230769375e+14
