# M_low [Msun/h] M_high[Msun/h] Number M_mean[Msun/h]
1.280874000000000024e+01 1.306639999999999979e+01 3.135880000000000000e+05 8.521266757656542969e+12
1.306639999999999979e+01 1.332404999999999973e+01 1.726310000000000000e+05 1.541932213797058398e+13
1.332404999999999973e+01 1.358170999999999928e+01 8.915700000000000000e+04 2.784225579595544922e+13
1.358170999999999928e+01 1.383937000000000062e+01 4.383400000000000000e+04 5.020591321804991406e+13
1.383937000000000062e+01 1.409703000000000017e+01 1.953000000000000000e+04 9.033717357910906250e+13
1.409703000000000017e+01 1.435468999999999973e+01 7.538000000000000000e+03 1.620131334571504375e+14
1.435468999999999973e+01 1.461234999999999928e+01 2.442000000000000000e+03 2.893583538083538125e+14
1.461234999999999928e+01 1.486999999999999922e+01 6.010000000000000000e+02 5.177700499168053125e+14
1.486999999999999922e+01 1.512766000000000055e+01 9.900000000000000000e+01 9.201997979797980000e+14
1.512766000000000055e+01 1.538532000000000011e+01 3.000000000000000000e+00 1.608200000000000000e+15
