# M_low [Msun/h] M_high[Msun/h] Number M_mean[Msun/h]
1.280874000000000024e+01 1.306953000000000031e+01 3.327970000000000000e+05 8.562111437302620117e+12
1.306953000000000031e+01 1.333032000000000039e+01 1.855000000000000000e+05 1.560430188679245312e+13
1.333032000000000039e+01 1.359111000000000047e+01 9.852000000000000000e+04 2.837274665042630859e+13
1.359111000000000047e+01 1.385190000000000055e+01 4.967000000000000000e+04 5.153704449365814062e+13
1.385190000000000055e+01 1.411269000000000062e+01 2.316500000000000000e+04 9.348318584070796875e+13
1.411269000000000062e+01 1.437348000000000070e+01 9.468000000000000000e+03 1.695374947190536562e+14
1.437348000000000070e+01 1.463427000000000078e+01 3.278000000000000000e+03 3.059441732763880625e+14
1.463427000000000078e+01 1.489506000000000085e+01 8.770000000000000000e+02 5.530677309007981875e+14
1.489506000000000085e+01 1.515584999999999916e+01 1.560000000000000000e+02 9.895711538461538750e+14
1.515584999999999916e+01 1.541663999999999923e+01 1.600000000000000000e+01 1.664462500000000000e+15
