# M_low [Msun/h] M_high[Msun/h] Number M_mean[Msun/h]
1.280874000000000024e+01 1.293221999999999916e+01 1.327300000000000000e+04 7.324720861900097656e+12
1.293221999999999916e+01 1.305569000000000024e+01 7.208000000000000000e+03 9.742694228634849609e+12
1.305569000000000024e+01 1.317916999999999916e+01 3.504000000000000000e+03 1.294890410958904102e+13
1.317916999999999916e+01 1.330264999999999986e+01 1.718000000000000000e+03 1.722852735739231641e+13
1.330264999999999986e+01 1.342613000000000056e+01 7.720000000000000000e+02 2.272242227979274609e+13
1.342613000000000056e+01 1.354960999999999949e+01 3.060000000000000000e+02 2.996495751633987109e+13
1.354960999999999949e+01 1.367308000000000057e+01 1.230000000000000000e+02 3.962943089430894531e+13
1.367308000000000057e+01 1.379655999999999949e+01 3.100000000000000000e+01 5.335764516129032031e+13
1.379655999999999949e+01 1.392004000000000019e+01 1.000000000000000000e+01 6.936060000000000000e+13
1.392004000000000019e+01 1.404351999999999911e+01 4.000000000000000000e+00 9.080475000000000000e+13
