# M_low [Msun/h] M_high[Msun/h] Number M_mean[Msun/h]
1.280874000000000024e+01 1.305751000000000062e+01 2.877730000000000000e+05 8.433741177942336914e+12
1.305751000000000062e+01 1.330626999999999960e+01 1.571690000000000000e+05 1.494932206732879883e+13
1.330626999999999960e+01 1.355503999999999998e+01 8.107600000000000000e+04 2.642535398884996875e+13
1.355503999999999998e+01 1.380381000000000036e+01 3.914200000000000000e+04 4.667076286342036719e+13
1.380381000000000036e+01 1.405258000000000074e+01 1.745000000000000000e+04 8.234234957020057812e+13
1.405258000000000074e+01 1.430134999999999934e+01 6.507000000000000000e+03 1.449390195174427500e+14
1.430134999999999934e+01 1.455011999999999972e+01 2.080000000000000000e+03 2.532791346153846250e+14
1.455011999999999972e+01 1.479889000000000010e+01 4.960000000000000000e+02 4.408254032258064375e+14
1.479889000000000010e+01 1.504766000000000048e+01 9.000000000000000000e+01 7.610893333333333750e+14
1.504766000000000048e+01 1.529641999999999946e+01 2.000000000000000000e+00 1.330650000000000000e+15
