# M_low [Msun/h] M_high[Msun/h] Number M_mean[Msun/h]
1.280874000000000024e+01 1.307028000000000034e+01 3.473060000000000000e+05 8.579828738921873047e+12
1.307028000000000034e+01 1.333182000000000045e+01 1.960800000000000000e+05 1.567461240310077539e+13
1.333182000000000045e+01 1.359336000000000055e+01 1.076570000000000000e+05 2.852618036913530859e+13
1.359336000000000055e+01 1.385488999999999926e+01 5.603600000000000000e+04 5.196104290099221875e+13
1.385488999999999926e+01 1.411642999999999937e+01 2.736100000000000000e+04 9.447403238185739062e+13
1.411642999999999937e+01 1.437796999999999947e+01 1.191200000000000000e+04 1.715149429147078438e+14
1.437796999999999947e+01 1.463950999999999958e+01 4.496000000000000000e+03 3.106470195729537500e+14
1.463950999999999958e+01 1.490104999999999968e+01 1.384000000000000000e+03 5.580867774566473750e+14
1.490104999999999968e+01 1.516258999999999979e+01 3.170000000000000000e+02 1.000735015772870625e+15
1.516258999999999979e+01 1.542412999999999990e+01 3.800000000000000000e+01 1.778036842105263250e+15
