9.957682473335885443e+05 5.284153959581753006e+05 2.826593351587851066e+05 1.526342291887618194e+05 8.250287815994051925e+04 3.723168682717862248e+04 1.164002797170624035e+04 3.160582013702480708e+03 2.013031506466470262e+02 6.096055085580273314e+00
5.284153959581753006e+05 4.432617691261703148e+05 1.913120124386682000e+05 9.718112586884497432e+04 5.138865810103726108e+04 2.417567996445990866e+04 7.468512574629901792e+03 1.727091425048140536e+03 7.111345315006896328e+01 -7.035267174987696492e+00
2.826593351587851066e+05 1.913120124386682000e+05 1.478134241213759524e+05 5.577803148731496913e+04 3.083747994225082948e+04 1.339189185090377941e+04 4.638803803600460014e+03 9.606649484338405500e+02 6.626445211223729359e+01 7.888205084998682892e+00
1.526342291887618194e+05 9.718112586884497432e+04 5.577803148731496913e+04 5.142624815315213345e+04 1.632765707852016203e+04 7.456357719217945487e+03 2.499631603739169350e+03 5.635174497646523832e+02 7.116247257018574146e+01 1.251955989751841614e+01
8.250287815994051925e+04 5.138865810103726108e+04 3.083747994225082948e+04 1.632765707852016203e+04 1.740849607653487692e+04 3.795050172142691736e+03 1.317765541645529311e+03 2.963380808131611275e+02 3.776260048023759452e+01 2.941165207020039057e-02
3.723168682717862248e+04 2.417567996445990866e+04 1.339189185090377941e+04 7.456357719217945487e+03 3.795050172142691736e+03 5.138441105847337894e+03 5.406626353299679977e+02 9.458983383182227556e+01 -1.743130579309392303e+00 2.594107712516327879e+00
1.164002797170624035e+04 7.468512574629901792e+03 4.638803803600460014e+03 2.499631603739169350e+03 1.317765541645529311e+03 5.406626353299679977e+02 1.263616729408956417e+03 8.570359335327276540e+01 9.313689821961661508e-01 -9.117612141497537515e-01
3.160582013702480708e+03 1.727091425048140536e+03 9.606649484338405500e+02 5.635174497646523832e+02 2.963380808131611275e+02 9.458983383182227556e+01 8.570359335327276540e+01 2.229148325871913698e+02 -1.660777953515803151e+00 1.594111542158616057e+00
2.013031506466470262e+02 7.111345315006896328e+01 6.626445211223729359e+01 7.116247257018574146e+01 3.776260048023759452e+01 -1.743130579309392303e+00 9.313689821961661508e-01 -1.660777953515803151e+00 2.021756963246924244e+01 -4.117631289708600928e-02
6.096055085580273314e+00 -7.035267174987696492e+00 7.888205084998682892e+00 1.251955989751841614e+01 2.941165207020039057e-02 2.594107712516327879e+00 -9.117612141497537515e-01 1.594111542158616057e+00 -4.117631289708600928e-02 1.001956947162427003e+00
