2.023267366250684951e+06 1.173785107468966395e+06 7.849355095329247415e+05 5.809967615881190868e+05 3.817950975217404775e+05 2.319259360320703126e+05 1.291144067480916419e+05 6.896893584583621123e+04 2.947475949846552976e+04 1.531196119014563737e+04 2.956828595557047720e+03 5.635582824308195313e+02 1.729490443642597768e+02
1.173785107468966395e+06 1.011623589280434186e+06 5.254606136219920591e+05 3.902611002087465022e+05 2.509753669025967247e+05 1.591879545308692032e+05 8.620236376256922085e+04 4.886054545672169479e+04 1.827078027462946193e+04 8.892897921587169549e+03 2.177640141428847073e+03 4.410538574820236022e+02 1.202466742807151405e+02
7.849355095329247415e+05 5.254606136219920591e+05 4.740405144047615468e+05 2.640784447463271208e+05 1.832791601548929466e+05 1.074803202524735534e+05 6.118947821270921850e+04 3.154309665615450649e+04 1.308672087597556128e+04 6.461355659697799638e+03 1.158907347099992649e+03 2.771115854029135335e+02 1.297696267529782119e+02
5.809967615881190868e+05 3.902611002087465022e+05 2.640784447463271208e+05 2.668644827508539311e+05 1.297262739166751708e+05 7.986717896460770862e+04 4.352055230425448826e+04 2.308327857809020861e+04 8.912913455596184576e+03 4.509879990951068976e+03 7.994464516048126370e+02 2.737553599100776864e+02 8.446002967064121947e+01
3.817950975217404775e+05 2.509753669025967247e+05 1.832791601548929466e+05 1.297262739166751708e+05 1.296747654406528891e+05 5.394287636492786260e+04 2.966212463818763354e+04 1.567035377203823737e+04 6.816121900807557722e+03 3.041183441734096505e+03 5.582742088701311332e+02 1.251570019719882225e+02 6.454241983989214759e+01
2.319259360320703126e+05 1.591879545308692032e+05 1.074803202524735534e+05 7.986717896460770862e+04 5.394287636492786260e+04 5.477358779703197069e+04 1.752298041464997732e+04 9.353867677758811624e+03 3.694135801414007346e+03 1.980591911445379992e+03 3.950695794828401972e+02 8.728508664209398660e+01 3.024736077053836070e+01
1.291144067480916419e+05 8.620236376256922085e+04 6.118947821270921850e+04 4.352055230425448826e+04 2.966212463818763354e+04 1.752298041464997732e+04 2.055406354319491948e+04 5.533999541576094089e+03 2.831493771359546372e+03 1.244585878540020758e+03 2.250850677492727812e+02 6.541225689743225757e+01 6.480982092247176141e+00
6.896893584583621123e+04 4.886054545672169479e+04 3.154309665615450649e+04 2.308327857809020861e+04 1.567035377203823737e+04 9.353867677758811624e+03 5.533999541576094089e+03 7.302546608783230113e+03 1.317410401618505830e+03 4.960533566997049775e+02 9.259598456195467975e+01 3.808124364532859119e+01 3.669985047635405451e+00
2.947475949846552976e+04 1.827078027462946193e+04 1.308672087597556128e+04 8.912913455596184576e+03 6.816121900807557722e+03 3.694135801414007346e+03 2.831493771359546372e+03 1.317410401618505830e+03 2.440947385468747143e+03 1.796187893571619725e+02 9.686513630723705148e+01 1.229484308841003504e+01 5.618418351271537325e+00
1.531196119014563737e+04 8.892897921587169549e+03 6.461355659697799638e+03 4.509879990951068976e+03 3.041183441734096505e+03 1.980591911445379992e+03 1.244585878540020758e+03 4.960533566997049775e+02 1.796187893571619725e+02 7.542477212933450801e+02 3.846732194321140952e+01 -3.972445068978488480e-01 -4.914965129242617192e-01
2.956828595557047720e+03 2.177640141428847073e+03 1.158907347099992649e+03 7.994464516048126370e+02 5.582742088701311332e+02 3.950695794828401972e+02 2.250850677492727812e+02 9.259598456195467975e+01 9.686513630723705148e+01 3.846732194321140952e+01 1.256467039773040568e+02 2.869810946229740978e+00 5.423547090056730635e-01
5.635582824308195313e+02 4.410538574820236022e+02 2.771115854029135335e+02 2.737553599100776864e+02 1.251570019719882225e+02 8.728508664209398660e+01 6.541225689743225757e+01 3.808124364532859119e+01 1.229484308841003504e+01 -3.972445068978488480e-01 2.869810946229740978e+00 1.948440462294446007e+01 -7.071752027890065850e-02
1.729490443642597768e+02 1.202466742807151405e+02 1.297696267529782119e+02 8.446002967064121947e+01 6.454241983989214759e+01 3.024736077053836070e+01 6.480982092247176141e+00 3.669985047635405451e+00 5.618418351271537325e+00 -4.914965129242617192e-01 5.423547090056730635e-01 -7.071752027890065850e-02 2.003081389112972399e+00
