# M_low [Msun/h] M_high[Msun/h] Number M_mean[Msun/h]
1.283238000000000056e+01 1.313377999999999979e+01 4.064520000000000000e+05 9.454353773631326172e+12
1.313377999999999979e+01 1.343516999999999939e+01 2.129160000000000000e+05 1.890868699393187891e+13
1.343516999999999939e+01 1.373657000000000039e+01 1.081880000000000000e+05 3.773966613672496094e+13
1.373657000000000039e+01 1.403795999999999999e+01 5.139300000000000000e+04 7.532121105987196875e+13
1.403795999999999999e+01 1.433935999999999922e+01 2.208800000000000000e+04 1.496465954364360625e+14
1.433935999999999922e+01 1.464075000000000060e+01 8.081000000000000000e+03 2.947874025491894375e+14
1.464075000000000060e+01 1.494214999999999982e+01 2.253000000000000000e+03 5.812028406569018750e+14
1.494214999999999982e+01 1.524355000000000082e+01 4.480000000000000000e+02 1.122390848214285750e+15
1.524355000000000082e+01 1.554494000000000042e+01 4.000000000000000000e+01 2.208042500000000000e+15
1.554494000000000042e+01 1.584633999999999965e+01 3.000000000000000000e+00 3.904733333333333500e+15
