# M_low [Msun/h] M_high[Msun/h] Number M_mean[Msun/h]
1.283238000000000056e+01 1.298743999999999943e+01 5.084800000000000000e+04 8.012692731277533203e+12
1.298743999999999943e+01 1.314250000000000007e+01 2.718900000000000000e+04 1.144071131707675977e+13
1.314250000000000007e+01 1.329756000000000071e+01 1.365300000000000000e+04 1.631045923972753320e+13
1.329756000000000071e+01 1.345261999999999958e+01 6.277000000000000000e+03 2.324142106101641016e+13
1.345261999999999958e+01 1.360768000000000022e+01 2.733000000000000000e+03 3.313707281375777344e+13
1.360768000000000022e+01 1.376274000000000086e+01 1.027000000000000000e+03 4.741207400194742188e+13
1.376274000000000086e+01 1.391779000000000011e+01 3.210000000000000000e+02 6.642713395638628906e+13
1.391779000000000011e+01 1.407285000000000075e+01 1.060000000000000000e+02 9.647141509433962500e+13
1.407285000000000075e+01 1.422790999999999961e+01 2.800000000000000000e+01 1.358932142857142812e+14
1.422790999999999961e+01 1.438297000000000025e+01 3.000000000000000000e+00 1.877033333333333438e+14
