# M_low [Msun/h] M_high[Msun/h] Number M_mean[Msun/h]
1.283238000000000056e+01 1.309441999999999950e+01 3.064250000000000000e+05 9.030761197682957031e+12
1.309441999999999950e+01 1.335646000000000022e+01 1.611300000000000000e+05 1.649872773536895703e+13
1.335646000000000022e+01 1.361849999999999916e+01 8.003900000000000000e+04 3.006986594035407812e+13
1.361849999999999916e+01 1.388053999999999988e+01 3.698000000000000000e+04 5.467474310438075000e+13
1.388053999999999988e+01 1.414258000000000060e+01 1.494900000000000000e+04 9.930189310321760938e+13
1.414258000000000060e+01 1.440461999999999954e+01 4.971000000000000000e+03 1.798156507744920625e+14
1.440461999999999954e+01 1.466666000000000025e+01 1.336000000000000000e+03 3.258962574850299375e+14
1.466666000000000025e+01 1.492869999999999919e+01 2.630000000000000000e+02 5.826596958174905000e+14
1.492869999999999919e+01 1.519073999999999991e+01 2.500000000000000000e+01 1.035486800000000000e+15
1.519073999999999991e+01 1.545278000000000063e+01 2.000000000000000000e+00 2.152600000000000000e+15
