# M_low [Msun/h] M_high[Msun/h] Number M_mean[Msun/h]
1.283238000000000056e+01 1.307449000000000083e+01 2.678050000000000000e+05 8.843908814249173828e+12
1.307449000000000083e+01 1.331658999999999970e+01 1.430360000000000000e+05 1.542898990463939062e+13
1.331658999999999970e+01 1.355869999999999997e+01 7.336100000000000000e+04 2.684296833467373828e+13
1.355869999999999997e+01 1.380080000000000062e+01 3.479600000000000000e+04 4.665582250833428906e+13
1.380080000000000062e+01 1.404290999999999912e+01 1.451700000000000000e+04 8.091162085830406250e+13
1.404290999999999912e+01 1.428500999999999976e+01 5.200000000000000000e+03 1.402624615384615312e+14
1.428500999999999976e+01 1.452712000000000003e+01 1.494000000000000000e+03 2.437157295850066875e+14
1.452712000000000003e+01 1.476922000000000068e+01 3.500000000000000000e+02 4.137588571428571250e+14
1.476922000000000068e+01 1.501132999999999917e+01 5.200000000000000000e+01 7.013923076923077500e+14
1.501132999999999917e+01 1.525342999999999982e+01 4.000000000000000000e+00 1.332775000000000000e+15
