# M_low [Msun/h] M_high[Msun/h] Number M_mean[Msun/h]
1.283238000000000056e+01 1.305941999999999936e+01 2.330370000000000000e+05 8.701970073421817383e+12
1.305941999999999936e+01 1.328645000000000032e+01 1.254730000000000000e+05 1.465145489467853711e+13
1.328645000000000032e+01 1.351348999999999911e+01 6.499100000000000000e+04 2.463927313012571094e+13
1.351348999999999911e+01 1.374052999999999969e+01 3.109200000000000000e+04 4.139572880483725781e+13
1.374052999999999969e+01 1.396756000000000064e+01 1.329800000000000000e+04 6.950429387877876562e+13
1.396756000000000064e+01 1.419459999999999944e+01 4.797000000000000000e+03 1.168398165520116719e+14
1.419459999999999944e+01 1.442163000000000039e+01 1.444000000000000000e+03 1.957460526315789375e+14
1.442163000000000039e+01 1.464866999999999919e+01 3.850000000000000000e+02 3.200914285714285625e+14
1.464866999999999919e+01 1.487570999999999977e+01 5.900000000000000000e+01 5.338923728813559375e+14
1.487570999999999977e+01 1.510274000000000072e+01 5.000000000000000000e+00 9.013540000000000000e+14
