# M_low [Msun/h] M_high[Msun/h] Number M_mean[Msun/h]
1.283238000000000056e+01 1.310435000000000016e+01 3.539750000000000000e+05 9.154581538244226562e+12
1.310435000000000016e+01 1.337631000000000014e+01 1.914070000000000000e+05 1.712118679045175977e+13
1.337631000000000014e+01 1.364827000000000012e+01 9.990400000000000000e+04 3.191863188661114844e+13
1.364827000000000012e+01 1.392023999999999972e+01 4.869900000000000000e+04 5.944284276884535938e+13
1.392023999999999972e+01 1.419219999999999970e+01 2.167000000000000000e+04 1.104630364559298594e+14
1.419219999999999970e+01 1.446416999999999931e+01 8.313000000000000000e+03 2.045609286659449062e+14
1.446416999999999931e+01 1.473612999999999928e+01 2.511000000000000000e+03 3.782789326961370000e+14
1.473612999999999928e+01 1.500808999999999926e+01 5.970000000000000000e+02 6.961750418760468750e+14
1.500808999999999926e+01 1.528006000000000064e+01 8.000000000000000000e+01 1.271693750000000000e+15
1.528006000000000064e+01 1.555202000000000062e+01 5.000000000000000000e+00 2.479220000000000000e+15
