# M_low [Msun/h] M_high[Msun/h] Number M_mean[Msun/h]
1.283238000000000056e+01 1.294763999999999982e+01 6.624000000000000000e+03 7.662498490338164062e+12
1.294763999999999982e+01 1.306290000000000084e+01 3.266000000000000000e+03 9.974944886711574219e+12
1.306290000000000084e+01 1.317816000000000010e+01 1.635000000000000000e+03 1.303553516819571875e+13
1.317816000000000010e+01 1.329341999999999935e+01 7.680000000000000000e+02 1.702410156250000000e+13
1.329341999999999935e+01 1.340868000000000038e+01 3.040000000000000000e+02 2.221851973684210547e+13
1.340868000000000038e+01 1.352393999999999963e+01 1.410000000000000000e+02 2.849945390070921875e+13
1.352393999999999963e+01 1.363920000000000066e+01 4.400000000000000000e+01 3.723231818181817969e+13
1.363920000000000066e+01 1.375445999999999991e+01 1.300000000000000000e+01 4.891684615384615625e+13
1.375445999999999991e+01 1.386971999999999916e+01 8.000000000000000000e+00 6.381200000000000000e+13
1.386971999999999916e+01 1.398498000000000019e+01 1.000000000000000000e+00 7.923100000000000000e+13
