# M_low [Msun/h] M_high[Msun/h] Number M_mean[Msun/h]
1.283238000000000056e+01 1.310271000000000008e+01 3.339090000000000000e+05 9.120988053631378906e+12
1.310271000000000008e+01 1.337303999999999959e+01 1.775920000000000000e+05 1.697372066309293164e+13
1.337303999999999959e+01 1.364337000000000089e+01 8.944500000000000000e+04 3.154691709989378906e+13
1.364337000000000089e+01 1.391370000000000040e+01 4.191700000000000000e+04 5.854352649283107031e+13
1.391370000000000040e+01 1.418402999999999992e+01 1.755600000000000000e+04 1.081968557758031406e+14
1.418402999999999992e+01 1.445435999999999943e+01 6.137000000000000000e+03 1.996312530552387188e+14
1.445435999999999943e+01 1.472469000000000072e+01 1.695000000000000000e+03 3.692077876106195000e+14
1.472469000000000072e+01 1.499502999999999986e+01 3.350000000000000000e+02 6.748829850746268750e+14
1.499502999999999986e+01 1.526535999999999937e+01 4.000000000000000000e+01 1.212637500000000000e+15
1.526535999999999937e+01 1.553569000000000067e+01 2.000000000000000000e+00 2.347400000000000000e+15
