# M_low [Msun/h] M_high[Msun/h] Number M_mean[Msun/h]
1.283238000000000056e+01 1.312726999999999933e+01 3.907990000000000000e+05 9.384166796742058594e+12
1.312726999999999933e+01 1.342216999999999949e+01 2.053070000000000000e+05 1.848254078039228906e+13
1.342216999999999949e+01 1.371706000000000003e+01 1.041900000000000000e+05 3.633466743449467188e+13
1.371706000000000003e+01 1.401195000000000057e+01 4.897500000000000000e+04 7.146631955079121875e+13
1.401195000000000057e+01 1.430685000000000073e+01 2.079700000000000000e+04 1.398162715776313906e+14
1.430685000000000073e+01 1.460173999999999950e+01 7.511000000000000000e+03 2.718779123951537812e+14
1.460173999999999950e+01 1.489663000000000004e+01 2.041000000000000000e+03 5.301832435080842500e+14
1.489663000000000004e+01 1.519152000000000058e+01 3.790000000000000000e+02 1.002772559366754625e+15
1.519152000000000058e+01 1.548642000000000074e+01 3.900000000000000000e+01 1.930033333333333250e+15
1.548642000000000074e+01 1.578130999999999950e+01 3.000000000000000000e+00 3.367633333333333500e+15
