2.266293228506839834e+06 1.419938569644777104e+06 9.260436315527205588e+05 6.953079759256802499e+05 4.780824624671110068e+05 3.192319326360445120e+05 2.079082077492903627e+05 1.291182617955240567e+05 7.076252170382897020e+04 4.043571224201907899e+04 1.482277680809053163e+04 5.645630430151058135e+03 5.396582178985136125e+02 4.375597721895687755e+02
1.419938569644777104e+06 1.252092511416049907e+06 6.617124086740623461e+05 4.997461424785885029e+05 3.431313151053657057e+05 2.329379093523088668e+05 1.512234966894115205e+05 9.464576478847301041e+04 4.904257521215784800e+04 2.929880199726402134e+04 1.096587918551906478e+04 3.838156734827216042e+03 5.585458225875689777e+02 3.317131057672701786e+02
9.260436315527205588e+05 6.617124086740623461e+05 5.770363237856245833e+05 3.190394303285921924e+05 2.169533252608512412e+05 1.453418118155194679e+05 9.371700550031806051e+04 5.743987406440806080e+04 3.141372121543664252e+04 1.782486526757895990e+04 6.284698129748248903e+03 2.671897843621113680e+03 2.127399299769762422e+02 1.126182441494165545e+02
6.953079759256802499e+05 4.997461424785885029e+05 3.190394303285921924e+05 3.262295430421769852e+05 1.688902220342700020e+05 1.116002795639001270e+05 7.511822845930306357e+04 4.527320470633909281e+04 2.463944541301413119e+04 1.468721040136762349e+04 5.393824403056718438e+03 1.950426996645574036e+03 2.146426857761815086e+02 1.668644832966848526e+02
4.780824624671110068e+05 3.431313151053657057e+05 2.169533252608512412e+05 1.688902220342700020e+05 1.673889100157124922e+05 7.952923570546663541e+04 5.225339580442706210e+04 3.297438609669623838e+04 1.647441335772164530e+04 1.022740831393381632e+04 4.261942859160733860e+03 1.356068970167358884e+03 1.670329911878025086e+02 1.015333269827143141e+02
3.192319326360445120e+05 2.329379093523088668e+05 1.453418118155194679e+05 1.116002795639001270e+05 7.952923570546663541e+04 8.035007002160459524e+04 3.491736371791141573e+04 2.143326981596414043e+04 1.136318500582274282e+04 6.796041484727524221e+03 2.313932289782058888e+03 9.002798814015585549e+02 1.421467728782067468e+02 1.242851864323862685e+02
2.079082077492903627e+05 1.512234966894115205e+05 9.371700550031806051e+04 7.511822845930306357e+04 5.225339580442706210e+04 3.491736371791141573e+04 3.993628893048167811e+04 1.382666007381285817e+04 7.936736677731082636e+03 4.197277967249656285e+03 1.547678351508329115e+03 5.198434367381414631e+02 7.698702049760998989e+01 5.031501715225480353e+01
1.291182617955240567e+05 9.464576478847301041e+04 5.743987406440806080e+04 4.527320470633909281e+04 3.297438609669623838e+04 2.143326981596414043e+04 1.382666007381285817e+04 1.662798809751883891e+04 4.901307693947861480e+03 2.730690452681322313e+03 1.175202208039665720e+03 3.404214094067122574e+02 8.495979439783292264e+01 9.686832462056221615e+00
7.076252170382897020e+04 4.904257521215784800e+04 3.141372121543664252e+04 2.463944541301413119e+04 1.647441335772164530e+04 1.136318500582274282e+04 7.936736677731082636e+03 4.901307693947861480e+03 6.633031842629317907e+03 1.525821245449448952e+03 5.698588954748695414e+02 1.511294209499572219e+02 3.078809507522680633e+01 2.012618733204108779e+01
4.043571224201907899e+04 2.929880199726402134e+04 1.782486526757895990e+04 1.468721040136762349e+04 1.022740831393381632e+04 6.796041484727524221e+03 4.197277967249656285e+03 2.730690452681322313e+03 1.525821245449448952e+03 2.417674923868187761e+03 4.120037250968849776e+02 1.588771231498522241e+02 1.668638940712772012e+01 1.244234030569332639e+01
1.482277680809053163e+04 1.096587918551906478e+04 6.284698129748248903e+03 5.393824403056718438e+03 4.261942859160733860e+03 2.313932289782058888e+03 1.547678351508329115e+03 1.175202208039665720e+03 5.698588954748695414e+02 4.120037250968849776e+02 5.987891399801503667e+02 4.344789654902849207e+01 1.107470029063592065e+01 3.657315517208321154e+00
5.645630430151058135e+03 3.838156734827216042e+03 2.671897843621113680e+03 1.950426996645574036e+03 1.356068970167358884e+03 9.002798814015585549e+02 5.198434367381414631e+02 3.404214094067122574e+02 1.511294209499572219e+02 1.588771231498522241e+02 4.344789654902849207e+01 1.513116230449473960e+02 1.906987725653859211e+00 1.899015606279404800e+00
5.396582178985136125e+02 5.585458225875689777e+02 2.127399299769762422e+02 2.146426857761815086e+02 1.670329911878025086e+02 1.421467728782067468e+02 7.698702049760998989e+01 8.495979439783292264e+01 3.078809507522680633e+01 1.668638940712772012e+01 1.107470029063592065e+01 1.906987725653859211e+00 2.114726615850561586e+01 -1.726194332387920860e-01
4.375597721895687755e+02 3.317131057672701786e+02 1.126182441494165545e+02 1.668644832966848526e+02 1.015333269827143141e+02 1.242851864323862685e+02 5.031501715225480353e+01 9.686832462056221615e+00 2.012618733204108779e+01 1.244234030569332639e+01 3.657315517208321154e+00 1.899015606279404800e+00 -1.726194332387920860e-01 3.985678478106821743e+00
