2.275726006189081818e+06 1.375275011607571505e+06 9.385720079601546749e+05 6.857892783694388345e+05 4.649509167767720646e+05 2.970265690615992062e+05 1.919325141275219503e+05 1.127115987997035991e+05 6.422086476471472270e+04 3.161002145551588546e+04 1.269358464894508325e+04 2.750340423308840400e+03 6.762766488184252012e+02 4.336185227897625794e+01
1.375275011607571505e+06 1.183034326068443712e+06 6.564098370445277542e+05 4.875929629821748240e+05 3.268913408006543759e+05 2.103255567270558968e+05 1.340016627131109417e+05 8.047934433816424280e+04 4.372959885568782920e+04 2.323725396325491238e+04 8.610755198151620789e+03 1.870538912051218404e+03 5.877514445023610961e+02 2.449326886611852316e+01
9.385720079601546749e+05 6.564098370445277542e+05 5.829033073771385243e+05 3.132826234587836079e+05 2.132522228483606887e+05 1.385200201029097079e+05 9.175414807514684799e+04 5.277254677463353437e+04 2.908137959186901935e+04 1.471418477042414088e+04 5.577269751342026211e+03 1.525868005065206262e+03 1.733102723466678583e+02 3.100720237502773813e+01
6.857892783694388345e+05 4.875929629821748240e+05 3.132826234587836079e+05 3.186970778701014351e+05 1.629876666805238638e+05 1.074354928535871004e+05 6.857840119234664598e+04 4.146146464639145415e+04 2.439305880514980527e+04 1.106586642783871503e+04 4.616358005842196690e+03 9.437422348824482015e+02 3.041608719926720141e+02 1.969126178563909946e+01
4.649509167767720646e+05 3.268913408006543759e+05 2.132522228483606887e+05 1.629876666805238638e+05 1.611426792322372494e+05 7.025476741402613698e+04 4.658796532844629837e+04 2.807788788353522978e+04 1.446706350334429771e+04 7.863833999599357412e+03 3.336108391946144366e+03 6.905872164863228591e+02 1.832156150091076654e+02 7.950298488045949519e+00
2.970265690615992062e+05 2.103255567270558968e+05 1.385200201029097079e+05 1.074354928535871004e+05 7.025476741402613698e+04 7.309681124250746507e+04 3.069068422205452225e+04 1.749425082493647642e+04 1.021397430230801729e+04 4.897788096731288533e+03 1.851012749742668348e+03 4.275533532537890551e+02 1.841486624969393802e+02 2.000634113708063921e+01
1.919325141275219503e+05 1.340016627131109417e+05 9.175414807514684799e+04 6.857840119234664598e+04 4.658796532844629837e+04 3.069068422205452225e+04 3.564422621494331543e+04 1.099486857123147456e+04 7.056623523976226352e+03 3.042338023813518248e+03 1.218721450291500560e+03 2.628672536220727238e+02 8.178619110717399110e+01 -1.398887712257840255e-01
1.127115987997035991e+05 8.047934433816424280e+04 5.277254677463353437e+04 4.146146464639145415e+04 2.807788788353522978e+04 1.749425082493647642e+04 1.099486857123147456e+04 1.346430867052563372e+04 4.366948621347371954e+03 1.952069437856552213e+03 7.880538311128232181e+02 1.663795825818248204e+02 4.806627207397940538e+01 2.784840591843919189e+00
6.422086476471472270e+04 4.372959885568782920e+04 2.908137959186901935e+04 2.439305880514980527e+04 1.446706350334429771e+04 1.021397430230801729e+04 7.056623523976226352e+03 4.366948621347371954e+03 5.545384540771862703e+03 1.131280543968070788e+03 4.554508709319038076e+02 8.682411501320764557e+01 2.714662279599718886e+01 -4.345898797935866531e-01
3.161002145551588546e+04 2.323725396325491238e+04 1.471418477042414088e+04 1.106586642783871503e+04 7.863833999599357412e+03 4.897788096731288533e+03 3.042338023813518248e+03 1.952069437856552213e+03 1.131280543968070788e+03 1.754490942412648110e+03 2.402654862381736223e+02 8.267361985250900602e+01 2.547496764651302925e+01 -1.414994284844814265e+00
1.269358464894508325e+04 8.610755198151620789e+03 5.577269751342026211e+03 4.616358005842196690e+03 3.336108391946144366e+03 1.851012749742668348e+03 1.218721450291500560e+03 7.880538311128232181e+02 4.554508709319038076e+02 2.402654862381736223e+02 4.563443720909116905e+02 8.152016171273913869e+00 1.267281307381023758e+01 1.192382394807606438e+00
2.750340423308840400e+03 1.870538912051218404e+03 1.525868005065206262e+03 9.437422348824482015e+02 6.905872164863228591e+02 4.275533532537890551e+02 2.628672536220727238e+02 1.663795825818248204e+02 8.682411501320764557e+01 8.267361985250900602e+01 8.152016171273913869e+00 9.125413395549357176e+01 -7.856562146777266997e-02 -1.492449692632668856e-01
6.762766488184252012e+02 5.877514445023610961e+02 1.733102723466678583e+02 3.041608719926720141e+02 1.832156150091076654e+02 1.841486624969393802e+02 8.178619110717399110e+01 4.806627207397940538e+01 2.714662279599718886e+01 2.547496764651302925e+01 1.267281307381023758e+01 -7.856562146777266997e-02 1.369042614962683047e+01 -2.748534380926867179e-02
4.336185227897625794e+01 2.449326886611852316e+01 3.100720237502773813e+01 1.969126178563909946e+01 7.950298488045949519e+00 2.000634113708063921e+01 -1.398887712257840255e-01 2.784840591843919189e+00 -4.345898797935866531e-01 -1.414994284844814265e+00 1.192382394807606438e+00 -1.492449692632668856e-01 -2.748534380926867179e-02 1.003015369833794246e+00
