1.665705650287102675e+06 8.608526520512221614e+05 5.798005481261212844e+05 3.264792655598259298e+05 1.962667391758350132e+05 8.783762267917992722e+04 4.368284173156371253e+04 1.815792008770649772e+04 4.680585973221223867e+03 1.454557557335407694e+02 1.604799033987208077e+02
8.608526520512221614e+05 6.817391689648946049e+05 3.548714956147058983e+05 2.087431481362973573e+05 1.270883596826737776e+05 5.644662572225963959e+04 2.755006041295374598e+04 1.056937427139615465e+04 2.562226520129498567e+03 2.146128645277426301e+02 9.340439326492075622e+01
5.798005481261212844e+05 3.548714956147058983e+05 3.098281250958760502e+05 1.343844827554560034e+05 8.542781396132100781e+04 3.775452917565225653e+04 1.755934223819255203e+04 7.553611605824652543e+03 2.196860785504345586e+03 5.578564510601746207e+01 9.738914964159297938e+01
3.264792655598259298e+05 2.087431481362973573e+05 1.343844827554560034e+05 1.118853970744464896e+05 4.910867221287498978e+04 2.211087097381139029e+04 1.083960403538786886e+04 4.683735670532541917e+03 1.140514279792994557e+03 7.474123218407534353e+01 3.985807389811358092e+01
1.962667391758350132e+05 1.270883596826737776e+05 8.542781396132100781e+04 4.910867221287498978e+04 4.714023584022475552e+04 1.275553445860404281e+04 6.085539226189306646e+03 2.578062186826612106e+03 7.074773655246518729e+02 8.486193851532770793e+01 3.114932369387608802e+01
8.783762267917992722e+04 5.644662572225963959e+04 3.775452917565225653e+04 2.211087097381139029e+04 1.275553445860404281e+04 1.258100612830445607e+04 2.916378174788056185e+03 1.475337017346385664e+03 2.875736343675421267e+02 1.638460017284835857e+01 1.443174722820356948e+01
4.368284173156371253e+04 2.755006041295374598e+04 1.755934223819255203e+04 1.083960403538786886e+04 6.085539226189306646e+03 2.916378174788056185e+03 4.188175145629918006e+03 5.749162631818743421e+02 1.723407746067550477e+02 4.208581790701838798e+00 1.895310234048150022e+00
1.815792008770649772e+04 1.056937427139615465e+04 7.553611605824652543e+03 4.683735670532541917e+03 2.578062186826612106e+03 1.475337017346385664e+03 5.749162631818743421e+02 1.056535141197883149e+03 6.169383163465140285e+01 3.965885597428411735e+00 2.290861565212346740e+00
4.680585973221223867e+03 2.562226520129498567e+03 2.196860785504345586e+03 1.140514279792994557e+03 7.074773655246518729e+02 2.875736343675421267e+02 1.723407746067550477e+02 6.169383163465140285e+01 1.735136311712012116e+02 8.112712506487100850e-01 2.126795664189709889e+00
1.454557557335407694e+02 2.146128645277426301e+02 5.578564510601746207e+01 7.474123218407534353e+01 8.486193851532770793e+01 1.638460017284835857e+01 4.208581790701838798e+00 3.965885597428411735e+00 8.112712506487100850e-01 2.225847741060221452e+01 -1.236789397172311372e-01
1.604799033987208077e+02 9.340439326492075622e+01 9.738914964159297938e+01 3.985807389811358092e+01 3.114932369387608802e+01 1.443174722820356948e+01 1.895310234048150022e+00 2.290861565212346740e+00 2.126795664189709889e+00 -1.236789397172311372e-01 2.996922528059753343e+00
