2.066888574694214156e+06 1.211511252959387610e+06 7.980486693872048054e+05 5.296467445531211561e+05 3.368441990027960856e+05 2.005632486340765026e+05 1.075986051697913790e+05 5.969431335638640303e+04 2.452468139587686892e+04 7.859150017971800480e+03 1.252255774448624834e+03 1.663433285244736908e+02
1.211511252959387610e+06 9.754066124119773740e+05 5.402861221513900673e+05 3.556667708093920955e+05 2.254736949820618320e+05 1.338415151032676804e+05 7.256885443378893251e+04 4.016814595459272095e+04 1.532403776702844516e+04 5.398682812137775727e+03 9.953889705580917280e+02 1.435271918894888756e+02
7.980486693872048054e+05 5.402861221513900673e+05 4.537874445853582583e+05 2.331053405093740730e+05 1.539184861142160662e+05 9.443707866272947285e+04 4.930435407916639087e+04 2.695917684043050394e+04 1.128023589303704648e+04 3.606418527779348096e+03 6.888312185526477833e+02 3.243358139842139565e+01
5.296467445531211561e+05 3.556667708093920955e+05 2.331053405093740730e+05 2.130907050172949967e+05 9.928962194411379460e+04 6.206970884718097659e+04 3.412053070251428289e+04 1.825309550630247759e+04 6.441652203292588638e+03 2.590939921907669941e+03 4.140421284433641631e+02 2.252210262803064111e+01
3.368441990027960856e+05 2.254736949820618320e+05 1.539184861142160662e+05 9.928962194411379460e+04 9.763576541712133621e+04 3.828269056617372553e+04 2.174534037437149527e+04 1.181504784933492192e+04 4.522591441256424332e+03 1.599180274653821243e+03 2.000571049763795770e+02 5.105087092512604841e+01
2.005632486340765026e+05 1.338415151032676804e+05 9.443707866272947285e+04 6.206970884718097659e+04 3.828269056617372553e+04 3.985416141889597930e+04 1.326219748608036571e+04 6.837344291555988093e+03 2.805078069215426240e+03 9.725458018068942465e+02 1.783814706413906208e+02 1.010070982756936608e+01
1.075986051697913790e+05 7.256885443378893251e+04 4.930435407916639087e+04 3.412053070251428289e+04 2.174534037437149527e+04 1.326219748608036571e+04 1.461065990768012125e+04 3.828872400309994646e+03 1.243426687759690594e+03 7.025384212222685392e+02 9.819587398354120467e+01 1.477109631599312856e+01
5.969431335638640303e+04 4.016814595459272095e+04 2.695917684043050394e+04 1.825309550630247759e+04 1.181504784933492192e+04 6.837344291555988093e+03 3.828872400309994646e+03 4.763248919724924235e+03 8.569156739157768925e+02 3.190959883306013012e+02 4.786939992837632474e+01 4.913089839254366709e+00
2.452468139587686892e+04 1.532403776702844516e+04 1.128023589303704648e+04 6.441652203292588638e+03 4.522591441256424332e+03 2.805078069215426240e+03 1.243426687759690594e+03 8.569156739157768925e+02 1.361163206324636349e+03 5.379126528351831382e+01 2.907269575408418305e+01 9.038134983848769011e+00
7.859150017971800480e+03 5.398682812137775727e+03 3.606418527779348096e+03 2.590939921907669941e+03 1.599180274653821243e+03 9.725458018068942465e+02 7.025384212222685392e+02 3.190959883306013012e+02 5.379126528351831382e+01 3.115677640635925059e+02 4.004906105657208837e-01 1.438791180782579504e+00
1.252255774448624834e+03 9.953889705580917280e+02 6.888312185526477833e+02 4.140421284433641631e+02 2.000571049763795770e+02 1.783814706413906208e+02 9.819587398354120467e+01 4.786939992837632474e+01 2.907269575408418305e+01 4.004906105657208837e-01 4.242723359617829004e+01 -4.317413902124442315e-01
1.663433285244736908e+02 1.435271918894888756e+02 3.243358139842139565e+01 2.252210262803064111e+01 5.105087092512604841e+01 1.010070982756936608e+01 1.477109631599312856e+01 4.913089839254366709e+00 9.038134983848769011e+00 1.438791180782579504e+00 -4.317413902124442315e-01 4.974055076291589828e+00
