2.218442946497281082e+06 1.350510128929338651e+06 9.013356583420332754e+05 6.340691550934697734e+05 4.258223839349468471e+05 2.561142441588950460e+05 1.689079441634726536e+05 9.577132755042564531e+04 5.059918285839600867e+04 2.097122990050108638e+04 7.580332247864380406e+03 1.096560304928541200e+03 2.854732486903337758e+02 4.417947549824400966e+01
1.350510128929338651e+06 1.144152951370917493e+06 6.336986799733099760e+05 4.473114582075023209e+05 3.018345212508997065e+05 1.804552995954664657e+05 1.163178650279664580e+05 6.963590481849857315e+04 3.368074842879096104e+04 1.506916554780838305e+04 4.676855892675229370e+03 8.553479370266579735e+02 2.454234462460183579e+02 2.110714916456318591e+01
9.013356583420332754e+05 6.336986799733099760e+05 5.476474273613293190e+05 2.882904788648924441e+05 1.948051162744370522e+05 1.227654288116257085e+05 7.703468084204437037e+04 4.551016225446366298e+04 2.310609268784758024e+04 9.959979478804736573e+03 3.565890454334895821e+03 4.712380926282862106e+02 1.196876298752496410e+02 4.817464650222870404e+01
6.340691550934697734e+05 4.473114582075023209e+05 2.882904788648924441e+05 2.885724554719580337e+05 1.406216059316296596e+05 8.787555467149928154e+04 5.749939679724876623e+04 3.416552183617766423e+04 1.750906467392639388e+04 7.103678361832025075e+03 2.377909145740464282e+03 4.298543249598677107e+02 1.200302338591654348e+02 4.983784894718723102e+00
4.258223839349468471e+05 3.018345212508997065e+05 1.948051162744370522e+05 1.406216059316296596e+05 1.390369338484162581e+05 5.811312241230340442e+04 3.671879213827395142e+04 2.212296833646969753e+04 1.125675238077816175e+04 4.750307255138815890e+03 1.798722051728980432e+03 2.694043734211850278e+02 6.353530919059694071e+01 2.042227427376384696e+01
2.561142441588950460e+05 1.804552995954664657e+05 1.227654288116257085e+05 8.787555467149928154e+04 5.811312241230340442e+04 6.087936763924086699e+04 2.319416075970997190e+04 1.438009759390078580e+04 7.068466206179830806e+03 2.800415845574399100e+03 9.765683894952342143e+02 1.376339663868289165e+02 7.065109022166443253e+01 7.336494521345360731e+00
1.689079441634726536e+05 1.163178650279664580e+05 7.703468084204437037e+04 5.749939679724876623e+04 3.671879213827395142e+04 2.319416075970997190e+04 2.746013274530323179e+04 9.105779669209096028e+03 4.992153551647184941e+03 1.872557306390556278e+03 6.427914696347791050e+02 9.765352191082581612e+01 2.067006429959634772e+01 4.663989362714563214e+00
9.577132755042564531e+04 6.963590481849857315e+04 4.551016225446366298e+04 3.416552183617766423e+04 2.212296833646969753e+04 1.438009759390078580e+04 9.105779669209096028e+03 1.068179981607438276e+04 2.925011797467335327e+03 1.071621046436598363e+03 4.204666351472210408e+02 7.358100691773333324e+01 1.691591354809211012e+01 -3.062006539079323630e+00
5.059918285839600867e+04 3.368074842879096104e+04 2.310609268784758024e+04 1.750906467392639388e+04 1.125675238077816175e+04 7.068466206179830806e+03 4.992153551647184941e+03 2.925011797467335327e+03 3.780863260967085353e+03 5.482254625376692729e+02 2.266674286834501970e+02 2.523090483731232680e+01 1.886346160593212673e+01 -5.614653945351673059e-01
2.097122990050108638e+04 1.506916554780838305e+04 9.959979478804736573e+03 7.103678361832025075e+03 4.750307255138815890e+03 2.800415845574399100e+03 1.872557306390556278e+03 1.071621046436598363e+03 5.482254625376692729e+02 1.037527688698278780e+03 8.499731226854937916e+01 2.405666085091136353e+01 6.782956427604621474e+00 4.396042420911007165e-01
7.580332247864380406e+03 4.676855892675229370e+03 3.565890454334895821e+03 2.377909145740464282e+03 1.798722051728980432e+03 9.765683894952342143e+02 6.427914696347791050e+02 4.204666351472210408e+02 2.266674286834501970e+02 8.499731226854937916e+01 2.310057615977793262e+02 3.157548412782187341e+00 3.273020461991237973e+00 5.670470294868673600e-01
1.096560304928541200e+03 8.553479370266579735e+02 4.712380926282862106e+02 4.298543249598677107e+02 2.694043734211850278e+02 1.376339663868289165e+02 9.765352191082581612e+01 7.358100691773333324e+01 2.523090483731232680e+01 2.405666085091136353e+01 3.157548412782187341e+00 3.989948829545695475e+01 -3.217552911252481440e-01 -8.043300028949529334e-02
2.854732486903337758e+02 2.454234462460183579e+02 1.196876298752496410e+02 1.200302338591654348e+02 6.353530919059694071e+01 7.065109022166443253e+01 2.067006429959634772e+01 1.691591354809211012e+01 1.886346160593212673e+01 6.782956427604621474e+00 3.273020461991237973e+00 -3.217552911252481440e-01 3.986247438022219036e+00 -7.846375781668923216e-03
4.417947549824400966e+01 2.110714916456318591e+01 4.817464650222870404e+01 4.983784894718723102e+00 2.042227427376384696e+01 7.336494521345360731e+00 4.663989362714563214e+00 -3.062006539079323630e+00 -5.614653945351673059e-01 4.396042420911007165e-01 5.670470294868673600e-01 -8.043300028949529334e-02 -7.846375781668923216e-03 1.002301950131410324e+00
