3.309880163382847968e+04 8.688700243515919510e+02 1.215921270689823075e+02 9.128884558784275782e+01 1.855173666413825515e+02 3.219157708821703636e+02 1.870718254379424934e+02 1.133701710437783561e+02 1.600184275492867059e+01 -1.820991571600568548e+01 2.051448256872361497e+01 4.664035754295419878e+01 1.001326785063189106e+01 1.792328853269941291e+01
8.688700243515919510e+02 1.810522134236758575e+04 2.247781512865440448e+02 1.095171373598928888e+01 -1.375331846391439683e+02 5.910675529110235402e+02 -3.712132203982683620e+01 2.244930851212505729e+01 3.425432894603068235e+01 -5.461173419493756853e+01 2.070472017561716527e+01 -6.387571987038744847e-01 4.555054454007102294e+00 1.761137865407266911e+00
1.215921270689823075e+02 2.247781512865440448e+02 1.200072765282071850e+04 4.098080088830093359e+02 5.716462746264991779e+01 1.997877718503580695e+02 -1.698615625522086248e+02 -2.974836008132346876e+01 -4.658132425942841337e+01 6.637998630492835339e+00 2.210564939340424750e+00 2.803693500292388840e+00 -4.057253315814038364e-01 3.111693278219139214e-01
9.128884558784275782e+01 1.095171373598928888e+01 4.098080088830093359e+02 6.594081714695528717e+03 3.014488682905151222e+02 3.375084694326213253e+01 -1.545832936935741202e+02 -3.930375275657460321e+01 -3.703413070443789223e+01 -4.509901984511765249e+01 -2.049906182764587470e+01 2.201867665868049606e+00 4.593332820061711175e+00 -3.857926176724338241e+00
1.855173666413825515e+02 -1.375331846391439683e+02 5.716462746264991779e+01 3.014488682905151222e+02 3.410479691913314582e+03 3.246676131059462733e+01 -4.170483255686778534e+01 -1.001279283179392507e+02 6.126922736228232225e+01 3.047414627684968957e-01 -1.357215250768030046e+01 -8.565837766982754786e+00 -9.920468431866467096e-01 -4.589936907538701760e+00
3.219157708821703636e+02 5.910675529110235402e+02 1.997877718503580695e+02 3.375084694326213253e+01 3.246676131059462733e+01 1.756252848267610716e+03 2.950477280584167517e+01 2.552585681225039949e+01 2.211844651892612035e+00 4.367010169716664336e+00 2.819265284102460800e+00 1.250667620299670268e+00 1.413595837951108880e+00 2.749954744769073756e+00
1.870718254379424934e+02 -3.712132203982683620e+01 -1.698615625522086248e+02 -1.545832936935741202e+02 -4.170483255686778534e+01 2.950477280584167517e+01 7.783017259014678757e+02 -2.201028009000941754e+00 -2.384521651107516682e+00 -1.636638735488674445e+00 -1.567205526877696542e+00 6.620858285808286503e+00 -3.987139792870824338e-03 -5.120930945340282925e-01
1.133701710437783561e+02 2.244930851212505729e+01 -2.974836008132346876e+01 -3.930375275657460321e+01 -1.001279283179392507e+02 2.552585681225039949e+01 -2.201028009000941754e+00 3.389703410778393504e+02 7.559517439070577716e+00 -3.035400971655861646e+00 2.051585417074303752e+00 -4.914667262447141027e+00 -1.317975652034838241e+00 3.601739525557018373e-01
1.600184275492867059e+01 3.425432894603068235e+01 -4.658132425942841337e+01 -3.703413070443789223e+01 6.126922736228232225e+01 2.211844651892612035e+00 -2.384521651107516682e+00 7.559517439070577716e+00 1.745776214220831264e+02 -6.873077640753633588e+00 4.301551410047610435e-01 4.775659454815268240e-02 3.499928752897040751e-01 -3.339182430793292689e-01
-1.820991571600568548e+01 -5.461173419493756853e+01 6.637998630492835339e+00 -4.509901984511765249e+01 3.047414627684968957e-01 4.367010169716664336e+00 -1.636638735488674445e+00 -3.035400971655861646e+00 -6.873077640753633588e+00 5.089460638930697911e+01 -1.724782643863639331e+00 1.053517823565433692e-01 -2.026238751045579822e-01 -1.012616384824270022e-01
2.051448256872361497e+01 2.070472017561716527e+01 2.210564939340424750e+00 -2.049906182764587470e+01 -1.357215250768030046e+01 2.819265284102460800e+00 -1.567205526877696542e+00 2.051585417074303752e+00 4.301551410047610435e-01 -1.724782643863639331e+00 1.875981865095514678e+01 -3.038399126519368831e-01 -6.747715073664829755e-02 -3.372182493397102993e-02
4.664035754295419878e+01 -6.387571987038744847e-01 2.803693500292388840e+00 2.201867665868049606e+00 -8.565837766982754786e+00 1.250667620299670268e+00 6.620858285808286503e+00 -4.914667262447141027e+00 4.775659454815268240e-02 1.053517823565433692e-01 -3.038399126519368831e-01 8.982859939896069790e+00 9.796151880872276951e-01 -1.783837952043141120e-02
1.001326785063189106e+01 4.555054454007102294e+00 -4.057253315814038364e-01 4.593332820061711175e+00 -9.920468431866467096e-01 1.413595837951108880e+00 -3.987139792870824338e-03 -1.317975652034838241e+00 3.499928752897040751e-01 -2.026238751045579822e-01 -6.747715073664829755e-02 9.796151880872276951e-01 2.021404182166924191e+00 -3.961569805927913669e-03
1.792328853269941291e+01 1.761137865407266911e+00 3.111693278219139214e-01 -3.857926176724338241e+00 -4.589936907538701760e+00 2.749954744769073756e+00 -5.120930945340282925e-01 3.601739525557018373e-01 -3.339182430793292689e-01 -1.012616384824270022e-01 -3.372182493397102993e-02 -1.783837952043141120e-02 -3.961569805927913669e-03 1.011678560555735906e+00
