1.174923221513224416e+04 3.334298531554831015e+02 1.986273304535175441e+02 2.249028089452622794e+02 -6.574870531904108972e+00 9.999901412653592558e+01 -4.356146083920192780e+01 2.247150632557291061e+01 -1.724438664266729404e+01 3.605994869980682971e+00 2.443843672318949611e+00 6.914995701061378064e+00
3.334298531554831015e+02 7.372608832733394593e+03 7.937921929801458987e+01 1.781596596280163567e+02 -3.385184814625116445e+01 8.141977753744900781e+01 4.982706757436160672e+01 3.602000062369780409e+01 -3.943519328805457036e+01 -2.688830830561173446e+00 5.709173538880944143e+00 7.883569257322832202e-01
1.986273304535175441e+02 7.937921929801458987e+01 3.506796765627751483e+03 3.554088902518522275e+01 7.678652471476614494e+01 -1.093225155744357480e+01 2.954438963939621132e+01 -4.148274460498432070e+00 4.760367832082697537e-01 -5.259562474747233374e+00 -8.612996383250521859e-01 -9.452956838073078849e-01
2.249028089452622794e+02 1.781596596280163567e+02 3.554088902518522275e+01 2.061283891590928306e+03 -3.954966590259575554e+01 -5.272711315667037724e+01 5.506743844543822597e+00 5.991402353146708215e+00 8.868282816582850003e+00 -7.321436883363956483e+00 -3.012092383296462450e-01 1.390815700316972769e+00
-6.574870531904108972e+00 -3.385184814625116445e+01 7.678652471476614494e+01 -3.954966590259575554e+01 1.000585799443964675e+03 -1.392119740994228394e+01 8.092070160194232642e+00 -1.492436457517211101e+00 -8.911379668118010855e+00 -8.641876132749017003e+00 -2.781793338251419723e+00 2.199363725606190201e+00
9.999901412653592558e+01 8.141977753744900781e+01 -1.093225155744357480e+01 -5.272711315667037724e+01 -1.392119740994228394e+01 5.022163310537456482e+02 5.137137226544296276e+00 -4.708855317947381991e+00 -5.322735476245067154e+00 -3.426183959049443617e-01 1.148491656380695947e+00 -9.618787926514963393e-01
-4.356146083920192780e+01 4.982706757436160672e+01 2.954438963939621132e+01 5.506743844543822597e+00 8.092070160194232642e+00 5.137137226544296276e+00 1.704517124284193130e+02 3.566945862081368546e+00 5.466944716189334308e+00 5.587706326683231417e+00 -6.592922368924332144e-01 -3.294634846079541601e-01
2.247150632557291061e+01 3.602000062369780409e+01 -4.148274460498432070e+00 5.991402353146708215e+00 -1.492436457517211101e+00 -4.708855317947381991e+00 3.566945862081368546e+00 6.827370976681497439e+01 -2.839962572749811232e-01 -5.814305715668850461e-01 -2.913124964654504323e-01 -1.455755503018438257e-01
-1.724438664266729404e+01 -3.943519328805457036e+01 4.760367832082697537e-01 8.868282816582850003e+00 -8.911379668118010855e+00 -5.322735476245067154e+00 5.466944716189334308e+00 -2.839962572749811232e-01 2.888378014317117959e+01 1.384923581103576273e+00 -1.195691040451009879e-01 -5.975142958732770904e-02
3.605994869980682971e+00 -2.688830830561173446e+00 -5.259562474747233374e+00 -7.321436883363956483e+00 -8.641876132749017003e+00 -3.426183959049443617e-01 5.587706326683231417e+00 -5.814305715668850461e-01 1.384923581103576273e+00 1.098695517376415154e+01 -4.379968704562146181e-02 -2.188771035255293249e-02
2.443843672318949611e+00 5.709173538880944143e+00 -8.612996383250521859e-01 -3.012092383296462450e-01 -2.781793338251419723e+00 1.148491656380695947e+00 -6.592922368924332144e-01 -2.913124964654504323e-01 -1.195691040451009879e-01 -4.379968704562146181e-02 2.027915633983573773e+00 -3.974102172332214661e-03
6.914995701061378064e+00 7.883569257322832202e-01 -9.452956838073078849e-01 1.390815700316972769e+00 2.199363725606190201e+00 -9.618787926514963393e-01 -3.294634846079541601e-01 -1.455755503018438257e-01 -5.975142958732770904e-02 -2.188771035255293249e-02 -3.974102172332214661e-03 1.014820552331482384e+00
