2.625979659057783283e+04 -8.257945756136612658e+01 1.303562501904403689e+03 -1.771813540000960643e+02 1.429607703356185482e+02 3.099887144689456591e+02 1.415003802627319942e+02 1.224279508600442625e+02 2.005857063830092457e+01 -3.529595661588135869e+01 2.732349549602420269e-01 -4.105627105167696911e+00 -2.065476054058898114e+01 -9.976081495921360620e-01
-8.257945756136612658e+01 1.475272207223645637e+04 3.681166882279025003e+02 3.923803649929170660e+02 3.067622413799381320e+01 4.660330797021641160e+02 -5.883503798393530104e+01 4.159104077513455877e+01 3.138252712896804297e+00 -6.212441953308750442e+01 -3.036310179553604982e+01 -6.179488756980377140e+00 -8.237121961930453651e+00 8.264578572910107113e+00
1.303562501904403689e+03 3.681166882279025003e+02 8.747211506576475585e+03 9.560430041620070085e+01 -9.062222904144789482e+01 -4.831103474092483907e+01 3.866253693067010389e+00 1.560650236221513332e+01 -1.843597365552759726e+01 -4.464038516712950866e+01 -5.417765405515178045e+00 6.900516403903774076e+00 -3.095344684092377063e-01 7.918695949908633125e+00
-1.771813540000960643e+02 3.923803649929170660e+02 9.560430041620070085e+01 4.987868243360564520e+03 2.404771191666726509e+02 -1.301203227517209484e+02 1.075222672698666031e+02 1.063993376837904181e+00 2.950668269393672105e+01 -3.524356666797972082e+01 5.076662274658577445e+00 2.252406969569300088e+00 2.250337649634662984e+00 1.964398784150122590e-01
1.429607703356185482e+02 3.067622413799381320e+01 -9.062222904144789482e+01 2.404771191666726509e+02 2.740253652749258436e+03 4.693546095805101181e+00 4.190545734003588763e+01 5.010543649960163037e+01 -3.816904287324114797e+00 -5.612888703323138273e+00 9.390061601943440195e+00 -1.005840168643203247e+00 3.094821259837514216e+00 -4.077359579531699474e+00
3.099887144689456591e+02 4.660330797021641160e+02 -4.831103474092483907e+01 -1.301203227517209484e+02 4.693546095805101181e+00 1.486239986972943598e+03 5.650231411346773314e+01 -2.142791545093928463e+01 6.585953651690152455e+00 -9.225320260466041589e+00 -5.774946350257752492e+00 5.960728968838342468e-01 -3.497212190147396260e+00 -4.274117525523238315e-01
1.415003802627319942e+02 -5.883503798393530104e+01 3.866253693067010389e+00 1.075222672698666031e+02 4.190545734003588763e+01 5.650231411346773314e+01 6.956840953974570994e+02 1.411374634760868929e+01 -2.370842835814478189e+00 7.120940493703896479e+00 -5.036608784434267072e+00 2.396623969155746714e+00 -2.713678442230078147e+00 2.393037332493841873e+00
1.224279508600442625e+02 4.159104077513455877e+01 1.560650236221513332e+01 1.063993376837904181e+00 5.010543649960163037e+01 -2.142791545093928463e+01 1.411374634760868929e+01 2.844713975907043277e+02 -1.036697532759381879e+01 -2.237388442794632226e-01 3.193696700372253283e-02 -1.085059518894504471e+00 -1.084062658503353260e+00 -1.083435687079042031e+00
2.005857063830092457e+01 3.138252712896804297e+00 -1.843597365552759726e+01 2.950668269393672105e+01 -3.816904287324114797e+00 6.585953651690152455e+00 -2.370842835814478189e+00 -1.036697532759381879e+01 1.410974538251436172e+02 8.380193993161311194e-01 1.156333465068703825e+00 4.940691720280551702e-01 -5.254614093173946010e-01 -5.251575068762983634e-01
-3.529595661588135869e+01 -6.212441953308750442e+01 -4.464038516712950866e+01 -3.524356666797972082e+01 -5.612888703323138273e+00 -9.225320260466041589e+00 7.120940493703896479e+00 -2.237388442794632226e-01 8.380193993161311194e-01 5.417993287036239991e+01 3.963186164206798923e-01 -2.189097255250386787e-01 -2.187086098896161845e-01 -2.185821190013118864e-01
2.732349549602420269e-01 -3.036310179553604982e+01 -5.417765405515178045e+00 5.076662274658577445e+00 9.390061601943440195e+00 -5.774946350257752492e+00 -5.036608784434267072e+00 3.193696700372253283e-02 1.156333465068703825e+00 3.963186164206798923e-01 1.483506193070413914e+01 -5.965460099104234748e-02 -5.959979541785268703e-02 -5.956532566803822426e-02
-4.105627105167696911e+00 -6.179488756980377140e+00 6.900516403903774076e+00 2.252406969569300088e+00 -1.005840168643203247e+00 5.960728968838342468e-01 2.396623969155746714e+00 -1.085059518894504471e+00 4.940691720280551702e-01 -2.189097255250386787e-01 -5.965460099104234748e-02 2.026767057863401167e+00 -7.940804065438360551e-03 -7.936211473676221817e-03
-2.065476054058898114e+01 -8.237121961930453651e+00 -3.095344684092377063e-01 2.250337649634662984e+00 3.094821259837514216e+00 -3.497212190147396260e+00 -2.713678442230078147e+00 -1.084062658503353260e+00 -5.254614093173946010e-01 -2.187086098896161845e-01 -5.959979541785268703e-02 -7.940804065438360551e-03 2.023044726176836061e+00 -7.928920357625768300e-03
-9.976081495921360620e-01 8.264578572910107113e+00 7.918695949908633125e+00 1.964398784150122590e-01 -4.077359579531699474e+00 -4.274117525523238315e-01 2.393037332493841873e+00 -1.083435687079042031e+00 -5.251575068762983634e-01 -2.185821190013118864e-01 -5.956532566803822426e-02 -7.936211473676221817e-03 -7.928920357625768300e-03 2.020705332906123086e+00
