6.072033148531448387e+04 2.947168738463415139e+03 3.576152941145302975e+03 1.605376988457840298e+03 -5.819370133915922452e+02 9.819438206816083721e+02 2.675839677717763152e+02 -2.115664509405483500e+02 4.594532029827151973e+02 4.720486481210927820e+01 -1.962938136606248563e+01 5.893328034739153054e+01 -3.127886090365378990e+01 2.442690784455048281e+00
2.947168738463415139e+03 3.602136933066374331e+04 2.175736579461814927e+03 -9.593440574587192771e+01 1.034067775108608203e+03 -2.554101297154984422e+02 1.425886036187168315e+02 1.281063828647282321e+02 3.110073920506233662e+02 -3.194869794269183316e+01 -4.553723659010461056e+00 2.983005456616389850e+01 2.989294249863415232e+01 1.259415620625304477e+01
3.576152941145302975e+03 2.175736579461814927e+03 2.396330064230275821e+04 -4.609278826331011203e+01 3.106796146873155067e+02 3.141603522715806207e+02 1.744245416155398516e+02 1.293381632764671565e+02 2.940626566734230209e+02 3.748348217221417400e+01 1.361592123386408737e+01 3.227753005115160168e+00 2.456812245373495074e+01 3.941834160543481236e+00
1.605376988457840298e+03 -9.593440574587192771e+01 -4.609278826331011203e+01 1.358886589909887698e+04 1.072910404411433234e+02 1.371880262267244461e+02 2.635323370991845877e+02 1.698806774697573587e+02 3.135860982628977567e+01 -3.107633281326498675e+01 7.966526169332645679e+01 -4.854920126440349293e+01 7.191922474974668411e+00 -2.127656944669297001e+00
-5.819370133915922452e+02 1.034067775108608203e+03 3.106796146873155067e+02 1.072910404411433234e+02 8.354110434578949935e+03 9.692472809332387840e+01 -2.588685362614269252e+02 -1.451783420165772043e+02 2.306386519020070125e+01 -1.116527609086363242e+02 -2.880389047916243062e+00 -1.560257691636575750e+01 -1.499926590479265354e+00 -1.610054527626626486e+00
9.819438206816083721e+02 -2.554101297154984422e+02 3.141603522715806207e+02 1.371880262267244461e+02 9.692472809332387840e+01 4.301878474776025541e+03 -2.579749369736449793e+01 -1.181111125092275103e+02 -1.699724876304522425e+01 6.163287974372454414e+01 3.966720932252670906e+01 -2.197650792701894673e+00 1.944505585287148230e+00 -1.264259709583844149e+00
2.675839677717763152e+02 1.425886036187168315e+02 1.744245416155398516e+02 2.635323370991845877e+02 -2.588685362614269252e+02 -2.579749369736449793e+01 2.315594450665598288e+03 -9.212924113332112697e-01 -6.001301300897090574e-01 -5.620066372449010572e+01 -2.064830951014455351e+01 1.014186316736430982e+01 1.806028676086495866e+00 -2.449053978420786315e+00
-2.115664509405483500e+02 1.281063828647282321e+02 1.293381632764671565e+02 1.698806774697573587e+02 -1.451783420165772043e+02 -1.181111125092275103e+02 -9.212924113332112697e-01 1.057399069442421023e+03 3.425735984959840863e+01 -7.703141899205506959e+00 1.431995347319781686e+01 -1.067011281735353201e+01 -4.144702922429138958e+00 -8.351390175721183640e-02
4.594532029827151973e+02 3.110073920506233662e+02 2.940626566734230209e+02 3.135860982628977567e+01 2.306386519020070125e+01 -1.699724876304522425e+01 -6.001301300897090574e-01 3.425735984959840863e+01 5.352638308211079448e+02 -9.543754290564956833e+00 -6.121876778109741402e+00 -6.773334269826295717e+00 -3.917088851985795372e+00 1.191640482969237406e-02
4.720486481210927820e+01 -3.194869794269183316e+01 3.748348217221417400e+01 -3.107633281326498675e+01 -1.116527609086363242e+02 6.163287974372454414e+01 -5.620066372449010572e+01 -7.703141899205506959e+00 -9.543754290564956833e+00 2.326864899892089795e+02 4.563670838855515832e+00 -3.299599462050083698e+00 4.334032078932189336e+00 5.674142130491155456e-01
-1.962938136606248563e+01 -4.553723659010461056e+00 1.361592123386408737e+01 7.966526169332645679e+01 -2.880389047916243062e+00 3.966720932252670906e+01 -2.064830951014455351e+01 1.431995347319781686e+01 -6.121876778109741402e+00 4.563670838855515832e+00 7.824720477238346916e+01 1.036666947196736688e+00 8.553232118858890010e-01 -1.684878992704828271e-01
5.893328034739153054e+01 2.983005456616389850e+01 3.227753005115160168e+00 -4.854920126440349293e+01 -1.560257691636575750e+01 -2.197650792701894673e+00 1.014186316736430982e+01 -1.067011281735353201e+01 -6.773334269826295717e+00 -3.299599462050083698e+00 1.036666947196736688e+00 2.869255869041976226e+01 -7.733032437003933834e-01 -5.941598227660081083e-02
-3.127886090365378990e+01 2.989294249863415232e+01 2.456812245373495074e+01 7.191922474974668411e+00 -1.499926590479265354e+00 1.944505585287148230e+00 1.806028676086495866e+00 -4.144702922429138958e+00 -3.917088851985795372e+00 4.334032078932189336e+00 8.553232118858890010e-01 -7.733032437003933834e-01 1.488220306030563478e+01 -2.572821273652644430e-02
2.442690784455048281e+00 1.259415620625304477e+01 3.941834160543481236e+00 -2.127656944669297001e+00 -1.610054527626626486e+00 -1.264259709583844149e+00 -2.449053978420786315e+00 -8.351390175721183640e-02 1.191640482969237406e-02 5.674142130491155456e-01 -1.684878992704828271e-01 -5.941598227660081083e-02 -2.572821273652644430e-02 1.010145579623696888e+00
