7.855420699182971475e+03 1.988160429091801262e+01 2.606832204244031459e+02 -4.185995299942806014e+01 -9.922079125147321577e+01 -2.471901368855663961e+01 -1.276358885755847083e+01 1.875849551255664949e+01 -1.328037961347555651e+01 -2.848436565254798047e+00
1.988160429091801262e+01 4.425170161782836658e+03 6.503228776133293820e+01 9.357626433540757205e+01 5.967145042724728121e+00 8.764795005200335609e+00 -1.092336433304971699e+01 2.735265207733062365e+00 -1.228773513125666383e+01 -2.115462829792488453e+00
2.606832204244031459e+02 6.503228776133293820e+01 2.055118098929117878e+03 2.193637303325879273e+01 -4.855682027515312882e+01 6.402863935535549444e+00 1.842408401309456778e+01 1.428884502465183992e+01 6.595706758242148027e+00 7.467594572345770843e+00
-4.185995299942806014e+01 9.357626433540757205e+01 2.193637303325879273e+01 9.416515131327427071e+02 2.495153292999533434e+01 -3.747557599249426108e+00 1.225807977381847769e+00 6.861746417927367503e+00 3.346831997837164341e+00 4.917765978443200403e+00
-9.922079125147321577e+01 5.967145042724728121e+00 -4.855682027515312882e+01 2.495153292999533434e+01 4.368450094303202036e+02 -3.167904960934382341e+00 4.825222013048400704e+00 9.183337295481843743e-01 -2.167971674202811894e+00 -1.481665404599143532e+00
-2.471901368855663961e+01 8.764795005200335609e+00 6.402863935535549444e+00 -3.747557599249426108e+00 -3.167904960934382341e+00 1.987577263575498705e+02 -5.801132483188474964e+00 -3.329966749585118624e+00 3.142124432061119688e+00 -8.566372285873202763e-01
-1.276358885755847083e+01 -1.092336433304971699e+01 1.842408401309456778e+01 1.225807977381847769e+00 4.825222013048400704e+00 -5.801132483188474964e+00 7.405814957702857271e+01 4.206293985772780464e-01 -1.248562912245162915e+00 2.438156201866860107e-01
1.875849551255664949e+01 2.735265207733062365e+00 1.428884502465183992e+01 6.861746417927367503e+00 9.183337295481843743e-01 -3.329966749585118624e+00 4.206293985772780464e-01 1.683257905157168466e+01 -2.717571398795051718e-01 -1.696433478954995633e-01
-1.328037961347555651e+01 -1.228773513125666383e+01 6.595706758242148027e+00 3.346831997837164341e+00 -2.167971674202811894e+00 3.142124432061119688e+00 -1.248562912245162915e+00 -2.717571398795051718e-01 8.048372908809627191e+00 -7.974866333281067921e-02
-2.848436565254798047e+00 -2.115462829792488453e+00 7.467594572345770843e+00 4.917765978443200403e+00 -1.481665404599143532e+00 -8.566372285873202763e-01 2.438156201866860107e-01 -1.696433478954995633e-01 -7.974866333281067921e-02 5.047975507610654944e+00
