1.695956798930028453e+05 2.441527712146687554e+04 1.258628964825310868e+04 1.791639327541806051e+04 3.719493667383145294e+03 5.967969623653350936e+03 1.879316522561499369e+03 1.823637922717849733e+03 4.743598473509964606e+03 7.566758807168720296e+02 5.065577512043546449e+02 1.999674506944117809e+02 4.265391776814601599e+02 -1.405292123062336032e+02 -1.751122815047847610e+02 2.858804318608124717e+01 4.576350746024701976e+01 9.632148243824913081e+00 3.128736579402311691e+01
2.441527712146687554e+04 1.157596378833790804e+05 7.581515472935224352e+03 1.341471036417165669e+04 5.369908045592251256e+03 3.560567870878817303e+03 4.958643662518978999e+03 2.839684655808460320e+03 1.689917355245357840e+03 -1.293822074227459780e+02 -1.935733168403637308e+02 8.503341674409362838e+01 -3.604519700245893432e+01 -2.520690950948897182e+02 1.207245495280237009e+02 -6.064886445510560442e+00 -1.177809769716483856e+01 6.315391148969973223e+00 -4.999506371425452400e+00
1.258628964825310868e+04 7.581515472935224352e+03 7.742947689644765342e+04 4.801377719550390793e+03 7.837368652219280193e+03 7.434631756239566585e+02 -3.242683898072801867e+02 -5.812034085364580278e+02 2.436563891309405790e+03 2.618573545591445964e+02 4.172820157605363534e+02 4.566379419485969038e+01 -2.229970056828656766e+02 1.159259789509988963e+02 -1.269010677340757951e+02 -3.918708015978148040e+01 -9.832046410503966882e+00 -5.792547954665153043e+00 -1.707495946855361169e+01
1.791639327541806051e+04 1.341471036417165669e+04 4.801377719550390793e+03 5.082966149523665808e+04 9.515038797064850087e+02 3.115279037682320904e+03 1.100452987797844798e+03 6.893167736220974575e+02 1.557053730653402909e+03 2.392177866511705702e+02 8.300729098859912369e+01 1.490600911479151307e+02 3.720642138833689216e+01 1.147544836650690172e+02 2.020773585803677577e+02 -1.716424105693979030e+01 4.737047402190238010e+00 2.012681234317323486e+01 1.909611579761524425e+01
3.719493667383145294e+03 5.369908045592251256e+03 7.837368652219280193e+03 9.515038797064850087e+02 3.959053532967326464e+04 1.273977115188384914e+03 7.268032144333392353e+02 2.056738645921654097e+03 9.860819790434488823e+02 4.451610974095819415e+02 -3.280513691621076759e+02 3.216329071366492087e+01 -3.577699796926661975e+02 2.930486346106250650e+01 -5.793509949299701844e+01 2.838117511081748745e+01 -1.750588881013099396e+01 -7.185623566017152797e+00 -3.096706421413232491e+00
5.967969623653350936e+03 3.560567870878817303e+03 7.434631756239566585e+02 3.115279037682320904e+03 1.273977115188384914e+03 2.236685443390045839e+04 -1.369880883556282356e+02 1.922853788645104714e+03 1.147379110492088330e+03 1.610082439087779846e+02 1.141647256414354814e+02 3.468197529216294583e+01 2.927574064822596256e+02 8.889615131766672107e+01 -1.453849494723839086e+01 4.753912464827391382e+00 -1.038011356209513458e+01 7.862606606495790018e+00 -2.338427552381727281e+00
1.879316522561499369e+03 4.958643662518978999e+03 -3.242683898072801867e+02 1.100452987797844798e+03 7.268032144333392353e+02 -1.369880883556282356e+02 1.398633898847836645e+04 1.369545904446056284e+03 6.494856910197444222e+02 2.796874780714854865e+02 -5.221774645461006230e+02 1.321301717445840893e+02 -7.287831998133978573e+01 -6.409513044756126021e+01 7.967247750100715287e+00 -1.924150756703326337e+01 -1.974149537688067779e+00 -4.313263486361283761e+00 -5.330008008331267533e+00
1.823637922717849733e+03 2.839684655808460320e+03 -5.812034085364580278e+02 6.893167736220974575e+02 2.056738645921654097e+03 1.922853788645104714e+03 1.369545904446056284e+03 1.101354402520480835e+04 8.177635332709633076e+02 -1.653083582640497582e+02 -1.446523422944777906e+02 -3.583461992496162907e+01 2.091985008834718585e+01 1.111334710378566513e+02 -3.786566703353123131e+01 -8.112672089476085091e-01 -5.493232712805173890e+00 3.713450139871050215e+00 4.729051543612441399e+00
4.743598473509964606e+03 1.689917355245357840e+03 2.436563891309405790e+03 1.557053730653402909e+03 9.860819790434488823e+02 1.147379110492088330e+03 6.494856910197444222e+02 8.177635332709633076e+02 4.948653053306928996e+03 8.703916370444325423e+01 9.830778520933689890e+01 4.363545912360846302e+01 6.174637305517290287e+01 7.805684731114241970e+01 3.369625595443060284e+00 -8.897493065202022322e-01 -5.526435107653663970e+00 1.428850124655197673e-01 -8.728773284976918401e-01
7.566758807168720296e+02 -1.293822074227459780e+02 2.618573545591445964e+02 2.392177866511705702e+02 4.451610974095819415e+02 1.610082439087779846e+02 2.796874780714854865e+02 -1.653083582640497582e+02 8.703916370444325423e+01 2.712484123989833734e+03 1.439324989878636814e+02 -5.510788695202850818e+01 3.332098979790242765e+01 1.741261087456281587e+01 9.018639173273978571e+00 4.825030947150784399e+00 1.154899248131175504e+01 1.617674828439994439e+00 -2.441507896995621429e+00
5.065577512043546449e+02 -1.935733168403637308e+02 4.172820157605363534e+02 8.300729098859912369e+01 -3.280513691621076759e+02 1.141647256414354814e+02 -5.221774645461006230e+02 -1.446523422944777906e+02 9.830778520933689890e+01 1.439324989878636814e+02 1.560559563656259797e+03 -3.248777479154450276e+01 -9.021487464348936669e+00 -3.917434060275500229e+01 1.986095849025094395e+01 -4.440048866394272764e+00 -1.204562976522055129e+00 -8.080987427601478146e-01 1.219639093910918071e+00
1.999674506944117809e+02 8.503341674409362838e+01 4.566379419485969038e+01 1.490600911479151307e+02 3.216329071366492087e+01 3.468197529216294583e+01 1.321301717445840893e+02 -3.583461992496162907e+01 4.363545912360846302e+01 -5.510788695202850818e+01 -3.248777479154450276e+01 7.198332594499945571e+02 -3.002592438212133530e+01 -1.011865196730729544e+01 8.590938332075950257e+00 -3.168875336674916721e-01 -2.692218348641923331e+00 -4.195517810946211568e-01 -4.194033794626331746e-01
4.265391776814601599e+02 -3.604519700245893432e+01 -2.229970056828656766e+02 3.720642138833689216e+01 -3.577699796926661975e+02 2.927574064822596256e+02 -7.287831998133978573e+01 2.091985008834718585e+01 6.174637305517290287e+01 3.332098979790242765e+01 -9.021487464348936669e+00 -3.002592438212133530e+01 2.992842911483797366e+02 1.223517033793367936e+01 1.964055428377533108e+00 -2.659960456054140998e+00 6.963134350405609796e-01 -5.853722884514094282e-01 -5.851652336685642108e-01
-1.405292123062336032e+02 -2.520690950948897182e+02 1.159259789509988963e+02 1.147544836650690172e+02 2.930486346106250650e+01 8.889615131766672107e+01 -6.409513044756126021e+01 1.111334710378566513e+02 7.805684731114241970e+01 1.741261087456281587e+01 -3.917434060275500229e+01 -1.011865196730729544e+01 1.223517033793367936e+01 1.416296267196472058e+02 -2.216087049979280355e-01 -1.202558510614569087e+00 9.172903341360854057e-01 -2.766911121783555139e-01 -2.765932424648799848e-01
-1.751122815047847610e+02 1.207245495280237009e+02 -1.269010677340757951e+02 2.020773585803677577e+02 -5.793509949299701844e+01 -1.453849494723839086e+01 7.967247750100715287e+00 -3.786566703353123131e+01 3.369625595443060284e+00 9.018639173273978571e+00 1.986095849025094395e+01 8.590938332075950257e+00 1.964055428377533108e+00 -2.216087049979280355e-01 5.135073106719450919e+01 -8.223094908352738264e-01 6.006227186961669018e-01 -1.027093195941111703e-01 -1.026729897980407091e-01
2.858804318608124717e+01 -6.064886445510560442e+00 -3.918708015978148040e+01 -1.716424105693979030e+01 2.838117511081748745e+01 4.753912464827391382e+00 -1.924150756703326337e+01 -8.112672089476085091e-01 -8.897493065202022322e-01 4.825030947150784399e+00 -4.440048866394272764e+00 -3.168875336674916721e-01 -2.659960456054140998e+00 -1.202558510614569087e+00 -8.223094908352738264e-01 7.967027923216108753e+00 -6.319926010670513794e-02 -1.579538948555270911e-02 -1.578980242411436030e-02
4.576350746024701976e+01 -1.177809769716483856e+01 -9.832046410503966882e+00 4.737047402190238010e+00 -1.750588881013099396e+01 -1.038011356209513458e+01 -1.974149537688067779e+00 -5.493232712805173890e+00 -5.526435107653663970e+00 1.154899248131175504e+01 -1.204562976522055129e+00 -2.692218348641923331e+00 6.963134350405609796e-01 9.172903341360854057e-01 6.006227186961669018e-01 -6.319926010670513794e-02 4.011177854370743034e+00 -7.893807716870005278e-03 -7.891015561049029639e-03
9.632148243824913081e+00 6.315391148969973223e+00 -5.792547954665153043e+00 2.012681234317323486e+01 -7.185623566017152797e+00 7.862606606495790018e+00 -4.313263486361283761e+00 3.713450139871050215e+00 1.428850124655197673e-01 1.617674828439994439e+00 -8.080987427601478146e-01 -4.195517810946211568e-01 -5.853722884514094282e-01 -2.766911121783555139e-01 -1.027093195941111703e-01 -1.579538948555270911e-02 -7.893807716870005278e-03 1.008151472659160497e+00 -1.972201320282589761e-03
3.128736579402311691e+01 -4.999506371425452400e+00 -1.707495946855361169e+01 1.909611579761524425e+01 -3.096706421413232491e+00 -2.338427552381727281e+00 -5.330008008331267533e+00 4.729051543612441399e+00 -8.728773284976918401e-01 -2.441507896995621429e+00 1.219639093910918071e+00 -4.194033794626331746e-01 -5.851652336685642108e-01 -2.765932424648799848e-01 -1.026729897980407091e-01 -1.578980242411436030e-02 -7.891015561049029639e-03 -1.972201320282589761e-03 1.007438402803604305e+00
