1.206637994954643364e+04 -3.268127905459089675e+02 3.229535519623319146e+02 -7.680831979918646368e+01 1.302285436481155898e+02 4.711422840537775869e+01 -1.076854596537405229e+02 7.010692219544417014e+01 1.592606672853042404e+01 1.472518934154729209e+01 4.470593703576352773e+00
-3.268127905459089675e+02 6.989250868777519827e+03 3.049283405900274033e+02 2.717667601749942605e+02 9.814115184065759934e+01 1.142582488128492813e+01 -2.265113821357682866e+01 1.213380029921343350e+01 -1.275272323182477585e+01 -9.260247426655608294e+00 5.024474317032002091e+00
3.229535519623319146e+02 3.049283405900274033e+02 3.783530740016745767e+03 -1.748011034075163650e+02 5.749800874744389034e+01 3.797561135131677901e+01 -2.479996187989038958e+01 -1.006475980554346883e+01 3.106648628010048263e+00 -5.698196346410598245e+00 -1.696816115276853498e+00
-7.680831979918646368e+01 2.717667601749942605e+02 -1.748011034075163650e+02 1.718545097106900357e+03 2.185461619902866193e-01 9.801251304977986578e+00 2.324399312004251072e+01 -1.788668045363104309e+00 4.691197153384417895e+00 -2.307342110646664501e+00 2.755668416789612163e+00
1.302285436481155898e+02 9.814115184065759934e+01 5.749800874744389034e+01 2.185461619902866193e-01 9.214438881722745691e+02 -4.877126243597407296e+01 -2.353469598328588575e+01 2.721979752429154242e+00 -6.043257198359291982e-01 2.346958495493665919e-01 -6.995966444163502773e-01
4.711422840537775869e+01 1.142582488128492813e+01 3.797561135131677901e+01 9.801251304977986578e+00 -4.877126243597407296e+01 4.351161075635976090e+02 -9.093201597228711464e+00 -1.694153969908619928e+01 2.960236312555155180e+00 -1.435753908877588358e+00 1.258676837290005679e+00
-1.076854596537405229e+02 -2.265113821357682866e+01 -2.479996187989038958e+01 2.324399312004251072e+01 -2.353469598328588575e+01 -9.093201597228711464e+00 1.690278217695192495e+02 6.151664779474957712e+00 -5.583375619034848247e-01 -1.313629755791239084e+00 -3.336774224130591437e-01
7.010692219544417014e+01 1.213380029921343350e+01 -1.006475980554346883e+01 -1.788668045363104309e+00 2.721979752429154242e+00 -1.694153969908619928e+01 6.151664779474957712e+00 4.494416663038626325e+01 4.836345321270328901e-01 2.424016593791803231e+00 -9.178621824653104833e-02
1.592606672853042404e+01 -1.275272323182477585e+01 3.106648628010048263e+00 4.691197153384417895e+00 -6.043257198359291982e-01 2.960236312555155180e+00 -5.583375619034848247e-01 4.836345321270328901e-01 1.883936580869892907e+01 -2.373024486405990729e-01 -3.387715433395112330e-02
1.472518934154729209e+01 -9.260247426655608294e+00 -5.698196346410598245e+00 -2.307342110646664501e+00 2.346958495493665919e-01 -1.435753908877588358e+00 -1.313629755791239084e+00 2.424016593791803231e+00 -2.373024486405990729e-01 7.043031675043228468e+00 -1.393705476367523496e-02
4.470593703576352773e+00 5.024474317032002091e+00 -1.696816115276853498e+00 2.755668416789612163e+00 -6.995966444163502773e-01 1.258676837290005679e+00 -3.336774224130591437e-01 -9.178621824653104833e-02 -3.387715433395112330e-02 -1.393705476367523496e-02 1.016708863663564388e+00
