2.408455854732914304e+05 4.032087434576379746e+04 2.231280464773017229e+04 2.317907087008224335e+04 2.018201458814494981e+04 6.343780090968632067e+03 3.794854023039168169e+03 -3.158275419307692644e+01 1.037242821851871668e+03 1.675576182815624179e+03 1.886283388399276873e+03 1.395207958954136984e+03 -3.660596746301065707e+01 2.204049109784289726e+02 5.272815968831486089e+02 -1.389265091040997220e+02 4.455731343499912356e+01 4.222156070624109248e+00 -4.178856088075638553e+01
4.032087434576379746e+04 1.517966528426123841e+05 2.092645133381591950e+04 8.844553056543783896e+03 1.187274817546269514e+04 2.430587669768211072e+03 1.521330207656592393e+03 2.621918631294487113e+03 2.951828810411464588e+02 2.191909305149129978e+03 -1.143856547765238929e+03 3.914107602339130665e+01 -4.261975224071663320e+02 -5.922298320408872314e+02 1.500699750494549889e+01 9.113685422019639759e+01 8.823789828517483613e+01 2.919238429336073537e+01 2.293406395970071898e+01
2.231280464773017229e+04 2.092645133381591950e+04 1.127073123826923111e+05 6.152052572059656086e+03 1.103699914153248938e+04 5.849250204756786843e+03 5.600963303048479247e+03 5.077987410009927771e+03 1.626954454898433823e+03 1.251062625149478890e+03 -4.626711335869068193e+02 7.578750436826421719e+02 4.962290090240834957e+02 1.729616542522719840e+02 1.300193176337520811e+02 5.687841491953773954e+01 -6.990302115851865672e+00 3.497165906861536655e+01 2.611581274100918293e+01
2.317907087008224335e+04 8.844553056543783896e+03 6.152052572059656086e+03 7.470076998172566528e+04 1.028725248750374340e+04 3.776646604838924304e+03 1.473035752029062905e+03 2.494738282833922582e+01 -2.150766647203708359e+01 9.313997589514727906e+02 1.266054199875972472e+03 2.687231639024240621e+02 -4.288270571416448718e+01 -2.026664790229699520e+02 1.436783138636199908e+02 7.507789681175357543e+01 -3.167470351032757758e+00 -2.870541658365798909e+01 1.152627873064969855e+01
2.018201458814494981e+04 1.187274817546269514e+04 1.103699914153248938e+04 1.028725248750374340e+04 5.872709742548919166e+04 3.654736138687840594e+03 2.680839298789182521e+03 4.854010983120529090e+03 4.350211208537546099e+02 8.441578079127738192e+02 -2.311548490951787187e+02 4.769736216256175965e+01 -7.523847974869237021e+01 4.846792453081445018e+01 3.837556742427051404e+01 8.131282339726294595e+01 -2.926916492996634389e+01 -3.291809000083028014e-01 1.284173078337105878e+01
6.343780090968632067e+03 2.430587669768211072e+03 5.849250204756786843e+03 3.776646604838924304e+03 3.654736138687840594e+03 3.359028892813307903e+04 2.667142212977475083e+03 1.554060677782445509e+03 6.102376634809681946e+02 3.027826656725858356e+02 6.531922856883003305e+02 2.919719786598412270e+02 2.067982639524321087e+02 -1.232237728471898777e+02 7.465952328791726877e+00 -3.195436464791592357e+01 1.593797615250404220e+01 -3.760081068041433383e+00 -3.503985805704945999e+00
3.794854023039168169e+03 1.521330207656592393e+03 5.600963303048479247e+03 1.473035752029062905e+03 2.680839298789182521e+03 2.667142212977475083e+03 2.244052810888786553e+04 1.731576732307738212e+03 2.581092763466613746e+02 3.898564764383963279e+02 9.567444296031457895e+01 -1.745592869481146181e+02 1.201846268249513798e+02 -2.546287597362889699e+02 7.009328316608855403e+01 -8.159458865714356079e+00 -1.398804644737165326e+01 -9.536947918249593314e+00 2.586596841896293952e+01
-3.158275419307692644e+01 2.621918631294487113e+03 5.077987410009927771e+03 2.494738282833922582e+01 4.854010983120529090e+03 1.554060677782445509e+03 1.731576732307738212e+03 1.398702773628827890e+04 1.754973693919045843e+02 5.823616726453132060e+02 1.225001409633507734e+02 -1.791856297266845672e+02 -2.207511148884733032e+01 1.181363963796130534e+01 2.172734332205977736e+01 -1.478472846290989651e+01 -9.412273825627956114e+00 -4.704533772457636154e+00 -1.798796824017893314e+01
1.037242821851871668e+03 2.951828810411464588e+02 1.626954454898433823e+03 -2.150766647203708359e+01 4.350211208537546099e+02 6.102376634809681946e+02 2.581092763466613746e+02 1.754973693919045843e+02 8.529630477136815898e+03 2.096673941785751083e+02 -1.271112930103826812e+02 1.173153701751726885e+02 -1.633074302243339559e+02 -1.763401728733804319e+01 -5.532985335640194791e+01 -1.438220569629266876e+01 -2.198108723510661022e+01 8.816812542125255447e+00 -1.246630517148435047e+01
1.675576182815624179e+03 2.191909305149129978e+03 1.251062625149478890e+03 9.313997589514727906e+02 8.441578079127738192e+02 3.027826656725858356e+02 3.898564764383963279e+02 5.823616726453132060e+02 2.096673941785751083e+02 5.268366812543868946e+03 2.610427396144308432e+02 -1.584275778030741435e+02 -1.032875643706006930e+00 -2.613951433736103169e+01 5.991654981766576782e+01 -3.196671448101296065e+01 1.366881672492148603e+01 1.038285974443086701e+01 4.738068417655413533e+00
1.886283388399276873e+03 -1.143856547765238929e+03 -4.626711335869068193e+02 1.266054199875972472e+03 -2.311548490951787187e+02 6.531922856883003305e+02 9.567444296031457895e+01 1.225001409633507734e+02 -1.271112930103826812e+02 2.610427396144308432e+02 2.606442179599635892e+03 -8.299228676165449770e+01 -1.015463722131276825e+01 -5.925616244963980961e+01 7.110097136557982367e+00 1.172300193757379994e+01 -9.303598991669273843e+00 -1.073172191811707599e+01 -4.308269717142513500e+00
1.395207958954136984e+03 3.914107602339130665e+01 7.578750436826421719e+02 2.687231639024240621e+02 4.769736216256175965e+01 2.919719786598412270e+02 -1.745592869481146181e+02 -1.791856297266845672e+02 1.173153701751726885e+02 -1.584275778030741435e+02 -8.299228676165449770e+01 1.325557897861781839e+03 -4.434364387081276249e+01 7.558141290450847372e+00 -1.184199924307765706e+01 -1.403575636038642438e+00 -4.729205540296341326e+00 7.763936642646677377e+00 1.156784976160797562e+00
-3.660596746301065707e+01 -4.261975224071663320e+02 4.962290090240834957e+02 -4.288270571416448718e+01 -7.523847974869237021e+01 2.067982639524321087e+02 1.201846268249513798e+02 -2.207511148884733032e+01 -1.633074302243339559e+02 -1.032875643706006930e+00 -1.015463722131276825e+01 -4.434364387081276249e+01 6.323995485565519630e+02 2.899537619814864087e+01 8.453179180806232651e+00 -2.561848137808145243e+00 -3.294270927600104759e+00 -1.646574368918231723e+00 2.329724711681234073e+00
2.204049109784289726e+02 -5.922298320408872314e+02 1.729616542522719840e+02 -2.026664790229699520e+02 4.846792453081445018e+01 -1.232237728471898777e+02 -2.546287597362889699e+02 1.181363963796130534e+01 -1.763401728733804319e+01 -2.613951433736103169e+01 -5.925616244963980961e+01 7.558141290450847372e+00 2.899537619814864087e+01 3.199365986873691554e+02 1.174528880777072892e+01 -3.262124720285814572e+00 3.106489298371958974e+00 2.058434593775340993e+00 -7.069795172358388502e-01
5.272815968831486089e+02 1.500699750494549889e+01 1.300193176337520811e+02 1.436783138636199908e+02 3.837556742427051404e+01 7.465952328791726877e+00 7.009328316608855403e+01 2.172734332205977736e+01 -5.532985335640194791e+01 5.991654981766576782e+01 7.110097136557982367e+00 -1.184199924307765706e+01 8.453179180806232651e+00 1.174528880777072892e+01 1.268678389756854443e+02 -3.570564869496719140e+00 -2.279214960803800150e+00 3.771072468014524115e-01 -7.046187229718066103e-01
-1.389265091040997220e+02 9.113685422019639759e+01 5.687841491953773954e+01 7.507789681175357543e+01 8.131282339726294595e+01 -3.195436464791592357e+01 -8.159458865714356079e+00 -1.478472846290989651e+01 -1.438220569629266876e+01 -3.196671448101296065e+01 1.172300193757379994e+01 -1.403575636038642438e+00 -2.561848137808145243e+00 -3.262124720285814572e+00 -3.570564869496719140e+00 4.016206752737209484e+01 -1.133142374909348771e+00 4.440247099680181830e-01 -2.426521727751719537e-01
4.455731343499912356e+01 8.823789828517483613e+01 -6.990302115851865672e+00 -3.167470351032757758e+00 -2.926916492996634389e+01 1.593797615250404220e+01 -1.398804644737165326e+01 -9.412273825627956114e+00 -2.198108723510661022e+01 1.366881672492148603e+01 -9.303598991669273843e+00 -4.729205540296341326e+00 -3.294270927600104759e+00 3.106489298371958974e+00 -2.279214960803800150e+00 -1.133142374909348771e+00 1.375721959938655559e+01 -1.933086998469253914e-01 -8.281882534760139081e-02
4.222156070624109248e+00 2.919238429336073537e+01 3.497165906861536655e+01 -2.870541658365798909e+01 -3.291809000083028014e-01 -3.760081068041433383e+00 -9.536947918249593314e+00 -4.704533772457636154e+00 8.816812542125255447e+00 1.038285974443086701e+01 -1.073172191811707599e+01 7.763936642646677377e+00 -1.646574368918231723e+00 2.058434593775340993e+00 3.771072468014524115e-01 4.440247099680181830e-01 -1.933086998469253914e-01 6.970545640918972552e+00 -4.139530660297877779e-02
-4.178856088075638553e+01 2.293406395970071898e+01 2.611581274100918293e+01 1.152627873064969855e+01 1.284173078337105878e+01 -3.503985805704945999e+00 2.586596841896293952e+01 -1.798796824017893314e+01 -1.246630517148435047e+01 4.738068417655413533e+00 -4.308269717142513500e+00 1.156784976160797562e+00 2.329724711681234073e+00 -7.069795172358388502e-01 -7.046187229718066103e-01 -2.426521727751719537e-01 -8.281882534760139081e-02 -4.139530660297877779e-02 3.009021548216110897e+00
