1.955364337115582312e+06 1.182078537750612944e+06 7.738263698439022992e+05 5.943642532005951507e+05 4.065807076412544702e+05 2.699957424795195111e+05 1.821254809532645741e+05 1.153426857280652330e+05 7.273514890031404502e+04 3.593729178426800354e+04 1.205059502682561288e+04 5.258530842023419609e+03 8.640849261453245163e+02 1.505307960676850882e+02
1.182078537750612944e+06 1.062479929105603369e+06 5.814016949996841140e+05 4.266136956276774872e+05 2.940366288425514940e+05 1.991831822947866167e+05 1.320046611341024982e+05 8.307870732725170092e+04 5.129080749537349038e+04 2.614373713335981301e+04 9.746533262356944761e+03 4.624188173298933179e+03 9.952922668034705111e+02 1.228524706936773043e+02
7.738263698439022992e+05 5.814016949996841140e+05 5.236434848213165533e+05 2.889675521769853076e+05 1.942097033023141557e+05 1.287963694992074452e+05 8.878102470502839424e+04 5.643153290620389453e+04 3.414449668927624589e+04 1.557270898932041928e+04 5.841107042329535034e+03 2.353371379552230792e+03 4.946177136270416668e+02 1.278112752325661887e+02
5.943642532005951507e+05 4.266136956276774872e+05 2.889675521769853076e+05 3.160189858341441141e+05 1.471581383956031932e+05 1.039214686830962310e+05 6.735695381068289862e+04 4.189457289149309509e+04 2.772194873640876176e+04 1.298171891192214025e+04 4.795797320016212325e+03 1.879345743927154672e+03 5.249038721512342818e+02 1.529288260997725502e+02
4.065807076412544702e+05 2.940366288425514940e+05 1.942097033023141557e+05 1.471581383956031932e+05 1.526483703110744536e+05 7.108328071659884881e+04 4.456794500633560529e+04 2.801934171514214177e+04 1.705520527265050623e+04 8.695145131950121140e+03 2.761775697856449369e+03 1.389063307815119742e+03 3.201575974356611596e+02 6.111153066968765302e+01
2.699957424795195111e+05 1.991831822947866167e+05 1.287963694992074452e+05 1.039214686830962310e+05 7.108328071659884881e+04 7.782392156892338244e+04 3.194689726218697615e+04 1.944294514803373022e+04 1.183484095112932482e+04 5.894338211020798553e+03 2.330163625292402230e+03 9.355179859145493992e+02 2.181560272823648177e+02 4.574884440546590270e+01
1.821254809532645741e+05 1.320046611341024982e+05 8.878102470502839424e+04 6.735695381068289862e+04 4.456794500633560529e+04 3.194689726218697615e+04 3.843332536256918684e+04 1.309187731358189012e+04 8.618312092860736811e+03 3.691611352591233754e+03 1.251671677115159355e+03 6.134349056567469916e+02 1.445582699208371764e+02 2.325285212602520346e+01
1.153426857280652330e+05 8.307870732725170092e+04 5.643153290620389453e+04 4.189457289149309509e+04 2.801934171514214177e+04 1.944294514803373022e+04 1.309187731358189012e+04 1.781271413635729550e+04 5.544849353364643321e+03 3.027888404226333478e+03 9.268180192324330164e+02 3.371300814564809798e+02 7.976636118887169857e+01 1.613915387885261765e+01
7.273514890031404502e+04 5.129080749537349038e+04 3.414449668927624589e+04 2.772194873640876176e+04 1.705520527265050623e+04 1.183484095112932482e+04 8.618312092860736811e+03 5.544849353364643321e+03 8.061427951026173105e+03 1.762887366393331376e+03 6.878954048123071061e+02 2.827047996905589571e+02 7.721539056605689666e+01 2.279991268415723482e+01
3.593729178426800354e+04 2.614373713335981301e+04 1.557270898932041928e+04 1.298171891192214025e+04 8.695145131950121140e+03 5.894338211020798553e+03 3.691611352591233754e+03 3.027888404226333478e+03 1.762887366393331376e+03 3.020911960355575957e+03 3.484319989583352140e+02 1.939816100581743399e+02 6.464877202522941957e+01 -2.311755852650808407e+00
1.205059502682561288e+04 9.746533262356944761e+03 5.841107042329535034e+03 4.795797320016212325e+03 2.761775697856449369e+03 2.330163625292402230e+03 1.251671677115159355e+03 9.268180192324330164e+02 6.878954048123071061e+02 3.484319989583352140e+02 8.063478923564134675e+02 4.699785923001194021e+01 1.651954457894973061e+01 6.099976639182449034e+00
5.258530842023419609e+03 4.624188173298933179e+03 2.353371379552230792e+03 1.879345743927154672e+03 1.389063307815119742e+03 9.355179859145493992e+02 6.134349056567469916e+02 3.371300814564809798e+02 2.827047996905589571e+02 1.939816100581743399e+02 4.699785923001194021e+01 2.349618452747959623e+02 6.303897426863408704e+00 -6.078408094331755329e-02
8.640849261453245163e+02 9.952922668034705111e+02 4.946177136270416668e+02 5.249038721512342818e+02 3.201575974356611596e+02 2.181560272823648177e+02 1.445582699208371764e+02 7.976636118887169857e+01 7.721539056605689666e+01 6.464877202522941957e+01 1.651954457894973061e+01 6.303897426863408704e+00 4.355865671470313316e+01 5.823507109730736708e-01
1.505307960676850882e+02 1.228524706936773043e+02 1.278112752325661887e+02 1.529288260997725502e+02 6.111153066968765302e+01 4.574884440546590270e+01 2.325285212602520346e+01 1.613915387885261765e+01 2.279991268415723482e+01 -2.311755852650808407e+00 6.099976639182449034e+00 -6.078408094331755329e-02 5.823507109730736708e-01 4.970569199719669484e+00
