2.024764484583947342e+06 1.146920382789763855e+06 8.128452951586139388e+05 5.694209337624579202e+05 3.780119755675105262e+05 2.180656819289733248e+05 1.639464836367396056e+05 9.081838701059285086e+04 4.649768396205527824e+04 1.829462414663307209e+04 8.587430271845134484e+03 1.122634047835322463e+03 1.408735435934721920e+02
1.146920382789763855e+06 9.811000175213183975e+05 5.547511303022872889e+05 3.918870113847987377e+05 2.480227660619401431e+05 1.487822916077885602e+05 1.102303733004421811e+05 6.049541241890676611e+04 3.056445199603819492e+04 1.188576440908997574e+04 5.762394399565549975e+03 7.818890241307743736e+02 6.890827569715202117e+01
8.128452951586139388e+05 5.547511303022872889e+05 5.243086974324355833e+05 2.835476004598867730e+05 1.848990746560877014e+05 1.118116433880824188e+05 7.773085144151622080e+04 4.593462202908611653e+04 2.165270150344858848e+04 8.250822859814848925e+03 3.678537476610067642e+03 7.313438824867006360e+02 8.022662054032021217e+01
5.694209337624579202e+05 3.918870113847987377e+05 2.835476004598867730e+05 2.669618441396213020e+05 1.294320450384531578e+05 7.503834188352129422e+04 5.452323217623241362e+04 2.882088510126759502e+04 1.526094604880758197e+04 6.190870631508431870e+03 2.614193876824731888e+03 4.923299062694441091e+02 4.255462968276518154e+01
3.780119755675105262e+05 2.480227660619401431e+05 1.848990746560877014e+05 1.294320450384531578e+05 1.267157377146428626e+05 5.142677176122197125e+04 3.678559269637399120e+04 2.033031047734753156e+04 9.769609334891911203e+03 4.107612415927048460e+03 1.842399971959464892e+03 3.130966697172573845e+02 2.757343355886253633e+01
2.180656819289733248e+05 1.487822916077885602e+05 1.118116433880824188e+05 7.503834188352129422e+04 5.142677176122197125e+04 5.590034128923260869e+04 2.339281631158074742e+04 1.414190485034907033e+04 6.776696882288545567e+03 2.546432626768817954e+03 1.025704254204739073e+03 2.628968752041139965e+02 1.681719533612428208e+01
1.639464836367396056e+05 1.102303733004421811e+05 7.773085144151622080e+04 5.452323217623241362e+04 3.678559269637399120e+04 2.339281631158074742e+04 2.812915498639764701e+04 9.319987185805215631e+03 4.788041885392453878e+03 1.700403210933746095e+03 5.883749935930125048e+02 1.386184624250162187e+02 1.667830723820277328e+01
9.081838701059285086e+04 6.049541241890676611e+04 4.593462202908611653e+04 2.882088510126759502e+04 2.033031047734753156e+04 1.414190485034907033e+04 9.319987185805215631e+03 1.255244841824976538e+04 2.702231634178584954e+03 1.437746028391489745e+03 4.098505921441708892e+02 1.565172721132162508e+02 1.896890569886340216e+01
4.649768396205527824e+04 3.056445199603819492e+04 2.165270150344858848e+04 1.526094604880758197e+04 9.769609334891911203e+03 6.776696882288545567e+03 4.788041885392453878e+03 2.702231634178584954e+03 4.030008985389241388e+03 6.618200888774053965e+02 2.827612279916146463e+02 6.296683809364873241e+01 3.651803093025443037e-01
1.829462414663307209e+04 1.188576440908997574e+04 8.250822859814848925e+03 6.190870631508431870e+03 4.107612415927048460e+03 2.546432626768817954e+03 1.700403210933746095e+03 1.437746028391489745e+03 6.618200888774053965e+02 1.332628488248150006e+03 7.563775818251951932e+01 3.360472374277746610e+01 -4.679044951834542054e+00
8.587430271845134484e+03 5.762394399565549975e+03 3.678537476610067642e+03 2.614193876824731888e+03 1.842399971959464892e+03 1.025704254204739073e+03 5.883749935930125048e+02 4.098505921441708892e+02 2.827612279916146463e+02 7.563775818251951932e+01 3.184365454149427137e+02 1.538563463146675137e+00 9.575767028408449510e-01
1.122634047835322463e+03 7.818890241307743736e+02 7.313438824867006360e+02 4.923299062694441091e+02 3.130966697172573845e+02 2.628968752041139965e+02 1.386184624250162187e+02 1.565172721132162508e+02 6.296683809364873241e+01 3.360472374277746610e+01 1.538563463146675137e+00 7.075537883932906880e+01 4.316291990073797130e-02
1.408735435934721920e+02 6.890827569715202117e+01 8.022662054032021217e+01 4.255462968276518154e+01 2.757343355886253633e+01 1.681719533612428208e+01 1.667830723820277328e+01 1.896890569886340216e+01 3.651803093025443037e-01 -4.679044951834542054e+00 9.575767028408449510e-01 4.316291990073797130e-02 6.934768229829216146e+00
