1.849543362260869471e+06 1.080111186580296373e+06 7.489781855702815810e+05 5.259874366715436336e+05 3.631634461787097971e+05 2.210779015815288003e+05 1.532179785846695595e+05 8.107239946334730485e+04 4.617541724711260758e+04 1.713148002865927992e+04 5.656656758067507326e+03 1.134475288727193174e+03 2.101302228618683898e+02 8.817861099084561260e+01
1.080111186580296373e+06 9.657087988978330977e+05 5.232242131941866828e+05 3.687559328220454045e+05 2.544308003091962601e+05 1.616569297561421117e+05 1.028250529306783428e+05 5.778128333687409031e+04 3.392060163846328942e+04 1.331482748761911171e+04 4.133471667742372119e+03 1.080017062101292595e+03 1.830737099452069572e+02 -2.429373835750090649e+01
7.489781855702815810e+05 5.232242131941866828e+05 4.815171670817435952e+05 2.605509483339486469e+05 1.688879314760556153e+05 1.073955251490844093e+05 7.200005034770880593e+04 4.141863748653107905e+04 2.292744315001440191e+04 9.714577791434725441e+03 3.474807835081547182e+03 7.524961308793347143e+02 7.499107557893030673e+01 1.443528406477668469e+01
5.259874366715436336e+05 3.687559328220454045e+05 2.605509483339486469e+05 2.685271867259647697e+05 1.257221815029973513e+05 7.617766407380824967e+04 5.010375723122673662e+04 3.004042330692734686e+04 1.636740615802171669e+04 6.538843076645714973e+03 2.128991099219431817e+03 5.340188980478219491e+02 -4.585479134646553945e+01 6.918025963983789950e+01
3.631634461787097971e+05 2.544308003091962601e+05 1.688879314760556153e+05 1.257221815029973513e+05 1.335724813174615556e+05 5.356146479744644603e+04 3.708230958798025677e+04 2.117450634839013583e+04 1.066968552136509243e+04 4.052277071930085640e+03 1.191831003051789821e+03 3.248101892371146846e+02 3.888106306475739871e+01 9.215079662763493218e+00
2.210779015815288003e+05 1.616569297561421117e+05 1.073955251490844093e+05 7.617766407380824967e+04 5.356146479744644603e+04 6.572380699795110559e+04 2.352831950921833050e+04 1.288414217852540060e+04 7.008690947491022598e+03 2.825860107722550310e+03 7.760655514883203523e+02 4.023468800749656111e+02 1.876588336216521924e+01 3.935521470111408515e+00
1.532179785846695595e+05 1.028250529306783428e+05 7.200005034770880593e+04 5.010375723122673662e+04 3.708230958798025677e+04 2.352831950921833050e+04 2.779180113199210973e+04 9.096413455987474663e+03 5.016434990079345880e+03 2.006305919998943182e+03 5.710902128044945130e+02 8.114455734382806895e+01 1.195249221691538466e+00 -4.733483776482195537e+00
8.107239946334730485e+04 5.778128333687409031e+04 4.141863748653107905e+04 3.004042330692734686e+04 2.117450634839013583e+04 1.288414217852540060e+04 9.096413455987474663e+03 1.154640742029558896e+04 2.881596832192711190e+03 1.133432009260890936e+03 4.169993314346200464e+02 1.121088719128239717e+02 1.029378966058765776e+01 6.847639771261586183e+00
4.617541724711260758e+04 3.392060163846328942e+04 2.292744315001440191e+04 1.636740615802171669e+04 1.066968552136509243e+04 7.008690947491022598e+03 5.016434990079345880e+03 2.881596832192711190e+03 4.361078582794912109e+03 6.794615627305064436e+02 2.886245626728172624e+02 4.369650305185029993e+01 5.749098022066307934e+00 -6.604716005588372241e+00
1.713148002865927992e+04 1.331482748761911171e+04 9.714577791434725441e+03 6.538843076645714973e+03 4.052277071930085640e+03 2.825860107722550310e+03 2.006305919998943182e+03 1.133432009260890936e+03 6.794615627305064436e+02 1.307443090224821162e+03 1.392060786174325244e+02 1.954805271855849824e+01 4.255412522254490959e+00 -1.197241450555417419e+00
5.656656758067507326e+03 4.133471667742372119e+03 3.474807835081547182e+03 2.128991099219431817e+03 1.191831003051789821e+03 7.760655514883203523e+02 5.710902128044945130e+02 4.169993314346200464e+02 2.886245626728172624e+02 1.392060786174325244e+02 3.724053847594752824e+02 1.330623040635513732e+01 3.453735089069331909e-01 8.398266351749557046e-01
1.134475288727193174e+03 1.080017062101292595e+03 7.524961308793347143e+02 5.340188980478219491e+02 3.248101892371146846e+02 4.023468800749656111e+02 8.114455734382806895e+01 1.121088719128239717e+02 4.369650305185029993e+01 1.954805271855849824e+01 1.330623040635513732e+01 5.769835418640156632e+01 -9.103869035396228160e-01 7.769136054463433583e-01
2.101302228618683898e+02 1.830737099452069572e+02 7.499107557893030673e+01 -4.585479134646553945e+01 3.888106306475739871e+01 1.876588336216521924e+01 1.195249221691538466e+00 1.029378966058765776e+01 5.749098022066307934e+00 4.255412522254490959e+00 3.453735089069331909e-01 -9.103869035396228160e-01 7.910055926495612511e+00 -3.138690792664573098e-02
8.817861099084561260e+01 -2.429373835750090649e+01 1.443528406477668469e+01 6.918025963983789950e+01 9.215079662763493218e+00 3.935521470111408515e+00 -4.733483776482195537e+00 6.847639771261586183e+00 -6.604716005588372241e+00 -1.197241450555417419e+00 8.398266351749557046e-01 7.769136054463433583e-01 -3.138690792664573098e-02 2.000774955764565988e+00
