1.766016874212235678e+06 9.766094035105475923e+05 6.895411134736589156e+05 4.707692516613319167e+05 2.910496067391341203e+05 1.840435362169099099e+05 9.487216537258023163e+04 4.857225274345378421e+04 2.532916218905999995e+04 6.359110903528729978e+03 2.948825600194182698e+03 4.103930558726297022e+02 4.504858765864790371e+01
9.766094035105475923e+05 8.367605546504349913e+05 4.616678440887480392e+05 3.193877023822880001e+05 1.983606809454904287e+05 1.262641877047719609e+05 6.823540028248829185e+04 3.431737312832973839e+04 1.584857553446273050e+04 5.329787682953350668e+03 2.012409100075719152e+03 3.591382294942333147e+02 1.453726216754179390e+01
6.895411134736589156e+05 4.616678440887480392e+05 4.277502166458151187e+05 2.278558200963595882e+05 1.347437345917987695e+05 8.674242729011164920e+04 4.590487514036319044e+04 2.459937797724358097e+04 1.222791667277907982e+04 3.220142811584803894e+03 1.334401028036838625e+03 1.775219377652438766e+02 2.431720970235990364e+01
4.707692516613319167e+05 3.193877023822880001e+05 2.278558200963595882e+05 2.239131479752027662e+05 9.478132752403849736e+04 6.076563335037927754e+04 3.471445394598156417e+04 1.733471306933874075e+04 8.319800585199849593e+03 2.395823760231546657e+03 1.009104836625514054e+03 1.665856311348325391e+02 1.281125137204093178e+01
2.910496067391341203e+05 1.983606809454904287e+05 1.347437345917987695e+05 9.478132752403849736e+04 9.730005966368918598e+04 3.784381502280606946e+04 2.177322331177980595e+04 9.823096424324943655e+03 4.771574293596787356e+03 1.454398584707916370e+03 4.717474818755493970e+02 8.100263706416642151e+01 6.463248645432054573e+00
1.840435362169099099e+05 1.262641877047719609e+05 8.674242729011164920e+04 6.076563335037927754e+04 3.784381502280606946e+04 4.472462860485602869e+04 1.304768110179485848e+04 6.802942965110923069e+03 3.331812167650420633e+03 9.995220738664554574e+02 3.627716666809544677e+02 3.644660650258579437e+01 8.323720428914221259e+00
9.487216537258023163e+04 6.823540028248829185e+04 4.590487514036319044e+04 3.471445394598156417e+04 2.177322331177980595e+04 1.304768110179485848e+04 1.654566376832719106e+04 3.933854903118741277e+03 1.967962062270038814e+03 6.202113125191909830e+02 2.678703996404840382e+02 2.925907855803782098e+01 5.588643924080596292e+00
4.857225274345378421e+04 3.431737312832973839e+04 2.459937797724358097e+04 1.733471306933874075e+04 9.823096424324943655e+03 6.802942965110923069e+03 3.933854903118741277e+03 5.845692030208889264e+03 9.769169807123384999e+02 2.517398086567122562e+02 1.228578907966052327e+02 6.692489403622192690e+00 5.477959407617535526e+00
2.532916218905999995e+04 1.584857553446273050e+04 1.222791667277907982e+04 8.319800585199849593e+03 4.771574293596787356e+03 3.331812167650420633e+03 1.967962062270038814e+03 9.769169807123384999e+02 1.960985473561114532e+03 1.790497378626361069e+02 7.762721320734576125e+01 5.718632834070079163e+00 1.298487895399582370e-01
6.359110903528729978e+03 5.329787682953350668e+03 3.220142811584803894e+03 2.395823760231546657e+03 1.454398584707916370e+03 9.995220738664554574e+02 6.202113125191909830e+02 2.517398086567122562e+02 1.790497378626361069e+02 5.134492075212756390e+02 3.635599133803675898e+01 7.898073459128338136e+00 -7.864748193617933092e-01
2.948825600194182698e+03 2.012409100075719152e+03 1.334401028036838625e+03 1.009104836625514054e+03 4.717474818755493970e+02 3.627716666809544677e+02 2.678703996404840382e+02 1.228578907966052327e+02 7.762721320734576125e+01 3.635599133803675898e+01 1.158564127646291695e+02 -5.680884939694136326e-01 -1.984892042414094226e-01
4.103930558726297022e+02 3.591382294942333147e+02 1.775219377652438766e+02 1.665856311348325391e+02 8.100263706416642151e+01 3.644660650258579437e+01 2.925907855803782098e+01 6.692489403622192690e+00 5.718632834070079163e+00 7.898073459128338136e+00 -5.680884939694136326e-01 1.274722021610027234e+01 -2.553949522201636249e-02
4.504858765864790371e+01 1.453726216754179390e+01 2.431720970235990364e+01 1.281125137204093178e+01 6.463248645432054573e+00 8.323720428914221259e+00 5.588643924080596292e+00 5.477959407617535526e+00 1.298487895399582370e-01 -7.864748193617933092e-01 -1.984892042414094226e-01 -2.553949522201636249e-02 1.003661403978269639e+00
