1.459292520744633861e+06 7.284247468685191125e+05 3.763248544044207665e+05 1.763493723524348752e+05 7.928218240728821547e+04 3.097891293251149182e+04 8.990929252236350294e+03 2.233967420917678737e+03 1.418027528098055427e+03 3.307490870139408798e+02 -3.455751896715118932e+01
7.284247468685191125e+05 4.413603637975929887e+05 2.059534476052445825e+05 9.588703276360256132e+04 4.283747261889893707e+04 1.633246645228093621e+04 4.983018821339137503e+03 1.058722216951249948e+03 7.103677328478205482e+02 1.484460233887752736e+02 -2.830654721346955682e+01
3.763248544044207665e+05 2.059534476052445825e+05 1.260900418872967275e+05 4.995257992711906991e+04 2.184237589826990370e+04 8.640045436290965881e+03 2.725120216585852631e+03 6.218491833647543672e+02 3.287034385556689813e+02 8.899958173286577789e+01 -3.786124386383304063e+00
1.763493723524348752e+05 9.588703276360256132e+04 4.995257992711906991e+04 3.371093463679686829e+04 1.128462278380872158e+04 4.444976497294236651e+03 1.245255014227170932e+03 3.840883900788796836e+02 1.729947261433320307e+02 6.525124187041711821e+01 -4.815822390151213384e+00
7.928218240728821547e+04 4.283747261889893707e+04 2.184237589826990370e+04 1.128462278380872158e+04 8.639393169841730924e+03 2.045168386093713707e+03 6.945045850914497123e+02 1.475006999669434151e+02 7.725834221558726256e+01 1.930709714736815386e+01 1.873931499791545996e-01
3.097891293251149182e+04 1.633246645228093621e+04 8.640045436290965881e+03 4.444976497294236651e+03 2.045168386093713707e+03 2.154838928208238940e+03 2.692888421393490717e+02 1.353474705094880903e+02 4.232934178250294366e+01 1.259538533002329430e+01 -2.270839655020324255e+00
8.990929252236350294e+03 4.983018821339137503e+03 2.725120216585852631e+03 1.245255014227170932e+03 6.945045850914497123e+02 2.692888421393490717e+02 4.436810055122225549e+02 5.528461448380830312e+00 1.107065173459193552e+01 5.788981122064693174e+00 2.931325656426116977e-01
2.233967420917678737e+03 1.058722216951249948e+03 6.218491833647543672e+02 3.840883900788796836e+02 1.475006999669434151e+02 1.353474705094880903e+02 5.528461448380830312e+00 9.756217648043438828e+01 -2.674999281285270203e-01 1.946487163818617860e+00 -1.788858865479244498e-01
1.418027528098055427e+03 7.103677328478205482e+02 3.287034385556689813e+02 1.729947261433320307e+02 7.725834221558726256e+01 4.232934178250294366e+01 1.107065173459193552e+01 -2.674999281285270203e-01 2.705012018924055184e+01 7.231529664664153589e-01 -4.715328251156170047e-02
3.307490870139408798e+02 1.484460233887752736e+02 8.899958173286577789e+01 6.525124187041711821e+01 1.930709714736815386e+01 1.259538533002329430e+01 5.788981122064693174e+00 1.946487163818617860e+00 7.231529664664153589e-01 5.963698906733784888e+00 -1.178375020949318751e-02
-3.455751896715118932e+01 -2.830654721346955682e+01 -3.786124386383304063e+00 -4.815822390151213384e+00 1.873931499791545996e-01 -2.270839655020324255e+00 2.931325656426116977e-01 -1.788858865479244498e-01 -4.715328251156170047e-02 -1.178375020949318751e-02 1.003394031530906672e+00
