1.967898076052013785e+07 1.316647724263920821e+07 9.147718462732668966e+06 6.422845772072488442e+06 4.545644074519362301e+06 3.195138958189991768e+06 2.205436252369055059e+06 1.585899282869101036e+06 1.094305361439728411e+06 7.562568652316605439e+05 5.716473133072186029e+05 4.008439688623149996e+05 2.845960116568907397e+05 1.816668620090142649e+05 1.310195445017995808e+05 6.807169240180589259e+04 5.260807788677600183e+04 3.166340080387752823e+04 1.155161714444060635e+04 3.107796146468646384e+03 1.067624340532898941e+03 1.252858204928898886e+03
1.316647724263920821e+07 9.549848401285037398e+06 6.371943153798720799e+06 4.467112922245107591e+06 3.137594279282349627e+06 2.193818158891398925e+06 1.530374872307343641e+06 1.092583353966673138e+06 7.493535467454171740e+05 5.216965616089192918e+05 3.921185420161777874e+05 2.751614852844934794e+05 1.937852331880861020e+05 1.270911615911003755e+05 9.053786985155171715e+04 4.905682175457161065e+04 3.751173518487005640e+04 2.172088268604467885e+04 7.834004365220189356e+03 2.022973725194403414e+03 7.174785866930594693e+02 8.163246537305781203e+02
9.147718462732668966e+06 6.371943153798720799e+06 4.663020556515963748e+06 3.096664833465365693e+06 2.186564942289602477e+06 1.528326881436713738e+06 1.057320353391910670e+06 7.630370235250641126e+05 5.298174886946784100e+05 3.642632101681871573e+05 2.733044007447120966e+05 1.923313654534744564e+05 1.341536419471362315e+05 8.660339499830661225e+04 6.435088788117351942e+04 3.292618919784951140e+04 2.564111438962461034e+04 1.515225815448225148e+04 5.509714346403972741e+03 1.313168676925538875e+03 5.060328174234257972e+02 5.144018734279713954e+02
6.422845772072488442e+06 4.467112922245107591e+06 3.096664833465365693e+06 2.335404453123840969e+06 1.531048827679785667e+06 1.076540215952210594e+06 7.472566938906948781e+05 5.389984669677407946e+05 3.716170770654610824e+05 2.549638380802295287e+05 1.898387174889919115e+05 1.379071082239280804e+05 9.391865008636897255e+04 6.120394808523636311e+04 4.408350464377630124e+04 2.297038682377703299e+04 1.807775341818082234e+04 1.036819014759775928e+04 4.055706037398813351e+03 1.012195599906297502e+03 3.458453429978275722e+02 3.741458484089948797e+02
4.545644074519362301e+06 3.137594279282349627e+06 2.186564942289602477e+06 1.531048827679785667e+06 1.210723574543889845e+06 7.649306048426808557e+05 5.314343132502858061e+05 3.828997953867355245e+05 2.575590129177350318e+05 1.818617233129320666e+05 1.362082487529694918e+05 9.534294642404479964e+04 6.780245907735599030e+04 4.206789358063478721e+04 3.016859422254701713e+04 1.611849942314663531e+04 1.256694777917001738e+04 7.620411563332260812e+03 2.871902318489886511e+03 6.431980224961231443e+02 2.326544708203166465e+02 2.298088506758279834e+02
3.195138958189991768e+06 2.193818158891398925e+06 1.528326881436713738e+06 1.076540215952210594e+06 7.649306048426808557e+05 6.129462369330740767e+05 3.738444290438295575e+05 2.741590841094541829e+05 1.799976746844011359e+05 1.275654472191933892e+05 9.466522194934831350e+04 6.755890134432683408e+04 4.617516718726916588e+04 2.897212678324963053e+04 2.141824650303037924e+04 1.103662898949497503e+04 8.782817063996084471e+03 5.075113024074017630e+03 1.921623517944543664e+03 4.520304239680199316e+02 1.352391540865044419e+02 1.390068785301454852e+02
2.205436252369055059e+06 1.530374872307343641e+06 1.057320353391910670e+06 7.472566938906948781e+05 5.314343132502858061e+05 3.738444290438295575e+05 3.083678979912375798e+05 1.872214549068767228e+05 1.274914257139259425e+05 9.007869236771356373e+04 6.783894245653056714e+04 4.576382479793014500e+04 3.316552965933633095e+04 2.020229129191623360e+04 1.561232861373087508e+04 7.620040245986355330e+03 6.017265141403918278e+03 3.414775074790303734e+03 1.380155537618479684e+03 2.597224349696904824e+02 1.193186318121234848e+02 1.080951430892081220e+02
1.585899282869101036e+06 1.092583353966673138e+06 7.630370235250641126e+05 5.389984669677407946e+05 3.828997953867355245e+05 2.741590841094541829e+05 1.872214549068767228e+05 1.714738379583583155e+05 9.112504900603370334e+04 6.578899155039557081e+04 4.734490697897155042e+04 3.473711745362950751e+04 2.347903536826765776e+04 1.545210981938531950e+04 1.047925613426933342e+04 5.316063671645573777e+03 4.482994735443237005e+03 2.585264845530427010e+03 7.923327394702922675e+02 2.292683950985698971e+02 9.344628841617262083e+01 5.553469569832567032e+01
1.094305361439728411e+06 7.493535467454171740e+05 5.298174886946784100e+05 3.716170770654610824e+05 2.575590129177350318e+05 1.799976746844011359e+05 1.274914257139259425e+05 9.112504900603370334e+04 8.737247427380413865e+04 4.299266831529938645e+04 3.367467199722683290e+04 2.352309873065936699e+04 1.667131421760926969e+04 1.064774323125022238e+04 7.061739614648618044e+03 3.835920445097656739e+03 3.002605421068105898e+03 1.572889677236150192e+03 5.908175082780303455e+02 1.211776643471668251e+02 3.067016209188479081e+01 8.847211186569209929e+01
7.562568652316605439e+05 5.216965616089192918e+05 3.642632101681871573e+05 2.549638380802295287e+05 1.818617233129320666e+05 1.275654472191933892e+05 9.007869236771356373e+04 6.578899155039557081e+04 4.299266831529938645e+04 4.599970582467579516e+04 2.306662326728273547e+04 1.630876839618238591e+04 1.112720803323763721e+04 7.004309609800253384e+03 5.179742300435441393e+03 2.941807660430473788e+03 2.087306384223823443e+03 1.143438977586433111e+03 3.893449952527993787e+02 1.110272772884686674e+02 3.621072662957654842e+01 2.751455940176784054e+01
5.716473133072186029e+05 3.921185420161777874e+05 2.733044007447120966e+05 1.898387174889919115e+05 1.362082487529694918e+05 9.466522194934831350e+04 6.783894245653056714e+04 4.734490697897155042e+04 3.367467199722683290e+04 2.306662326728273547e+04 2.733165843717377720e+04 1.188595575633639055e+04 8.699547086580427276e+03 5.053942132748549739e+03 3.715928625328886483e+03 2.075089719171304296e+03 1.490055054317467466e+03 9.806387897040290227e+02 3.267590848941148920e+02 7.901305396084670463e+01 3.082920994341881382e+01 1.867045648084317833e+01
4.008439688623149996e+05 2.751614852844934794e+05 1.923313654534744564e+05 1.379071082239280804e+05 9.534294642404479964e+04 6.755890134432683408e+04 4.576382479793014500e+04 3.473711745362950751e+04 2.352309873065936699e+04 1.630876839618238591e+04 1.188595575633639055e+04 1.484209128812546805e+04 6.112879367089447442e+03 3.860070034599649716e+03 2.616270328950889507e+03 1.482842524224675344e+03 1.160390108044453655e+03 6.470682155468310839e+02 2.008172406133803634e+02 6.989254956752344583e+01 9.484634050310507547e+00 -7.454266501045077042e-01
2.845960116568907397e+05 1.937852331880861020e+05 1.341536419471362315e+05 9.391865008636897255e+04 6.780245907735599030e+04 4.617516718726916588e+04 3.316552965933633095e+04 2.347903536826765776e+04 1.667131421760926969e+04 1.112720803323763721e+04 8.699547086580427276e+03 6.112879367089447442e+03 7.441301329948432794e+03 2.581326270243715044e+03 1.853416636843164724e+03 1.084928928935687736e+03 8.047853489005051415e+02 4.126667260846267027e+02 1.856841864187061901e+02 3.994827984924258146e+01 1.763893923822679710e+01 1.916675304825599468e+01
1.816668620090142649e+05 1.270911615911003755e+05 8.660339499830661225e+04 6.120394808523636311e+04 4.206789358063478721e+04 2.897212678324963053e+04 2.020229129191623360e+04 1.545210981938531950e+04 1.064774323125022238e+04 7.004309609800253384e+03 5.053942132748549739e+03 3.860070034599649716e+03 2.581326270243715044e+03 4.078036748764343884e+03 1.306849588404777251e+03 7.023344959260942915e+02 4.627843734194736385e+02 2.808852722138714171e+02 9.041646595543821263e+01 2.953046924640162274e+01 1.029057903345000824e+01 8.699964969541477799e+00
1.310195445017995808e+05 9.053786985155171715e+04 6.435088788117351942e+04 4.408350464377630124e+04 3.016859422254701713e+04 2.141824650303037924e+04 1.561232861373087508e+04 1.047925613426933342e+04 7.061739614648618044e+03 5.179742300435441393e+03 3.715928625328886483e+03 2.616270328950889507e+03 1.853416636843164724e+03 1.306849588404777251e+03 2.186739335112011304e+03 4.636690280521392538e+02 3.506379348474458197e+02 2.052719597073260047e+02 8.693749507911574881e+01 9.354541070765398203e+00 5.016507868550326599e+00 4.345781951242177144e+00
6.807169240180589259e+04 4.905682175457161065e+04 3.292618919784951140e+04 2.297038682377703299e+04 1.611849942314663531e+04 1.103662898949497503e+04 7.620040245986355330e+03 5.316063671645573777e+03 3.835920445097656739e+03 2.941807660430473788e+03 2.075089719171304296e+03 1.482842524224675344e+03 1.084928928935687736e+03 7.023344959260942915e+02 4.636690280521392538e+02 9.292499428126882322e+02 1.464452844408704948e+02 1.211087288798505739e+02 1.793581737119298936e+01 8.004932829719322740e+00 3.855361052840919900e+00 5.475126709780029799e+00
5.260807788677600183e+04 3.751173518487005640e+04 2.564111438962461034e+04 1.807775341818082234e+04 1.256694777917001738e+04 8.782817063996084471e+03 6.017265141403918278e+03 4.482994735443237005e+03 3.002605421068105898e+03 2.087306384223823443e+03 1.490055054317467466e+03 1.160390108044453655e+03 8.047853489005051415e+02 4.627843734194736385e+02 3.506379348474458197e+02 1.464452844408704948e+02 5.108642679863939406e+02 7.957446858939729850e+01 4.383807467454887785e+01 1.177956208346276412e+01 5.884835934817563619e+00 1.153036109762321182e+00
3.166340080387752823e+04 2.172088268604467885e+04 1.515225815448225148e+04 1.036819014759775928e+04 7.620411563332260812e+03 5.075113024074017630e+03 3.414775074790303734e+03 2.585264845530427010e+03 1.572889677236150192e+03 1.143438977586433111e+03 9.806387897040290227e+02 6.470682155468310839e+02 4.126667260846267027e+02 2.808852722138714171e+02 2.052719597073260047e+02 1.211087288798505739e+02 7.957446858939729850e+01 2.603477020768169155e+02 2.097827153216471885e+01 7.408388996414871919e+00 3.949281958544080151e+00 2.588390662329490333e+00
1.155161714444060635e+04 7.834004365220189356e+03 5.509714346403972741e+03 4.055706037398813351e+03 2.871902318489886511e+03 1.921623517944543664e+03 1.380155537618479684e+03 7.923327394702922675e+02 5.908175082780303455e+02 3.893449952527993787e+02 3.267590848941148920e+02 2.008172406133803634e+02 1.856841864187061901e+02 9.041646595543821263e+01 8.693749507911574881e+01 1.793581737119298936e+01 4.383807467454887785e+01 2.097827153216471885e+01 6.701458319269275421e+01 3.362944015731182734e+00 6.216008876132607108e-01 1.498107369789066112e+00
3.107796146468646384e+03 2.022973725194403414e+03 1.313168676925538875e+03 1.012195599906297502e+03 6.431980224961231443e+02 4.520304239680199316e+02 2.597224349696904824e+02 2.292683950985698971e+02 1.211776643471668251e+02 1.110272772884686674e+02 7.901305396084670463e+01 6.989254956752344583e+01 3.994827984924258146e+01 2.953046924640162274e+01 9.354541070765398203e+00 8.004932829719322740e+00 1.177956208346276412e+01 7.408388996414871919e+00 3.362944015731182734e+00 1.472814294837779414e+01 9.274878306548579587e-01 -1.019641823864479713e-01
1.067624340532898941e+03 7.174785866930594693e+02 5.060328174234257972e+02 3.458453429978275722e+02 2.326544708203166465e+02 1.352391540865044419e+02 1.193186318121234848e+02 9.344628841617262083e+01 3.067016209188479081e+01 3.621072662957654842e+01 3.082920994341881382e+01 9.484634050310507547e+00 1.763893923822679710e+01 1.029057903345000824e+01 5.016507868550326599e+00 3.855361052840919900e+00 5.884835934817563619e+00 3.949281958544080151e+00 6.216008876132607108e-01 9.274878306548579587e-01 2.994214898465807462e+00 -2.353002530071325940e-02
1.252858204928898886e+03 8.163246537305781203e+02 5.144018734279713954e+02 3.741458484089948797e+02 2.298088506758279834e+02 1.390068785301454852e+02 1.080951430892081220e+02 5.553469569832567032e+01 8.847211186569209929e+01 2.751455940176784054e+01 1.867045648084317833e+01 -7.454266501045077042e-01 1.916675304825599468e+01 8.699964969541477799e+00 4.345781951242177144e+00 5.475126709780029799e+00 1.153036109762321182e+00 2.588390662329490333e+00 1.498107369789066112e+00 -1.019641823864479713e-01 -2.353002530071325940e-02 3.984392096057082444e+00
