1.816567196879115328e+07 1.198597193510520086e+07 8.250912327815596014e+06 5.855145147811308503e+06 4.081473420091928449e+06 2.881672489522718824e+06 1.944116026461983565e+06 1.331968741306668846e+06 9.232332882824856788e+05 5.936465509394964902e+05 4.017375680405291496e+05 2.451908257916739676e+05 1.379465917614460341e+05 9.731560998660526820e+04 4.013774663966469961e+04 2.085437675486380249e+04 5.781658067878197471e+03 2.403482488257354817e+03 1.034153400592663957e+03
1.198597193510520086e+07 8.707915699816536158e+06 5.699129857764926739e+06 4.011136851887185127e+06 2.799218312769120093e+06 1.970102196604143828e+06 1.337401364163578954e+06 9.181429075815576361e+05 6.298632154395451071e+05 4.100968195300832158e+05 2.769144897224179003e+05 1.681412943605203764e+05 9.353956225235201418e+04 6.626295250827939890e+04 2.688099509180666428e+04 1.376422998569555421e+04 4.054601528100634368e+03 1.652578860557271582e+03 6.134491299846988568e+02
8.250912327815596014e+06 5.699129857764926739e+06 4.156151943325938657e+06 2.783186953525484074e+06 1.915227404097130755e+06 1.356528496827514376e+06 9.258991260536626214e+05 6.321518360692767892e+05 4.344064899997439352e+05 2.847362716061726096e+05 1.893426245990126627e+05 1.169831377948754380e+05 6.352728552898456110e+04 4.538893430720057222e+04 1.836393336258536146e+04 9.846433391887618200e+03 3.064085753797681718e+03 1.126240943824189799e+03 4.542586328702064407e+02
5.855145147811308503e+06 4.011136851887185127e+06 2.783186953525484074e+06 2.135561508218819275e+06 1.363933902315193322e+06 9.670261725660768570e+05 6.598120008911131881e+05 4.488976854439679300e+05 3.111238750196531182e+05 2.034642461122420209e+05 1.344805050288344210e+05 8.089341708785993978e+04 4.533053109262533690e+04 3.179263329779897322e+04 1.300502091630294126e+04 6.777076630431130980e+03 1.812710316370163127e+03 8.546654330475438428e+02 2.268493850122069944e+02
4.081473420091928449e+06 2.799218312769120093e+06 1.915227404097130755e+06 1.363933902315193322e+06 1.067001391602202319e+06 6.796401068801049842e+05 4.603617415913153673e+05 3.159331586264245561e+05 2.146278095641454274e+05 1.375187922154760745e+05 9.439163083603487758e+04 5.675740585286482383e+04 3.247726925684430171e+04 2.280805456474377934e+04 8.448177672191610327e+03 4.911930553044556291e+03 1.355545731078424069e+03 6.285540288481290645e+02 1.909492042530301887e+02
2.881672489522718824e+06 1.970102196604143828e+06 1.356528496827514376e+06 9.670261725660768570e+05 6.796401068801049842e+05 5.431786845418195007e+05 3.250347309013708145e+05 2.174898761608869536e+05 1.528871017243599345e+05 9.728184154646504612e+04 6.625213932611640485e+04 4.122677371084608603e+04 2.298226178896077181e+04 1.626295540606445138e+04 6.057622659990604916e+03 3.291573330614477527e+03 9.313030636042100241e+02 3.999428988554161037e+02 1.192938185607392114e+02
1.944116026461983565e+06 1.337401364163578954e+06 9.258991260536626214e+05 6.598120008911131881e+05 4.603617415913153673e+05 3.250347309013708145e+05 2.692285258840851602e+05 1.504242999534537666e+05 1.034556834617704590e+05 6.981854879131271446e+04 4.545654576933904173e+04 2.737386485070638446e+04 1.514196035291801309e+04 1.136553357797057470e+04 4.358839116268087309e+03 2.200700356266717336e+03 5.405042793267672323e+02 3.302155026095281869e+02 1.129051045153008772e+02
1.331968741306668846e+06 9.181429075815576361e+05 6.321518360692767892e+05 4.488976854439679300e+05 3.159331586264245561e+05 2.174898761608869536e+05 1.504242999534537666e+05 1.321364239950379997e+05 6.948521321682633425e+04 4.553460110638884362e+04 3.095212800633313236e+04 1.937751397965642172e+04 1.097146522267470391e+04 7.378807488937743074e+03 2.890691518487552912e+03 1.596117425923501514e+03 4.871471507398631502e+02 1.957825528338139236e+02 9.496894241368491407e+01
9.232332882824856788e+05 6.298632154395451071e+05 4.344064899997439352e+05 3.111238750196531182e+05 2.146278095641454274e+05 1.528871017243599345e+05 1.034556834617704590e+05 6.948521321682633425e+04 6.632058527807635255e+04 3.155994864714550567e+04 2.117332143931343671e+04 1.338819970478050527e+04 7.275412906504477178e+03 5.356314066427995385e+03 2.189760068562673951e+03 1.073536583049256706e+03 3.117380868560109093e+02 1.181086299513978872e+02 5.506896823696378362e+01
5.936465509394964902e+05 4.100968195300832158e+05 2.847362716061726096e+05 2.034642461122420209e+05 1.375187922154760745e+05 9.728184154646504612e+04 6.981854879131271446e+04 4.553460110638884362e+04 3.155994864714550567e+04 3.003853607540119992e+04 1.433224881526073295e+04 8.866406837420923694e+03 4.646372290746393446e+03 3.443008175389034022e+03 1.299356078434190067e+03 7.908990477894947162e+02 1.711276091920756528e+02 9.144386426359409370e+01 3.272999358687739146e+01
4.017375680405291496e+05 2.769144897224179003e+05 1.893426245990126627e+05 1.344805050288344210e+05 9.439163083603487758e+04 6.625213932611640485e+04 4.545654576933904173e+04 3.095212800633313236e+04 2.117332143931343671e+04 1.433224881526073295e+04 1.498008077400350521e+04 5.953312126161158631e+03 3.408973993531231827e+03 2.507957044119105376e+03 9.629880378537280876e+02 5.508985208092996118e+02 1.044484086443985262e+02 7.335479339455797287e+01 3.086329676204269745e+01
2.451908257916739676e+05 1.681412943605203764e+05 1.169831377948754380e+05 8.089341708785993978e+04 5.675740585286482383e+04 4.122677371084608603e+04 2.737386485070638446e+04 1.937751397965642172e+04 1.338819970478050527e+04 8.866406837420923694e+03 5.953312126161158631e+03 6.738502165414090086e+03 1.923430008267058838e+03 1.355787338761989758e+03 5.684486287023431714e+02 3.626809261866025054e+02 9.199945580816827828e+01 3.214495783561580566e+01 1.822425230930765494e+01
1.379465917614460341e+05 9.353956225235201418e+04 6.352728552898456110e+04 4.533053109262533690e+04 3.247726925684430171e+04 2.298226178896077181e+04 1.514196035291801309e+04 1.097146522267470391e+04 7.275412906504477178e+03 4.646372290746393446e+03 3.408973993531231827e+03 1.923430008267058838e+03 2.660612566013996002e+03 8.038112802865231288e+02 3.138436725449598157e+02 1.517086492248303387e+02 6.016372996705197096e+01 3.119139938020302338e+01 1.021130785544651509e+01
9.731560998660526820e+04 6.626295250827939890e+04 4.538893430720057222e+04 3.179263329779897322e+04 2.280805456474377934e+04 1.626295540606445138e+04 1.136553357797057470e+04 7.378807488937743074e+03 5.356314066427995385e+03 3.443008175389034022e+03 2.507957044119105376e+03 1.355787338761989758e+03 8.038112802865231288e+02 1.457181207844205346e+03 2.512207178839946380e+02 1.404132631175184258e+02 3.976042192492193550e+01 1.946005494175699724e+01 8.053003353841670986e+00
4.013774663966469961e+04 2.688099509180666428e+04 1.836393336258536146e+04 1.300502091630294126e+04 8.448177672191610327e+03 6.057622659990604916e+03 4.358839116268087309e+03 2.890691518487552912e+03 2.189760068562673951e+03 1.299356078434190067e+03 9.629880378537280876e+02 5.684486287023431714e+02 3.138436725449598157e+02 2.512207178839946380e+02 4.070155851472679842e+02 6.505958884579735013e+01 1.427767595407360446e+01 1.053151571055137126e+01 6.091330182302646890e+00
2.085437675486380249e+04 1.376422998569555421e+04 9.846433391887618200e+03 6.777076630431130980e+03 4.911930553044556291e+03 3.291573330614477527e+03 2.200700356266717336e+03 1.596117425923501514e+03 1.073536583049256706e+03 7.908990477894947162e+02 5.508985208092996118e+02 3.626809261866025054e+02 1.517086492248303387e+02 1.404132631175184258e+02 6.505958884579735013e+01 1.435827062396635654e+02 8.189678207764217177e+00 3.290703527068091105e+00 3.274970308079022896e+00
5.781658067878197471e+03 4.054601528100634368e+03 3.064085753797681718e+03 1.812710316370163127e+03 1.355545731078424069e+03 9.313030636042100241e+02 5.405042793267672323e+02 4.871471507398631502e+02 3.117380868560109093e+02 1.711276091920756528e+02 1.044484086443985262e+02 9.199945580816827828e+01 6.016372996705197096e+01 3.976042192492193550e+01 1.427767595407360446e+01 8.189678207764217177e+00 4.304938243644178897e+01 3.467093429013095918e+00 1.772743126907965427e+00
2.403482488257354817e+03 1.652578860557271582e+03 1.126240943824189799e+03 8.546654330475438428e+02 6.285540288481290645e+02 3.999428988554161037e+02 3.302155026095281869e+02 1.957825528338139236e+02 1.181086299513978872e+02 9.144386426359409370e+01 7.335479339455797287e+01 3.214495783561580566e+01 3.119139938020302338e+01 1.946005494175699724e+01 1.053151571055137126e+01 3.290703527068091105e+00 3.467093429013095918e+00 6.932073437654207915e+00 9.628293589503319483e-01
1.034153400592663957e+03 6.134491299846988568e+02 4.542586328702064407e+02 2.268493850122069944e+02 1.909492042530301887e+02 1.192938185607392114e+02 1.129051045153008772e+02 9.496894241368491407e+01 5.506896823696378362e+01 3.272999358687739146e+01 3.086329676204269745e+01 1.822425230930765494e+01 1.021130785544651509e+01 8.053003353841670986e+00 6.091330182302646890e+00 3.274970308079022896e+00 1.772743126907965427e+00 9.628293589503319483e-01 2.994338986949619308e+00
