1.971708854466514289e+07 1.324449091051850095e+07 9.204973354387216270e+06 6.374677244661556557e+06 4.564804841469047591e+06 3.183582656677407678e+06 2.201656075129065663e+06 1.618358865959217073e+06 1.102729707389411051e+06 7.899040726122594206e+05 5.850852112870737910e+05 4.314725947982204380e+05 2.826900970923557179e+05 2.002215193532054254e+05 1.337424806114937819e+05 8.512170262682739121e+04 5.979560821412466612e+04 3.601856876121040114e+04 1.891365838682831236e+04 4.205344565979106846e+03 2.445288296955399801e+03 6.797927049914524105e+02 6.613262128107883200e+02
1.324449091051850095e+07 9.628382375924503431e+06 6.444567140467945486e+06 4.456593024979812093e+06 3.197623207365436479e+06 2.215408513793558348e+06 1.537945021115551004e+06 1.132679075405531796e+06 7.592378001559156692e+05 5.448794802634014050e+05 3.997634188058430445e+05 2.945386307331295102e+05 1.948819646779500763e+05 1.362836665103479463e+05 9.386542743199678080e+04 6.052870022093459556e+04 4.239813160761171457e+04 2.579223378622890959e+04 1.274943949278184664e+04 3.263569288551160298e+03 1.657423384686173449e+03 4.133337301392267591e+02 3.603355785533713629e+02
9.204973354387216270e+06 6.444567140467945486e+06 4.739103525871607475e+06 3.102870471768112853e+06 2.201976490198834799e+06 1.544213115048843902e+06 1.061551531768850749e+06 7.834350663977036020e+05 5.291083572820838308e+05 3.837281115880896687e+05 2.812318877710094093e+05 2.068665673399806255e+05 1.341006063825275050e+05 9.358284440142028325e+04 6.449048488766251103e+04 4.179664781213964307e+04 2.900814806088404657e+04 1.729621297897417753e+04 8.905054754024100475e+03 2.130953275277680405e+03 1.043014935123509986e+03 2.787607415729368654e+02 2.665852033935644840e+02
6.374677244661556557e+06 4.456593024979812093e+06 3.102870471768112853e+06 2.322746164763962384e+06 1.530727743542020442e+06 1.071789923511549598e+06 7.355652021265835501e+05 5.499931287201647647e+05 3.708732552204601816e+05 2.658880154589539743e+05 1.918967543714070634e+05 1.450682574297615502e+05 9.519061176003671426e+04 6.482694743655533239e+04 4.505784269124758430e+04 2.829688787661649258e+04 2.031434018924536213e+04 1.179276603751398943e+04 5.833595234786973379e+03 1.544566634863467016e+03 7.464635994322119359e+02 2.134160282182396031e+02 1.274488556066379772e+02
4.564804841469047591e+06 3.197623207365436479e+06 2.201976490198834799e+06 1.530727743542020442e+06 1.224219509652633686e+06 7.679005904987583635e+05 5.322914965330595151e+05 3.956708588513741270e+05 2.662568368956440245e+05 1.883273173220554017e+05 1.409592688594089705e+05 1.021431181079937815e+05 6.697378501133952523e+04 4.621661716472359694e+04 3.091248323421008536e+04 1.997490636257156075e+04 1.390083773467495303e+04 8.231197675654751947e+03 4.430746427450653755e+03 1.048117141547011670e+03 6.052538387042513932e+02 1.520692455437860531e+02 7.335590846720832303e+01
3.183582656677407678e+06 2.215408513793558348e+06 1.544213115048843902e+06 1.071789923511549598e+06 7.679005904987583635e+05 6.186988326742014615e+05 3.770910807890397846e+05 2.755620058129736572e+05 1.843411999028177233e+05 1.319253818619935773e+05 9.753884243694756879e+04 7.035338775562400406e+04 4.679163485035350459e+04 3.182916054918276132e+04 2.153720330574553736e+04 1.425127518520145895e+04 1.002351816132518798e+04 5.726804592121691712e+03 2.812097300231461304e+03 6.284863575298047635e+02 3.556778044897175732e+02 9.798702973291045737e+01 7.682772177858269913e+01
2.201656075129065663e+06 1.537945021115551004e+06 1.061551531768850749e+06 7.355652021265835501e+05 5.322914965330595151e+05 3.770910807890397846e+05 3.080686698496633326e+05 1.934161163550537894e+05 1.282667221173529979e+05 9.109320541443710681e+04 6.875995071949319390e+04 4.829799085659911361e+04 3.254269542041593013e+04 2.197213220042457397e+04 1.487175078834164196e+04 9.931276336706710936e+03 6.574520058942872311e+03 3.632952269935148252e+03 2.191457322565692721e+03 4.960088579471825483e+02 2.241022699052742553e+02 7.766464710256981618e+01 2.834671336724240831e+01
1.618358865959217073e+06 1.132679075405531796e+06 7.834350663977036020e+05 5.499931287201647647e+05 3.956708588513741270e+05 2.755620058129736572e+05 1.934161163550537894e+05 1.783626432361585612e+05 9.568837953672106960e+04 6.855606772925029509e+04 5.177037673089384771e+04 3.742260953240539675e+04 2.353300775157468524e+04 1.744576633531784682e+04 1.098170447404033075e+04 6.614782028656863076e+03 4.862780405430664359e+03 3.035075871313604694e+03 1.433268049812557138e+03 3.742910144974722471e+02 2.020257542939473296e+02 7.511483088103646288e+00 2.662013949580403960e+01
1.102729707389411051e+06 7.592378001559156692e+05 5.291083572820838308e+05 3.708732552204601816e+05 2.662568368956440245e+05 1.843411999028177233e+05 1.282667221173529979e+05 9.568837953672106960e+04 8.984575343753963534e+04 4.643255243755317497e+04 3.429908245331535727e+04 2.553054002467147802e+04 1.615693456599686579e+04 1.213749098827130911e+04 7.350111813401850668e+03 4.763944692859437055e+03 3.307640168947884831e+03 1.959383816147986408e+03 8.644959669890885152e+02 1.941569480670174812e+02 1.219582554450490193e+02 4.908529790454218755e+01 1.993484958603357171e+01
7.899040726122594206e+05 5.448794802634014050e+05 3.837281115880896687e+05 2.658880154589539743e+05 1.883273173220554017e+05 1.319253818619935773e+05 9.109320541443710681e+04 6.855606772925029509e+04 4.643255243755317497e+04 4.708272991391272080e+04 2.536805507763671994e+04 1.822608855583934564e+04 1.202668015267645933e+04 7.900857587384328326e+03 5.277712282248881820e+03 3.710179122303458371e+03 2.480257476066371510e+03 1.475585606787326242e+03 5.635347704180761639e+02 1.547628096107234228e+02 7.810892884256426782e+01 1.827107982336974601e+01 2.229027990820581806e+01
5.850852112870737910e+05 3.997634188058430445e+05 2.812318877710094093e+05 1.918967543714070634e+05 1.409592688594089705e+05 9.753884243694756879e+04 6.875995071949319390e+04 5.177037673089384771e+04 3.429908245331535727e+04 2.536805507763671994e+04 2.868444028481053829e+04 1.301637266457223086e+04 8.511142622313149332e+03 5.974646342408283090e+03 3.779134026802472363e+03 2.595420746815300845e+03 1.701982011786182511e+03 1.096460152197976413e+03 5.422297005918146624e+02 1.363927777098515435e+02 5.051023501108293345e+01 2.217066551503814864e+01 2.079721949702054484e+00
4.314725947982204380e+05 2.945386307331295102e+05 2.068665673399806255e+05 1.450682574297615502e+05 1.021431181079937815e+05 7.035338775562400406e+04 4.829799085659911361e+04 3.742260953240539675e+04 2.553054002467147802e+04 1.822608855583934564e+04 1.301637266457223086e+04 1.663811802001269825e+04 6.560530221028216147e+03 4.731681200639552117e+03 3.038291397313312245e+03 1.944044328235540661e+03 1.303108796671210030e+03 7.002651150434135161e+02 3.874563812454557592e+02 7.598348637767581693e+01 4.452182456425792623e+01 1.337842319888488563e+00 -1.675241988410362648e+00
2.826900970923557179e+05 1.948819646779500763e+05 1.341006063825275050e+05 9.519061176003671426e+04 6.697378501133952523e+04 4.679163485035350459e+04 3.254269542041593013e+04 2.353300775157468524e+04 1.615693456599686579e+04 1.202668015267645933e+04 8.511142622313149332e+03 6.560530221028216147e+03 8.176581049571223048e+03 2.849611831036273998e+03 1.795484892397262001e+03 1.223762252533972969e+03 8.588698949535373686e+02 5.410449156032292422e+02 2.282198508230399625e+02 7.670339129838816916e+01 2.414885476777314821e+01 1.181151505871239493e+01 4.781869082487554934e+00
2.002215193532054254e+05 1.362836665103479463e+05 9.358284440142028325e+04 6.482694743655533239e+04 4.621661716472359694e+04 3.182916054918276132e+04 2.197213220042457397e+04 1.744576633531784682e+04 1.213749098827130911e+04 7.900857587384328326e+03 5.974646342408283090e+03 4.731681200639552117e+03 2.849611831036273998e+03 4.574229054890114639e+03 1.347279867206910012e+03 8.492674259054089134e+02 6.610423206844542392e+02 3.233864014101246767e+02 2.064096113814800617e+02 3.186239989178865173e+01 2.135388552148125285e+01 4.083254478693459255e+00 7.095669979910814718e+00
1.337424806114937819e+05 9.386542743199678080e+04 6.449048488766251103e+04 4.505784269124758430e+04 3.091248323421008536e+04 2.153720330574553736e+04 1.487175078834164196e+04 1.098170447404033075e+04 7.350111813401850668e+03 5.277712282248881820e+03 3.779134026802472363e+03 3.038291397313312245e+03 1.795484892397262001e+03 1.347279867206910012e+03 2.261115416063248631e+03 6.380976657106781431e+02 3.701049588059046869e+02 2.126694764507502100e+02 1.194139556845599515e+02 3.875960070347213815e+01 1.628502960830890345e+01 2.063069581750082371e+00 2.063065419398469214e+00
8.512170262682739121e+04 6.052870022093459556e+04 4.179664781213964307e+04 2.829688787661649258e+04 1.997490636257156075e+04 1.425127518520145895e+04 9.931276336706710936e+03 6.614782028656863076e+03 4.763944692859437055e+03 3.710179122303458371e+03 2.595420746815300845e+03 1.944044328235540661e+03 1.223762252533972969e+03 8.492674259054089134e+02 6.380976657106781431e+02 1.236075708977698469e+03 2.508205687071238685e+02 1.564632181919825484e+02 5.237979550629676595e+01 2.596409765535774294e+00 5.051587388743347340e+00 1.513896677994657214e+00 -4.941725299926333359e-01
5.979560821412466612e+04 4.239813160761171457e+04 2.900814806088404657e+04 2.031434018924536213e+04 1.390083773467495303e+04 1.002351816132518798e+04 6.574520058942872311e+03 4.862780405430664359e+03 3.307640168947884831e+03 2.480257476066371510e+03 1.701982011786182511e+03 1.303108796671210030e+03 8.588698949535373686e+02 6.610423206844542392e+02 3.701049588059046869e+02 2.508205687071238685e+02 6.312754957536994880e+02 9.792567551094009559e+01 5.508824570000466991e+01 1.830764421583231538e+01 1.185987648920849935e+01 -8.000653662771477492e-01 2.211940961696794883e+00
3.601856876121040114e+04 2.579223378622890959e+04 1.729621297897417753e+04 1.179276603751398943e+04 8.231197675654751947e+03 5.726804592121691712e+03 3.632952269935148252e+03 3.035075871313604694e+03 1.959383816147986408e+03 1.475585606787326242e+03 1.096460152197976413e+03 7.002651150434135161e+02 5.410449156032292422e+02 3.233864014101246767e+02 2.126694764507502100e+02 1.564632181919825484e+02 9.792567551094009559e+01 3.174904524455643013e+02 3.583832457751712042e+01 8.926149177742393803e+00 6.714171127970179676e+00 3.184502535787661071e+00 2.180517041444081094e+00
1.891365838682831236e+04 1.274943949278184664e+04 8.905054754024100475e+03 5.833595234786973379e+03 4.430746427450653755e+03 2.812097300231461304e+03 2.191457322565692721e+03 1.433268049812557138e+03 8.644959669890885152e+02 5.635347704180761639e+02 5.422297005918146624e+02 3.874563812454557592e+02 2.282198508230399625e+02 2.064096113814800617e+02 1.194139556845599515e+02 5.237979550629676595e+01 5.508824570000466991e+01 3.583832457751712042e+01 1.311600955641279427e+02 4.419867568485802423e+00 4.345320996683454950e+00 2.592271511958091246e+00 -4.196255554686312284e-01
4.205344565979106846e+03 3.263569288551160298e+03 2.130953275277680405e+03 1.544566634863467016e+03 1.048117141547011670e+03 6.284863575298047635e+02 4.960088579471825483e+02 3.742910144974722471e+02 1.941569480670174812e+02 1.547628096107234228e+02 1.363927777098515435e+02 7.598348637767581693e+01 7.670339129838816916e+01 3.186239989178865173e+01 3.875960070347213815e+01 2.596409765535774294e+00 1.830764421583231538e+01 8.926149177742393803e+00 4.419867568485802423e+00 2.515414932157865735e+01 1.662812568660922086e+00 -8.627739955012389550e-02 -8.627722548092316146e-02
2.445288296955399801e+03 1.657423384686173449e+03 1.043014935123509986e+03 7.464635994322119359e+02 6.052538387042513932e+02 3.556778044897175732e+02 2.241022699052742553e+02 2.020257542939473296e+02 1.219582554450490193e+02 7.810892884256426782e+01 5.051023501108293345e+01 4.452182456425792623e+01 2.414885476777314821e+01 2.135388552148125285e+01 1.628502960830890345e+01 5.051587388743347340e+00 1.185987648920849935e+01 6.714171127970179676e+00 4.345320996683454950e+00 1.662812568660922086e+00 7.906144225763300781e+00 -3.137336598533235071e-02 -3.137330268791297533e-02
6.797927049914524105e+02 4.133337301392267591e+02 2.787607415729368654e+02 2.134160282182396031e+02 1.520692455437860531e+02 9.798702973291045737e+01 7.766464710256981618e+01 7.511483088103646288e+00 4.908529790454218755e+01 1.827107982336974601e+01 2.217066551503814864e+01 1.337842319888488563e+00 1.181151505871239493e+01 4.083254478693459255e+00 2.063069581750082371e+00 1.513896677994657214e+00 -8.000653662771477492e-01 3.184502535787661071e+00 2.592271511958091246e+00 -8.627739955012389550e-02 -3.137336598533235071e-02 2.000037915641279529e+00 -7.843270119448526867e-03
6.613262128107883200e+02 3.603355785533713629e+02 2.665852033935644840e+02 1.274488556066379772e+02 7.335590846720832303e+01 7.682772177858269913e+01 2.834671336724240831e+01 2.662013949580403960e+01 1.993484958603357171e+01 2.229027990820581806e+01 2.079721949702054484e+00 -1.675241988410362648e+00 4.781869082487554934e+00 7.095669979910814718e+00 2.063065419398469214e+00 -4.941725299926333359e-01 2.211940961696794883e+00 2.180517041444081094e+00 -4.196255554686312284e-01 -8.627722548092316146e-02 -3.137330268791297533e-02 -7.843270119448526867e-03 2.000029845285612229e+00
