1.940941982452062517e+07 1.310448528025992587e+07 9.245446000122893602e+06 6.331296996205684729e+06 4.526634470968445763e+06 3.174229284803274088e+06 2.161866042153326795e+06 1.625632972315754741e+06 1.134070249547037296e+06 7.797836988030239008e+05 5.854005819829732645e+05 4.127156737112643896e+05 2.974132846646637772e+05 2.228291066369347973e+05 1.370334799487477867e+05 9.366172726254133158e+04 6.402028354015658988e+04 4.042127634440171823e+04 2.277801739828071004e+04 8.639377286940854901e+03 3.436709574638995491e+03 2.424887030465478801e+03 6.428488326615786264e+02
1.310448528025992587e+07 9.503887141769470647e+06 6.447483130194777623e+06 4.440697082503654994e+06 3.156811611839131918e+06 2.191583027773655020e+06 1.515181728520733304e+06 1.138776515375471208e+06 7.719360988649302162e+05 5.387672507164777489e+05 3.983758683313685469e+05 2.820910707664407673e+05 2.064761899893397349e+05 1.512362405762248090e+05 9.504743548691242177e+04 6.762256243073457154e+04 4.658629008166777930e+04 2.826340396300196517e+04 1.602744944503901934e+04 6.276372000557088541e+03 2.455763875824890874e+03 1.551909466529312795e+03 3.984113284940786457e+02
9.245446000122893602e+06 6.447483130194777623e+06 4.805608605888460763e+06 3.135917859927857295e+06 2.228297315050898585e+06 1.561226573701786809e+06 1.073595988774621394e+06 8.101248693368217209e+05 5.504379326842348091e+05 3.857244502535312204e+05 2.884636384071814828e+05 2.002992195627101755e+05 1.432141684457878291e+05 1.057801989915009326e+05 6.631634569949569413e+04 4.658216396020667162e+04 3.203833614614198450e+04 1.935138208054738061e+04 1.114848224544716322e+04 4.204408373634465534e+03 1.534604753123900537e+03 1.061878463020032996e+03 2.703461879720723005e+02
6.331296996205684729e+06 4.440697082503654994e+06 3.135917859927857295e+06 2.317992104922031518e+06 1.533186911918055499e+06 1.074706469997007865e+06 7.327519804095230065e+05 5.527706653986491729e+05 3.817272734356215224e+05 2.630533326904891292e+05 1.944473712294867146e+05 1.383706972774544265e+05 1.004867553905833338e+05 7.327075028009456582e+04 4.601224764960502216e+04 3.151086278568382477e+04 2.241928701876098421e+04 1.288367795498638225e+04 7.371275226693391232e+03 2.999607051102660989e+03 1.065881368573712052e+03 6.917999346307606174e+02 1.642809609805078424e+02
4.526634470968445763e+06 3.156811611839131918e+06 2.228297315050898585e+06 1.533186911918055499e+06 1.213383271142735379e+06 7.587234199940430699e+05 5.307813906515029958e+05 3.977632124911128194e+05 2.739311540667213267e+05 1.871845479611396440e+05 1.435516660529243818e+05 1.005427592352676875e+05 7.064220171944657341e+04 5.005856857954071893e+04 3.126715835238719592e+04 2.248638547814558842e+04 1.552686706924917962e+04 9.164186385907134536e+03 5.255553941332241266e+03 2.262586420933906538e+03 7.953885174778455394e+02 6.010130939130802972e+02 8.305703795812583223e+01
3.174229284803274088e+06 2.191583027773655020e+06 1.561226573701786809e+06 1.074706469997007865e+06 7.587234199940430699e+05 6.208469676422814373e+05 3.747426773565814365e+05 2.788697989575999090e+05 1.908640660460253421e+05 1.304901010956563696e+05 9.727166319366253447e+04 6.740189901211898541e+04 4.983429769675557327e+04 3.615733444047745434e+04 2.243024087305784997e+04 1.606151874787332781e+04 1.080936873997851035e+04 6.566135163936691242e+03 3.365243892172532469e+03 1.260853044420777451e+03 5.499276836599848366e+02 3.038780587939832003e+02 5.601888111507246748e+01
2.161866042153326795e+06 1.515181728520733304e+06 1.073595988774621394e+06 7.327519804095230065e+05 5.307813906515029958e+05 3.747426773565814365e+05 3.138454376125924173e+05 1.933188672323018254e+05 1.325267714061168663e+05 9.237406591266226314e+04 6.896176000132183253e+04 4.632650774001901300e+04 3.493615410591672116e+04 2.424172038096018514e+04 1.474139421231810047e+04 1.108139705310900354e+04 7.497326307283688948e+03 4.114559194375553488e+03 2.356129149164359660e+03 1.049008739212345063e+03 3.141327521510748966e+02 2.469320346942287472e+02 3.762525488619560576e+01
1.625632972315754741e+06 1.138776515375471208e+06 8.101248693368217209e+05 5.527706653986491729e+05 3.977632124911128194e+05 2.788697989575999090e+05 1.933188672323018254e+05 1.802297422449035512e+05 9.761432883878315624e+04 6.864976778018697223e+04 5.146328671664805734e+04 3.647270873114241840e+04 2.585258115031532725e+04 1.826421966082689323e+04 1.200937781368940341e+04 8.232054910941264097e+03 5.437028819966803894e+03 3.060088632625133869e+03 1.941281209486298621e+03 6.650331068433665678e+02 2.827882900129297354e+02 1.340576521141412911e+02 3.312975826721069694e+01
1.134070249547037296e+06 7.719360988649302162e+05 5.504379326842348091e+05 3.817272734356215224e+05 2.739311540667213267e+05 1.908640660460253421e+05 1.325267714061168663e+05 9.761432883878315624e+04 9.424046527082125249e+04 4.831490944371284422e+04 3.550362122817993804e+04 2.542802071699287990e+04 1.789766429704511393e+04 1.356453779210930406e+04 7.924638078638541629e+03 5.445403381498483213e+03 3.667236369838609335e+03 2.461846986793565065e+03 1.127617260791467288e+03 4.823742818828905001e+02 1.372126221770265033e+02 1.306310073916941406e+02 2.741476333371649332e+01
7.797836988030239008e+05 5.387672507164777489e+05 3.857244502535312204e+05 2.630533326904891292e+05 1.871845479611396440e+05 1.304901010956563696e+05 9.237406591266226314e+04 6.864976778018697223e+04 4.831490944371284422e+04 4.633256236552238261e+04 2.507937272349100022e+04 1.745506557110398717e+04 1.359228964658903351e+04 9.126633330119651873e+03 5.521164767735265741e+03 3.980019577240457238e+03 2.618403080604311981e+03 1.521539600474224244e+03 6.920062711520436096e+02 3.342599001298994494e+02 9.931807038081151973e+01 7.736077160886863169e+01 1.951918915035144764e+01
5.854005819829732645e+05 3.983758683313685469e+05 2.884636384071814828e+05 1.944473712294867146e+05 1.435516660529243818e+05 9.727166319366253447e+04 6.896176000132183253e+04 5.146328671664805734e+04 3.550362122817993804e+04 2.507937272349100022e+04 3.037971587976795126e+04 1.305856946748658083e+04 8.639906270687450160e+03 6.558235476031042708e+03 3.910669127246196695e+03 3.016749210935078736e+03 1.832503475375332300e+03 1.218239590827738539e+03 6.524934086320882898e+02 2.049347975560768305e+02 9.003716671055940424e+01 6.588038024200790232e+01 2.354402151576988345e-02
4.127156737112643896e+05 2.820910707664407673e+05 2.002992195627101755e+05 1.383706972774544265e+05 1.005427592352676875e+05 6.740189901211898541e+04 4.632650774001901300e+04 3.647270873114241840e+04 2.542802071699287990e+04 1.745506557110398717e+04 1.305856946748658083e+04 1.581688108914261284e+04 6.468733183263122555e+03 5.027485670923937505e+03 3.021029938657763523e+03 2.103646210488167981e+03 1.376408670598597610e+03 8.859035295131301382e+02 4.277045168873334546e+02 1.423432023265506245e+02 7.266385166458999834e+01 3.583149679543672050e+01 -7.697480960998001720e+00
2.974132846646637772e+05 2.064761899893397349e+05 1.432141684457878291e+05 1.004867553905833338e+05 7.064220171944657341e+04 4.983429769675557327e+04 3.493615410591672116e+04 2.585258115031532725e+04 1.789766429704511393e+04 1.359228964658903351e+04 8.639906270687450160e+03 6.468733183263122555e+03 9.082161704530619318e+03 3.397013911352636114e+03 2.097164572497084919e+03 1.387070585232591611e+03 1.116730919189200677e+03 5.533924906588707699e+02 2.902190682282600278e+02 1.545269335568003157e+02 4.023046074671924544e+01 1.364152163174701293e+01 6.766793202314556943e+00
2.228291066369347973e+05 1.512362405762248090e+05 1.057801989915009326e+05 7.327075028009456582e+04 5.005856857954071893e+04 3.615733444047745434e+04 2.424172038096018514e+04 1.826421966082689323e+04 1.356453779210930406e+04 9.126633330119651873e+03 6.558235476031042708e+03 5.027485670923937505e+03 3.397013911352636114e+03 5.478673900670176408e+03 1.614363324259568117e+03 1.036655157902947849e+03 7.324272643466584896e+02 4.505510678069761639e+02 2.579104743169955896e+02 9.984518135869555522e+01 2.710619201946678203e+01 3.696705621070994141e+01 6.115060975197142312e+00
1.370334799487477867e+05 9.504743548691242177e+04 6.631634569949569413e+04 4.601224764960502216e+04 3.126715835238719592e+04 2.243024087305784997e+04 1.474139421231810047e+04 1.200937781368940341e+04 7.924638078638541629e+03 5.521164767735265741e+03 3.910669127246196695e+03 3.021029938657763523e+03 2.097164572497084919e+03 1.614363324259568117e+03 2.425114822054543311e+03 6.776284484277473439e+02 4.599912145799721657e+02 2.384039241839426211e+02 1.556596980646755242e+02 6.100268481679327692e+01 2.247036356862066953e+01 1.439052037454034050e+01 2.533724743035924210e+00
9.366172726254133158e+04 6.762256243073457154e+04 4.658216396020667162e+04 3.151086278568382477e+04 2.248638547814558842e+04 1.606151874787332781e+04 1.108139705310900354e+04 8.232054910941264097e+03 5.445403381498483213e+03 3.980019577240457238e+03 3.016749210935078736e+03 2.103646210488167981e+03 1.387070585232591611e+03 1.036655157902947849e+03 6.776284484277473439e+02 1.501673874688810201e+03 2.854147018792556310e+02 1.802001126374335911e+02 7.335910862224373830e+01 2.745449840483125925e+01 8.377476564340812004e+00 1.223669335905732902e+00 3.074848151285630049e+00
6.402028354015658988e+04 4.658629008166777930e+04 3.203833614614198450e+04 2.241928701876098421e+04 1.552686706924917962e+04 1.080936873997851035e+04 7.497326307283688948e+03 5.437028819966803894e+03 3.667236369838609335e+03 2.618403080604311981e+03 1.832503475375332300e+03 1.376408670598597610e+03 1.116730919189200677e+03 7.324272643466584896e+02 4.599912145799721657e+02 2.854147018792556310e+02 7.167780524012308661e+02 1.082014625338609051e+02 5.719826643282257805e+01 3.245806416296492358e+01 1.890365011425361885e+01 5.914220108610179771e+00 9.726261693126201369e-01
4.042127634440171823e+04 2.826340396300196517e+04 1.935138208054738061e+04 1.288367795498638225e+04 9.164186385907134536e+03 6.566135163936691242e+03 4.114559194375553488e+03 3.060088632625133869e+03 2.461846986793565065e+03 1.521539600474224244e+03 1.218239590827738539e+03 8.859035295131301382e+02 5.533924906588707699e+02 4.505510678069761639e+02 2.384039241839426211e+02 1.802001126374335911e+02 1.082014625338609051e+02 3.529745261016088875e+02 6.244057683271629600e+01 1.931713919395036427e+01 5.198388312762511454e+00 8.327962496529544012e+00 2.953109829729133384e+00
2.277801739828071004e+04 1.602744944503901934e+04 1.114848224544716322e+04 7.371275226693391232e+03 5.255553941332241266e+03 3.365243892172532469e+03 2.356129149164359660e+03 1.941281209486298621e+03 1.127617260791467288e+03 6.920062711520436096e+02 6.524934086320882898e+02 4.277045168873334546e+02 2.902190682282600278e+02 2.579104743169955896e+02 1.556596980646755242e+02 7.335910862224373830e+01 5.719826643282257805e+01 6.244057683271629600e+01 1.515947996586874353e+02 1.012217373888755390e+01 3.219774374746923407e+00 5.243378387819485731e+00 -5.098251694934559097e-01
8.639377286940854901e+03 6.276372000557088541e+03 4.204408373634465534e+03 2.999607051102660989e+03 2.262586420933906538e+03 1.260853044420777451e+03 1.049008739212345063e+03 6.650331068433665678e+02 4.823742818828905001e+02 3.342599001298994494e+02 2.049347975560768305e+02 1.423432023265506245e+02 1.545269335568003157e+02 9.984518135869555522e+01 6.100268481679327692e+01 2.745449840483125925e+01 3.245806416296492358e+01 1.931713919395036427e+01 1.012217373888755390e+01 4.757690723631136365e+01 4.092330096534940509e+00 3.425615566231780651e+00 -1.686328955646760330e-01
3.436709574638995491e+03 2.455763875824890874e+03 1.534604753123900537e+03 1.065881368573712052e+03 7.953885174778455394e+02 5.499276836599848366e+02 3.141327521510748966e+02 2.827882900129297354e+02 1.372126221770265033e+02 9.931807038081151973e+01 9.003716671055940424e+01 7.266385166458999834e+01 4.023046074671924544e+01 2.710619201946678203e+01 2.247036356862066953e+01 8.377476564340812004e+00 1.890365011425361885e+01 5.198388312762511454e+00 3.219774374746923407e+00 4.092330096534940509e+00 1.080625270406228999e+01 1.856915738494083534e+00 -4.313830001884991910e-02
2.424887030465478801e+03 1.551909466529312795e+03 1.061878463020032996e+03 6.917999346307606174e+02 6.010130939130802972e+02 3.038780587939832003e+02 2.469320346942287472e+02 1.340576521141412911e+02 1.306310073916941406e+02 7.736077160886863169e+01 6.588038024200790232e+01 3.583149679543672050e+01 1.364152163174701293e+01 3.696705621070994141e+01 1.439052037454034050e+01 1.223669335905732902e+00 5.914220108610179771e+00 8.327962496529544012e+00 5.243378387819485731e+00 3.425615566231780651e+00 1.856915738494083534e+00 6.931530621395933345e+00 -2.745148806713526568e-02
6.428488326615786264e+02 3.984113284940786457e+02 2.703461879720723005e+02 1.642809609805078424e+02 8.305703795812583223e+01 5.601888111507246748e+01 3.762525488619560576e+01 3.312975826721069694e+01 2.741476333371649332e+01 1.951918915035144764e+01 2.354402151576988345e-02 -7.697480960998001720e+00 6.766793202314556943e+00 6.115060975197142312e+00 2.533724743035924210e+00 3.074848151285630049e+00 9.726261693126201369e-01 2.953109829729133384e+00 -5.098251694934559097e-01 -1.686328955646760330e-01 -4.313830001884991910e-02 -2.745148806713526568e-02 2.000028364834210759e+00
