1.910332395649958774e+07 1.260721019106260687e+07 8.615581072189731523e+06 6.187521648883725516e+06 4.294204829146579839e+06 3.007525520018934272e+06 2.131294571048320271e+06 1.474508613612969406e+06 1.026322941676888964e+06 6.970616871994173853e+05 4.493952874459829764e+05 3.188580164515039069e+05 1.894127630724796909e+05 1.188677638695920905e+05 8.077289157650983543e+04 3.609681934070265561e+04 1.715682323870655455e+04 7.672973675220815494e+03 2.259427164849629207e+03 4.170667543900278815e+02
1.260721019106260687e+07 8.980128021537510678e+06 5.880374806603225879e+06 4.214745446224921383e+06 2.910973921076331753e+06 2.040427410674810410e+06 1.458620553736264119e+06 1.004200061671093106e+06 6.948877988782828907e+05 4.715507355110716308e+05 3.026923847052708152e+05 2.190902960318925616e+05 1.294307599628312164e+05 8.259770406947606534e+04 5.422494351034372085e+04 2.462319446243751736e+04 1.096492144435108094e+04 5.163006567054003426e+03 1.529830323287587817e+03 2.707225059556019460e+02
8.615581072189731523e+06 5.880374806603225879e+06 4.264165559569561854e+06 2.888977716168909334e+06 1.987712028259630781e+06 1.388753271467227023e+06 9.925119165288023651e+05 6.898671399546004832e+05 4.715008205563254887e+05 3.248675115187467309e+05 2.050830992069363419e+05 1.496630239746955340e+05 8.892517357201718551e+04 5.531856570146227023e+04 3.752128917502615514e+04 1.608442376751722441e+04 7.863231596113787418e+03 3.431992005432853148e+03 1.075644508551488116e+03 1.855634539028243921e+02
6.187521648883725516e+06 4.214745446224921383e+06 2.888977716168909334e+06 2.244005015606501605e+06 1.429418759618526790e+06 1.017542649930849788e+06 7.213827300326455152e+05 4.925510865212985082e+05 3.443409771679347614e+05 2.350102812733563478e+05 1.512056422741019633e+05 1.055214221004077117e+05 6.312109439097200811e+04 3.900295831545463443e+04 2.582302638198700515e+04 1.206241603309811580e+04 5.325335120860255302e+03 2.198530585868998060e+03 7.565214595549871319e+02 1.059418374886465699e+02
4.294204829146579839e+06 2.910973921076331753e+06 1.987712028259630781e+06 1.429418759618526790e+06 1.118776488820611732e+06 7.050125601265351288e+05 5.004779356642629136e+05 3.409990923343386967e+05 2.412997257539918355e+05 1.611101054118522443e+05 1.040011383840360941e+05 7.303057867700360657e+04 4.316436442911867925e+04 2.688313932633488366e+04 1.825971641672711849e+04 8.542511643275867755e+03 3.757232606789861165e+03 1.677629450726343975e+03 5.014310259854000265e+02 6.848047326630265275e+01
3.007525520018934272e+06 2.040427410674810410e+06 1.388753271467227023e+06 1.017542649930849788e+06 7.050125601265351288e+05 5.743912660799006699e+05 3.456016023725980776e+05 2.393281922982899123e+05 1.670399248837509949e+05 1.123126886800305801e+05 7.101284974905797571e+04 5.123061108470813633e+04 3.080158627563477785e+04 1.960218443466654207e+04 1.244380111770363692e+04 6.055589749910282080e+03 2.655104720701658152e+03 1.207130239350103011e+03 3.203878948157750415e+02 5.856232076288957700e+01
2.131294571048320271e+06 1.458620553736264119e+06 9.925119165288023651e+05 7.213827300326455152e+05 5.004779356642629136e+05 3.456016023725980776e+05 3.072851691600140766e+05 1.696256149909860687e+05 1.215457376838565106e+05 8.229436160215181008e+04 5.215331198897343711e+04 3.834618526367571758e+04 2.132689122195704840e+04 1.362621983539036228e+04 9.416832081778111387e+03 3.895717396905547957e+03 1.835288846243036460e+03 7.824721593436612466e+02 2.558121328956905529e+02 1.687851015166177149e+01
1.474508613612969406e+06 1.004200061671093106e+06 6.898671399546004832e+05 4.925510865212985082e+05 3.409990923343386967e+05 2.393281922982899123e+05 1.696256149909860687e+05 1.509203658559962641e+05 8.141047819218097720e+04 5.622456001413122431e+04 3.511280238108569029e+04 2.508708743556015907e+04 1.552807071637944864e+04 9.569424305626425848e+03 6.141646377964586463e+03 2.921470159387494732e+03 1.146976754814670130e+03 5.646804396482823449e+02 1.167140599513057424e+02 3.244077231629825775e+01
1.026322941676888964e+06 6.948877988782828907e+05 4.715008205563254887e+05 3.443409771679347614e+05 2.412997257539918355e+05 1.670399248837509949e+05 1.215457376838565106e+05 8.141047819218097720e+04 7.689475759941476281e+04 4.028841584201033402e+04 2.599827718917893071e+04 1.805997371479386857e+04 1.084172640239717657e+04 6.200578285296976901e+03 4.370124340675341045e+03 2.049934026447081123e+03 8.492737939945840253e+02 3.715086348970812082e+02 1.066624703847326714e+02 1.521733140394521300e+01
6.970616871994173853e+05 4.715507355110716308e+05 3.248675115187467309e+05 2.350102812733563478e+05 1.611101054118522443e+05 1.123126886800305801e+05 8.229436160215181008e+04 5.622456001413122431e+04 4.028841584201033402e+04 3.776243767279302119e+04 1.688892479319747508e+04 1.218011359842661477e+04 7.507106526001673956e+03 4.344659895762360065e+03 3.149776471195754766e+03 1.171660558324350177e+03 6.301681615865093136e+02 2.590801049147077038e+02 1.181942480949942080e+02 1.439722887515941174e+01
4.493952874459829764e+05 3.026923847052708152e+05 2.050830992069363419e+05 1.512056422741019633e+05 1.040011383840360941e+05 7.101284974905797571e+04 5.215331198897343711e+04 3.511280238108569029e+04 2.599827718917893071e+04 1.688892479319747508e+04 1.758286261581067811e+04 8.130796309823115735e+03 4.518451559906220609e+03 3.030701131526827794e+03 1.956852636516268149e+03 8.300637910838054268e+02 3.945403056757323270e+02 1.524448160874918017e+02 5.071535460989700539e+01 9.855270318391388784e+00
3.188580164515039069e+05 2.190902960318925616e+05 1.496630239746955340e+05 1.055214221004077117e+05 7.303057867700360657e+04 5.123061108470813633e+04 3.834618526367571758e+04 2.508708743556015907e+04 1.805997371479386857e+04 1.218011359842661477e+04 8.130796309823115735e+03 1.019856538575310697e+04 3.408093230807346117e+03 2.152229907720404299e+03 1.495299923504099979e+03 6.512744692017388388e+02 3.851533479701973306e+02 1.438087395330217078e+02 5.918058911856855531e+01 6.518624240184555774e+00
1.894127630724796909e+05 1.294307599628312164e+05 8.892517357201718551e+04 6.312109439097200811e+04 4.316436442911867925e+04 3.080158627563477785e+04 2.132689122195704840e+04 1.552807071637944864e+04 1.084172640239717657e+04 7.507106526001673956e+03 4.518451559906220609e+03 3.408093230807346117e+03 4.106105621736763169e+03 1.317466541917903896e+03 7.316557313258949762e+02 3.713901269701350429e+02 1.448642083494734152e+02 8.214476070114430684e+01 1.291416467155451642e+01 4.375915320908040584e+00
1.188677638695920905e+05 8.259770406947606534e+04 5.531856570146227023e+04 3.900295831545463443e+04 2.688313932633488366e+04 1.960218443466654207e+04 1.362621983539036228e+04 9.569424305626425848e+03 6.200578285296976901e+03 4.344659895762360065e+03 3.030701131526827794e+03 2.152229907720404299e+03 1.317466541917903896e+03 2.036747440617378061e+03 4.894003197060670232e+02 2.157701905249835477e+02 1.107100307910367434e+02 4.329377426339867441e+01 1.798092156504089090e+01 1.494462956685017163e+00
8.077289157650983543e+04 5.422494351034372085e+04 3.752128917502615514e+04 2.582302638198700515e+04 1.825971641672711849e+04 1.244380111770363692e+04 9.416832081778111387e+03 6.141646377964586463e+03 4.370124340675341045e+03 3.149776471195754766e+03 1.956852636516268149e+03 1.495299923504099979e+03 7.316557313258949762e+02 4.894003197060670232e+02 1.084056093051012795e+03 1.653123637927970435e+02 9.329129097676326410e+01 4.590723436180194028e+01 1.882699407626998678e+01 3.733958942715227103e+00
3.609681934070265561e+04 2.462319446243751736e+04 1.608442376751722441e+04 1.206241603309811580e+04 8.542511643275867755e+03 6.055589749910282080e+03 3.895717396905547957e+03 2.921470159387494732e+03 2.049934026447081123e+03 1.171660558324350177e+03 8.300637910838054268e+02 6.512744692017388388e+02 3.713901269701350429e+02 2.157701905249835477e+02 1.653123637927970435e+02 3.612044260316905593e+02 3.513562673069326792e+01 2.281922935707645550e+01 5.836105305308326052e+00 2.486579149033620428e+00
1.715682323870655455e+04 1.096492144435108094e+04 7.863231596113787418e+03 5.325335120860255302e+03 3.757232606789861165e+03 2.655104720701658152e+03 1.835288846243036460e+03 1.146976754814670130e+03 8.492737939945840253e+02 6.301681615865093136e+02 3.945403056757323270e+02 3.851533479701973306e+02 1.448642083494734152e+02 1.107100307910367434e+02 9.329129097676326410e+01 3.513562673069326792e+01 1.191213241146903243e+02 6.128213775468478453e+00 3.341538023149299708e+00 -2.098231660523330599e-01
7.672973675220815494e+03 5.163006567054003426e+03 3.431992005432853148e+03 2.198530585868998060e+03 1.677629450726343975e+03 1.207130239350103011e+03 7.824721593436612466e+02 5.646804396482823449e+02 3.715086348970812082e+02 2.590801049147077038e+02 1.524448160874918017e+02 1.438087395330217078e+02 8.214476070114430684e+01 4.329377426339867441e+01 4.590723436180194028e+01 2.281922935707645550e+01 6.128213775468478453e+00 3.702145486043256284e+01 3.498342103364884270e+00 9.392815281979443043e-01
2.259427164849629207e+03 1.529830323287587817e+03 1.075644508551488116e+03 7.565214595549871319e+02 5.014310259854000265e+02 3.203878948157750415e+02 2.558121328956905529e+02 1.167140599513057424e+02 1.066624703847326714e+02 1.181942480949942080e+02 5.071535460989700539e+01 5.918058911856855531e+01 1.291416467155451642e+01 1.798092156504089090e+01 1.882699407626998678e+01 5.836105305308326052e+00 3.341538023149299708e+00 3.498342103364884270e+00 9.914422538704904753e+00 -1.568711885449814228e-02
4.170667543900278815e+02 2.707225059556019460e+02 1.855634539028243921e+02 1.059418374886465699e+02 6.848047326630265275e+01 5.856232076288957700e+01 1.687851015166177149e+01 3.244077231629825775e+01 1.521733140394521300e+01 1.439722887515941174e+01 9.855270318391388784e+00 6.518624240184555774e+00 4.375915320908040584e+00 1.494462956685017163e+00 3.733958942715227103e+00 2.486579149033620428e+00 -2.098231660523330599e-01 9.392815281979443043e-01 -1.568711885449814228e-02 1.001998200295505237e+00
