2.167627173336892854e+06 1.204554976004432421e+06 8.165272869075156050e+05 5.401501803314947756e+05 3.413730052964654169e+05 2.313445307689275651e+05 1.230195549506593088e+05 5.654934923872689978e+04 2.743365649484531968e+04 9.629270953285449650e+03 1.914860360462661220e+03 1.261333710674494597e+02 -4.607013580385817875e+00
1.204554976004432421e+06 9.804800012445875909e+05 5.395130477053888608e+05 3.618987271634612116e+05 2.256213019528877921e+05 1.505607292833749088e+05 8.043008733400539495e+04 3.878468846499486972e+04 1.827940791010050816e+04 5.369736354277722057e+03 1.561715675649820014e+03 2.193492201479067649e+00 1.679346918793041610e+01
8.165272869075156050e+05 5.395130477053888608e+05 4.807630711952815764e+05 2.458811783114273276e+05 1.584502189539597894e+05 1.018433029725407250e+05 5.516852650519777671e+04 2.554840318792137987e+04 1.280470938934267906e+04 3.949989206396848203e+03 7.027521942475570995e+02 1.459282758110441414e+01 4.626875059925921185e+00
5.401501803314947756e+05 3.618987271634612116e+05 2.458811783114273276e+05 2.273899434279744746e+05 1.030335620327886572e+05 7.159687094367558893e+04 3.859998938666270260e+04 1.859925150506843420e+04 8.546103299132804750e+03 2.950650511990762425e+03 6.473123137287160489e+02 2.222141455281069256e+01 -9.790987315468084873e+00
3.413730052964654169e+05 2.256213019528877921e+05 1.584502189539597894e+05 1.030335620327886572e+05 1.005211917263371579e+05 4.816066468669634924e+04 2.490319012240871234e+04 1.132261129115629774e+04 5.541446120388862255e+03 1.463082728101063822e+03 5.152544453532901798e+02 1.901053587357400687e+01 -8.005569407236722057e+00
2.313445307689275651e+05 1.505607292833749088e+05 1.018433029725407250e+05 7.159687094367558893e+04 4.816066468669634924e+04 5.227904409450883395e+04 1.662114707461288344e+04 7.801744106129790453e+03 4.131335025586496158e+03 1.147123490139028490e+03 3.450896323270779362e+02 9.667653897506850669e+00 5.251205084284997326e+00
1.230195549506593088e+05 8.043008733400539495e+04 5.516852650519777671e+04 3.859998938666270260e+04 2.490319012240871234e+04 1.662114707461288344e+04 1.832934731834894046e+04 4.582869086801601952e+03 2.184886327469224398e+03 6.070226849246265601e+02 4.648515563368263059e+01 -4.810774959348441904e+00 1.164958231494728436e+00
5.654934923872689978e+04 3.878468846499486972e+04 2.554840318792137987e+04 1.859925150506843420e+04 1.132261129115629774e+04 7.801744106129790453e+03 4.582869086801601952e+03 5.749557780645806815e+03 9.336338727270716618e+02 2.644276068026275652e+02 5.006590339118214672e+01 -5.467124976293755267e+00 3.601230366880789902e+00
2.743365649484531968e+04 1.827940791010050816e+04 1.280470938934267906e+04 8.546103299132804750e+03 5.541446120388862255e+03 4.131335025586496158e+03 2.184886327469224398e+03 9.336338727270716618e+02 1.869303287499562884e+03 2.134351730350428227e+02 4.374428061716015748e+01 -6.296794751648945310e-01 -8.341287182578352999e-01
9.629270953285449650e+03 5.369736354277722057e+03 3.949989206396848203e+03 2.950650511990762425e+03 1.463082728101063822e+03 1.147123490139028490e+03 6.070226849246265601e+02 2.644276068026275652e+02 2.134351730350428227e+02 5.360360839238688868e+02 2.204775128760227787e+01 -6.292984554137755204e-02 2.437956940314237597e-01
1.914860360462661220e+03 1.561715675649820014e+03 7.027521942475570995e+02 6.473123137287160489e+02 5.152544453532901798e+02 3.450896323270779362e+02 4.648515563368263059e+01 5.006590339118214672e+01 4.374428061716015748e+01 2.204775128760227787e+01 8.266819233127424127e+01 -1.226562017953664485e+00 -1.532841264472462051e-01
1.261333710674494597e+02 2.193492201479067649e+00 1.459282758110441414e+01 2.222141455281069256e+01 1.901053587357400687e+01 9.667653897506850669e+00 -4.810774959348441904e+00 -5.467124976293755267e+00 -6.296794751648945310e-01 -6.292984554137755204e-02 -1.226562017953664485e+00 7.923114907080442748e+00 -1.571676198013130521e-02
-4.607013580385817875e+00 1.679346918793041610e+01 4.626875059925921185e+00 -9.790987315468084873e+00 -8.005569407236722057e+00 5.251205084284997326e+00 1.164958231494728436e+00 3.601230366880789902e+00 -8.341287182578352999e-01 2.437956940314237597e-01 -1.532841264472462051e-01 -1.571676198013130521e-02 1.003671627500295926e+00
