1.733741281934355153e+06 9.387791812685281038e+05 6.616351916544125415e+05 3.878963262549169012e+05 2.339686098628529580e+05 1.276618561969282164e+05 6.440926706009588088e+04 2.278704998831976263e+04 1.152464606063826977e+04 1.786236296582793329e+03 4.385551832292337622e+02
9.387791812685281038e+05 7.195567423839361873e+05 4.111233667150763795e+05 2.502175280272927776e+05 1.516861328196644899e+05 8.276165167873061728e+04 4.247418243649856595e+04 1.411947533902008763e+04 7.036098544353546458e+03 1.210395364601323536e+03 3.521555141103401638e+02
6.616351916544125415e+05 4.111233667150763795e+05 3.758575645160459098e+05 1.758041933969497040e+05 1.054619019994523260e+05 5.777420619559186161e+04 2.791455584192610331e+04 1.057595949770394145e+04 5.254513210350592999e+03 8.692907885616000385e+02 1.885012388892452009e+02
3.878963262549169012e+05 2.502175280272927776e+05 1.758041933969497040e+05 1.499682864572739927e+05 6.603213927643497300e+04 3.662243425845082675e+04 1.804299168584842118e+04 6.488728091575385406e+03 2.940188740086361577e+03 5.041745397727774503e+02 1.727287502728868276e+02
2.339686098628529580e+05 1.516861328196644899e+05 1.054619019994523260e+05 6.603213927643497300e+04 6.370447760233644658e+04 2.079017920427620629e+04 1.227143535755412449e+04 3.636942934501650598e+03 2.176399508273915671e+03 3.365320445310780428e+02 6.707425293254929954e+01
1.276618561969282164e+05 8.276165167873061728e+04 5.777420619559186161e+04 3.662243425845082675e+04 2.079017920427620629e+04 2.360001746316707431e+04 5.774391611551403912e+03 2.262422708246337152e+03 1.113756519008396936e+03 1.828816525671954309e+02 4.738021070691230818e+01
6.440926706009588088e+04 4.247418243649856595e+04 2.791455584192610331e+04 1.804299168584842118e+04 1.227143535755412449e+04 5.774391611551403912e+03 7.892595264264011348e+03 9.181768758544731099e+02 4.633433235932623120e+02 5.375273532193733672e+01 3.458025972633278400e+01
2.278704998831976263e+04 1.411947533902008763e+04 1.057595949770394145e+04 6.488728091575385406e+03 3.636942934501650598e+03 2.262422708246337152e+03 9.181768758544731099e+02 1.937059248394459246e+03 1.835287089127279501e+02 3.758416979101677668e+01 1.367837898905120753e+01
1.152464606063826977e+04 7.036098544353546458e+03 5.254513210350592999e+03 2.940188740086361577e+03 2.176399508273915671e+03 1.113756519008396936e+03 4.633433235932623120e+02 1.835287089127279501e+02 5.849624656768294244e+02 3.630574331440193703e+01 -3.921553609246374306e-01
1.786236296582793329e+03 1.210395364601323536e+03 8.692907885616000385e+02 5.041745397727774503e+02 3.365320445310780428e+02 1.828816525671954309e+02 5.375273532193733672e+01 3.758416979101677668e+01 3.630574331440193703e+01 8.720750916241892980e+01 -9.254866517821249694e-01
4.385551832292337622e+02 3.521555141103401638e+02 1.885012388892452009e+02 1.727287502728868276e+02 6.707425293254929954e+01 4.738021070691230818e+01 3.458025972633278400e+01 1.367837898905120753e+01 -3.921553609246374306e-01 -9.254866517821249694e-01 1.176466082773885802e+01
