8.784247185315403622e+05 4.616240359957834589e+05 2.593045995299209608e+05 1.346555266087401251e+05 5.966000499910237704e+04 2.280384601283793745e+04 8.675133178933845556e+03 2.382031125485362736e+03 6.196207650440978796e+02 -1.487477460788887562e+01
4.616240359957834589e+05 3.929935501003551180e+05 1.641012127219039539e+05 8.646797896505708923e+04 3.801096534802690439e+04 1.464820514166574139e+04 5.709044518339643218e+03 1.280605007930786996e+03 3.270590186506783539e+02 -1.167521336513782693e+01
2.593045995299209608e+05 1.641012127219039539e+05 1.291145180152026005e+05 5.051943057639562903e+04 2.145510481276132123e+04 8.208393279792127942e+03 3.033759976495954106e+03 7.585916744107985323e+02 1.525843943434221330e+02 1.167681663123534896e+01
1.346555266087401251e+05 8.646797896505708923e+04 5.051943057639562903e+04 4.314347345558413508e+04 1.113591602756007705e+04 4.549799146352848766e+03 1.713471186554677388e+03 4.417918744466993530e+02 8.633608590569619423e+01 -1.135937163367792380e+01
5.966000499910237704e+04 3.801096534802690439e+04 2.145510481276132123e+04 1.113591602756007705e+04 1.262835911410344488e+04 2.251984483458982140e+03 7.045313820185953091e+02 2.155900658694438903e+02 1.231658598079516231e+01 1.372476290851177394e+00
2.280384601283793745e+04 1.464820514166574139e+04 8.208393279792127942e+03 4.549799146352848766e+03 2.251984483458982140e+03 3.462827633849934955e+03 2.182127800871035959e+02 6.744975675670237081e+01 1.879397615709305214e+01 2.370685311885543101e+00
8.675133178933845556e+03 5.709044518339643218e+03 3.033759976495954106e+03 1.713471186554677388e+03 7.045313820185953091e+02 2.182127800871035959e+02 8.916242640727890603e+02 3.263119962065633217e+01 1.341106534396672778e+01 -6.294363760547601050e-01
2.382031125485362736e+03 1.280605007930786996e+03 7.585916744107985323e+02 4.417918744466993530e+02 2.155900658694438903e+02 6.744975675670237081e+01 3.263119962065633217e+01 1.218636666407211493e+02 5.226155441699772197e+00 4.953316167858070607e-01
6.196207650440978796e+02 3.270590186506783539e+02 1.525843943434221330e+02 8.633608590569619423e+01 1.231658598079516231e+01 1.879397615709305214e+01 1.341106534396672778e+01 5.226155441699772197e+00 1.465059924764362087e+01 -5.893823939486594193e-02
-1.487477460788887562e+01 -1.167521336513782693e+01 1.167681663123534896e+01 -1.135937163367792380e+01 1.372476290851177394e+00 2.370685311885543101e+00 -6.294363760547601050e-01 4.953316167858070607e-01 -5.893823939486594193e-02 2.003291914542317809e+00
