2.350513899407037999e+06 1.306121425114301266e+06 8.827997202629551757e+05 6.039022083944407059e+05 3.726103793287574663e+05 2.559043648826631834e+05 1.496462744185351767e+05 8.208070342121292197e+04 3.165446346136567445e+04 1.546363535435907033e+04 4.135024535242578168e+03 4.765940329049583966e+02 -2.036123951392790186e-11
1.306121425114301266e+06 1.038391297506656731e+06 5.754148969692460960e+05 3.931399995958203217e+05 2.541860498751960986e+05 1.699980797598439967e+05 9.710199663499725284e+04 5.726638596244861401e+04 2.120436460944983628e+04 9.249919299376861090e+03 3.311026476698093120e+03 2.715488550510710297e+02 5.578092888786987835e+00
8.827997202629551757e+05 5.754148969692460960e+05 5.097647013793942169e+05 2.716620886079586344e+05 1.749477207539694500e+05 1.144711197719264310e+05 6.561818468022931484e+04 3.740665326125836873e+04 1.404304891458595193e+04 6.494563562420699782e+03 2.049028425962527763e+03 1.370128486580251774e+02 3.589361079424992607e+00
6.039022083944407059e+05 3.931399995958203217e+05 2.716620886079586344e+05 2.535050148814757413e+05 1.179212524886414612e+05 7.636651312418725865e+04 4.901158726373797253e+04 2.582710532837166102e+04 1.040157646111334361e+04 4.641072507358054281e+03 1.345648673378990907e+03 2.294166827016109380e+02 -8.865962624809082371e+00
3.726103793287574663e+05 2.541860498751960986e+05 1.749477207539694500e+05 1.179212524886414612e+05 1.153573719616497547e+05 5.301070434184167243e+04 3.113753591500192488e+04 1.606263825991889644e+04 6.932643233139106997e+03 2.789522366560025148e+03 1.057678154100369966e+03 8.478737753919013187e+01 -7.318599798625205488e-02
2.559043648826631834e+05 1.699980797598439967e+05 1.144711197719264310e+05 7.636651312418725865e+04 5.301070434184167243e+04 5.865619720283903007e+04 2.203447343080791688e+04 1.094528780713661217e+04 4.688248411623215361e+03 1.983652627832761254e+03 6.290481211053173638e+02 5.248623458850158130e+01 -2.362861966064154551e+00
1.496462744185351767e+05 9.710199663499725284e+04 6.561818468022931484e+04 4.901158726373797253e+04 3.113753591500192488e+04 2.203447343080791688e+04 2.355441005647766724e+04 7.200669798152748626e+03 3.185757869671731441e+03 1.150568788834170846e+03 2.784145244690142249e+02 1.794881378310293485e+01 3.800117017613021009e+00
8.208070342121292197e+04 5.726638596244861401e+04 3.740665326125836873e+04 2.582710532837166102e+04 1.606263825991889644e+04 1.094528780713661217e+04 7.200669798152748626e+03 9.324406209245262289e+03 1.416643898083653994e+03 5.457072684926107513e+02 1.788771946186279251e+02 7.215600304330756387e+00 4.488883021332749301e+00
3.165446346136567445e+04 2.120436460944983628e+04 1.404304891458595193e+04 1.040157646111334361e+04 6.932643233139106997e+03 4.688248411623215361e+03 3.185757869671731441e+03 1.416643898083653994e+03 2.398320287771533913e+03 3.089627538187544360e+02 6.303815093396268310e+01 -1.141239084262192366e-01 -7.337429013135150502e-01
1.546363535435907033e+04 9.249919299376861090e+03 6.494563562420699782e+03 4.641072507358054281e+03 2.789522366560025148e+03 1.983652627832761254e+03 1.150568788834170846e+03 5.457072684926107513e+02 3.089627538187544360e+02 8.083163045448520734e+02 6.852814463979647996e+01 7.889500223498290055e+00 -1.769365340122293351e-01
4.135024535242578168e+03 3.311026476698093120e+03 2.049028425962527763e+03 1.345648673378990907e+03 1.057678154100369966e+03 6.290481211053173638e+02 2.784145244690142249e+02 1.788771946186279251e+02 6.303815093396268310e+01 6.852814463979647996e+01 1.616976261587122679e+02 -2.004886145516084905e+00 -2.790386262254324068e-01
4.765940329049583966e+02 2.715488550510710297e+02 1.370128486580251774e+02 2.294166827016109380e+02 8.478737753919013187e+01 5.248623458850158130e+01 1.794881378310293485e+01 7.215600304330756387e+00 -1.141239084262192366e-01 7.889500223498290055e+00 -2.004886145516084905e+00 1.747176877927959993e+01 -3.535870595487979745e-02
-2.036123951392790186e-11 5.578092888786987835e+00 3.589361079424992607e+00 -8.865962624809082371e+00 -7.318599798625205488e-02 -2.362861966064154551e+00 3.800117017613021009e+00 4.488883021332749301e+00 -7.337429013135150502e-01 -1.769365340122293351e-01 -2.790386262254324068e-01 -3.535870595487979745e-02 1.003531930062568689e+00
