1.068458833659585565e+06 5.570316589167558122e+05 3.329293916613420006e+05 1.869458409243263013e+05 9.210014140570760355e+04 3.873097324229147489e+04 1.512614207206745050e+04 3.823624572516429453e+03 8.672319729168107187e+02 2.169952474140797563e+02
5.570316589167558122e+05 4.555053908647455974e+05 2.161489290865031653e+05 1.159096815958829975e+05 5.986927268200991966e+04 2.434860479241357098e+04 9.538416412314407353e+03 2.188187698423274014e+03 5.790860175933597702e+02 1.254152059773019516e+02
3.329293916613420006e+05 2.161489290865031653e+05 1.786038650280802685e+05 6.956152183853142196e+04 3.646778190953412559e+04 1.569066932188487044e+04 5.015306283293877641e+03 1.467664967582037207e+03 1.556543058581992227e+02 1.114662397892133185e+02
1.869458409243263013e+05 1.159096815958829975e+05 6.956152183853142196e+04 6.554952151684246201e+04 1.883539453356788727e+04 8.281850636294857395e+03 3.290285438551462903e+03 8.997926325343281633e+02 2.595519471815729275e+02 7.890165861803049907e+00
9.210014140570760355e+04 5.986927268200991966e+04 3.646778190953412559e+04 1.883539453356788727e+04 2.032851038407366286e+04 4.591402024348737541e+03 1.463049298983977678e+03 4.197474121192738039e+02 1.019407860723543706e+02 1.751365841889342789e+01
3.873097324229147489e+04 2.434860479241357098e+04 1.569066932188487044e+04 8.281850636294857395e+03 4.591402024348737541e+03 6.016698526736699023e+03 5.709703623990537835e+02 9.885452338187923260e+01 1.897247636153188566e+01 1.582739036691811663e+01
1.512614207206745050e+04 9.538416412314407353e+03 5.015306283293877641e+03 3.290285438551462903e+03 1.463049298983977678e+03 5.709703623990537835e+02 1.468274769168370767e+03 1.129956456968256759e+02 9.182317776051275970e+00 4.992137744570846358e+00
3.823624572516429453e+03 2.188187698423274014e+03 1.467664967582037207e+03 8.997926325343281633e+02 4.197474121192738039e+02 9.885452338187923260e+01 1.129956456968256759e+02 2.828224462988423511e+02 1.150583828952860799e+01 1.411759299328659567e-01
8.672319729168107187e+02 5.790860175933597702e+02 1.556543058581992227e+02 2.595519471815729275e+02 1.019407860723543706e+02 1.897247636153188566e+01 9.182317776051275970e+00 1.150583828952860799e+01 4.388806721787982212e+01 5.215666300297563396e-01
2.169952474140797563e+02 1.254152059773019516e+02 1.114662397892133185e+02 7.890165861803049907e+00 1.751365841889342789e+01 1.582739036691811663e+01 4.992137744570846358e+00 1.411759299328659567e-01 5.215666300297563396e-01 5.952918378835862612e+00
