1.616958420224310830e+06 8.995015053172749467e+05 5.779202245104116155e+05 3.674814056071213563e+05 2.349943372310230916e+05 1.195168279533852328e+05 6.294180575896558730e+04 2.739416077668320213e+04 8.519543647352827975e+03 1.771640279959226973e+03 8.624660298523281199e+02
8.995015053172749467e+05 7.512817289053968852e+05 3.887584153548949398e+05 2.469130919216643961e+05 1.563555424233239610e+05 8.041178185009754088e+04 4.066567685304756742e+04 1.861767405576943202e+04 6.017503469772554126e+03 1.244363443927883282e+03 5.352566198188898170e+02
5.779202245104116155e+05 3.887584153548949398e+05 3.358196284031909890e+05 1.609855408984829846e+05 1.058738868685244961e+05 5.038840830224314413e+04 2.704124446313634326e+04 1.244856846199098800e+04 3.285857893685173622e+03 6.911702902877733550e+02 3.885004740765319866e+02
3.674814056071213563e+05 2.469130919216643961e+05 1.609855408984829846e+05 1.488926751383489172e+05 6.844186037426421535e+04 3.361190196414721868e+04 1.788842793994434396e+04 7.809659657343308936e+03 2.347371579553173888e+03 5.001702876950198515e+02 1.901601651460601659e+02
2.349943372310230916e+05 1.563555424233239610e+05 1.058738868685244961e+05 6.844186037426421535e+04 6.897980830904940376e+04 2.172296834827420389e+04 1.159916901822628279e+04 5.563108915082518251e+03 1.723629036043820406e+03 3.574018828723266097e+02 8.376649829799097802e+01
1.195168279533852328e+05 8.041178185009754088e+04 5.038840830224314413e+04 3.361190196414721868e+04 2.172296834827420389e+04 2.183360858104547151e+04 6.085186886842153399e+03 2.578417454750772322e+03 7.711415350026957185e+02 2.236798865340916507e+02 8.379648584423290458e+01
6.294180575896558730e+04 4.066567685304756742e+04 2.704124446313634326e+04 1.788842793994434396e+04 1.159916901822628279e+04 6.085186886842153399e+03 7.847628111229455499e+03 1.401683415225840463e+03 4.712833658471885201e+02 1.200819430661234009e+02 3.848121557220731859e+01
2.739416077668320213e+04 1.861767405576943202e+04 1.244856846199098800e+04 7.809659657343308936e+03 5.563108915082518251e+03 2.578417454750772322e+03 1.401683415225840463e+03 2.242767354846201215e+03 2.231512326157288726e+02 1.429727749040427653e+01 1.269820189076981265e+01
8.519543647352827975e+03 6.017503469772554126e+03 3.285857893685173622e+03 2.347371579553173888e+03 1.723629036043820406e+03 7.711415350026957185e+02 4.712833658471885201e+02 2.231512326157288726e+02 4.791471044316621715e+02 2.362366059167453614e+01 9.643591952489430907e-01
1.771640279959226973e+03 1.244363443927883282e+03 6.911702902877733550e+02 5.001702876950198515e+02 3.574018828723266097e+02 2.236798865340916507e+02 1.200819430661234009e+02 1.429727749040427653e+01 2.362366059167453614e+01 9.132648493978591375e+01 3.999466144933963019e+00
8.624660298523281199e+02 5.352566198188898170e+02 3.885004740765319866e+02 1.901601651460601659e+02 8.376649829799097802e+01 8.379648584423290458e+01 3.848121557220731859e+01 1.269820189076981265e+01 9.643591952489430907e-01 3.999466144933963019e+00 1.651810949490176128e+01
