1.455418101301819785e+06 7.845024975789195159e+05 5.262620495019523660e+05 2.967626474831069354e+05 1.695187100273382675e+05 9.308076039384337491e+04 4.446134511299824953e+04 1.344671092928878352e+04 5.230374158237485062e+03 1.030318763624990652e+03 3.212875641411049514e+02
7.845024975789195159e+05 6.522262261390286731e+05 3.382458019456868060e+05 1.957597815500852594e+05 1.133675929393364786e+05 6.081420786974384100e+04 2.948736179344015545e+04 9.198901908776739219e+03 2.806125974911452886e+03 6.706631567684087258e+02 1.778467557219025821e+02
5.262620495019523660e+05 3.382458019456868060e+05 3.136111097854893305e+05 1.317551104370074463e+05 7.650125264575707843e+04 4.129079899539209873e+04 2.032180203734134921e+04 6.147154310636054106e+03 2.057826028909069919e+03 5.619319036915022707e+02 1.855858758323159350e+02
2.967626474831069354e+05 1.957597815500852594e+05 1.317551104370074463e+05 1.114567916003851133e+05 4.416371942667439725e+04 2.308238525825462420e+04 1.161196151540287428e+04 4.207074446438909035e+03 1.081581389939132578e+03 2.579562418392956715e+02 4.890125144036624505e+01
1.695187100273382675e+05 1.133675929393364786e+05 7.650125264575707843e+04 4.416371942667439725e+04 4.461406436774364556e+04 1.442658879570954923e+04 7.065421753810127484e+03 2.392822136686649628e+03 8.211135718238152776e+02 1.461640637065551118e+02 1.945077826843795066e+01
9.308076039384337491e+04 6.081420786974384100e+04 4.129079899539209873e+04 2.308238525825462420e+04 1.442658879570954923e+04 1.615829409910958930e+04 4.292275378978889421e+03 9.345823726944362306e+02 4.871725560171038865e+02 1.115949478822967791e+02 2.583926471802383773e+01
4.446134511299824953e+04 2.948736179344015545e+04 2.032180203734134921e+04 1.161196151540287428e+04 7.065421753810127484e+03 4.292275378978889421e+03 4.873522675273632558e+03 6.031509646510071434e+02 2.911365048558351418e+02 6.728406125681468097e+01 8.852402006810887514e+00
1.344671092928878352e+04 9.198901908776739219e+03 6.147154310636054106e+03 4.207074446438909035e+03 2.392822136686649628e+03 9.345823726944362306e+02 6.031509646510071434e+02 1.153502217510871560e+03 3.354063741143747990e+01 7.395829718979388900e+00 -2.971152407311376198e+00
5.230374158237485062e+03 2.806125974911452886e+03 2.057826028909069919e+03 1.081581389939132578e+03 8.211135718238152776e+02 4.871725560171038865e+02 2.911365048558351418e+02 3.354063741143747990e+01 2.764892717411032663e+02 9.016552238363400917e+00 -5.138125841867809962e-01
1.030318763624990652e+03 6.706631567684087258e+02 5.619319036915022707e+02 2.579562418392956715e+02 1.461640637065551118e+02 1.115949478822967791e+02 6.728406125681468097e+01 7.395829718979388900e+00 9.016552238363400917e+00 3.450643040791963756e+01 7.121584934157656477e-01
3.212875641411049514e+02 1.778467557219025821e+02 1.855858758323159350e+02 4.890125144036624505e+01 1.945077826843795066e+01 2.583926471802383773e+01 8.852402006810887514e+00 -2.971152407311376198e+00 -5.138125841867809962e-01 7.121584934157656477e-01 4.984775065589542642e+00
