1.926733933820218779e+06 1.141194470586935291e+06 8.166291974564281991e+05 5.265348669941774569e+05 3.631905842820379767e+05 2.439543299966264458e+05 1.373942573608976672e+05 7.613981018813827541e+04 4.497410993261423573e+04 1.402292149747031181e+04 4.125048486943037460e+03 9.598376966502596588e+02 1.351228418618369176e+02
1.141194470586935291e+06 1.008922187080172589e+06 5.547013301506125135e+05 3.623635624088059412e+05 2.463447232966551674e+05 1.683355317681400629e+05 9.831403246519695676e+04 5.304774391964226379e+04 3.024017468621056832e+04 9.718540821009111824e+03 3.437008101994911158e+03 3.732168114760818867e+02 7.386683437729925572e+01
8.166291974564281991e+05 5.547013301506125135e+05 5.394689542810254497e+05 2.612567885648225201e+05 1.799671509599920246e+05 1.156943751521279046e+05 6.644503236276368261e+04 3.746547653845818422e+04 2.192293056957436056e+04 7.218873156615908556e+03 1.849592370217229018e+03 3.839150086427378596e+02 7.140903374555720973e+01
5.265348669941774569e+05 3.623635624088059412e+05 2.612567885648225201e+05 2.387283803563792026e+05 1.124305001957209752e+05 7.744521140455624845e+04 4.791134020698536915e+04 2.536662972347778123e+04 1.432956138275037847e+04 5.209040781482621242e+03 1.586631853327387262e+03 3.930815041675108432e+02 5.284312962281905612e+01
3.631905842820379767e+05 2.463447232966551674e+05 1.799671509599920246e+05 1.124305001957209752e+05 1.183666469690319354e+05 5.232184565086751536e+04 3.063233406422971893e+04 1.594155012004171294e+04 9.974408211408970601e+03 3.181398583047438478e+03 8.888503088636761049e+02 1.874065780344348582e+02 2.870369941140819847e+01
2.439543299966264458e+05 1.683355317681400629e+05 1.156943751521279046e+05 7.744521140455624845e+04 5.232184565086751536e+04 6.367641900286004238e+04 2.168245096889502747e+04 1.112010827899788092e+04 7.322321079385491430e+03 2.350083480631445582e+03 7.087645912900547955e+02 1.683028327640131749e+02 1.180353396635691432e+01
1.373942573608976672e+05 9.831403246519695676e+04 6.644503236276368261e+04 4.791134020698536915e+04 3.063233406422971893e+04 2.168245096889502747e+04 2.542827377029454146e+04 7.117606060798601902e+03 3.982970938243059209e+03 1.424686863577202303e+03 4.227910044779288228e+02 4.667038816434600079e+01 -5.958607368748531918e+00
7.613981018813827541e+04 5.304774391964226379e+04 3.746547653845818422e+04 2.536662972347778123e+04 1.594155012004171294e+04 1.112010827899788092e+04 7.117606060798601902e+03 9.849423632176063620e+03 2.294638888270445932e+03 7.740435328507103350e+02 3.476324306692831669e+02 5.651930481241620186e+01 6.254919804495972180e+00
4.497410993261423573e+04 3.024017468621056832e+04 2.192293056957436056e+04 1.432956138275037847e+04 9.974408211408970601e+03 7.322321079385491430e+03 3.982970938243059209e+03 2.294638888270445932e+03 3.451285632698080917e+03 3.796454855131717068e+02 2.022191522370429482e+02 2.395313217464456201e+01 2.652714897991740983e+00
1.402292149747031181e+04 9.718540821009111824e+03 7.218873156615908556e+03 5.209040781482621242e+03 3.181398583047438478e+03 2.350083480631445582e+03 1.424686863577202303e+03 7.740435328507103350e+02 3.796454855131717068e+02 8.878912396286797275e+02 5.232379174751942230e+01 -2.206441690558047508e+00 5.456730247628168717e-01
4.125048486943037460e+03 3.437008101994911158e+03 1.849592370217229018e+03 1.586631853327387262e+03 8.888503088636761049e+02 7.087645912900547955e+02 4.227910044779288228e+02 3.476324306692831669e+02 2.022191522370429482e+02 5.232379174751942230e+01 2.147253764641236558e+02 6.790504286479467355e-01 -3.905175453302222599e-01
9.598376966502596588e+02 3.732168114760818867e+02 3.839150086427378596e+02 3.930815041675108432e+02 1.874065780344348582e+02 1.683028327640131749e+02 4.667038816434600079e+01 5.651930481241620186e+01 2.395313217464456201e+01 -2.206441690558047508e+00 6.790504286479467355e-01 4.476240789011598764e+01 -8.240639456060283585e-02
1.351228418618369176e+02 7.386683437729925572e+01 7.140903374555720973e+01 5.284312962281905612e+01 2.870369941140819847e+01 1.180353396635691432e+01 -5.958607368748531918e+00 6.254919804495972180e+00 2.652714897991740983e+00 5.456730247628168717e-01 -3.905175453302222599e-01 -8.240639456060283585e-02 1.002522361778976689e+00
