2.013323488279831829e+06 1.187770815741888015e+06 8.527863163233011728e+05 5.581147437113898341e+05 3.858177718671888579e+05 2.692170386350735207e+05 1.546931791532218922e+05 9.211511502859502798e+04 5.367458427654435218e+04 2.063150457221414399e+04 6.938201873901934960e+03 1.757841275482676565e+03 5.175822767255579038e+02
1.187770815741888015e+06 1.017387162432785030e+06 5.913878083619053941e+05 3.832527672379066353e+05 2.625272518464263994e+05 1.877572624690024240e+05 1.080825602133070206e+05 6.548286332104730536e+04 3.602418020494376833e+04 1.551832657462215502e+04 5.238311107040232855e+03 7.197865466414993989e+02 1.220244827544359651e+02
8.527863163233011728e+05 5.913878083619053941e+05 5.700112716097247321e+05 2.750846124428563053e+05 1.926231012947201962e+05 1.307998394824208954e+05 7.316582252028955554e+04 4.645400555480851472e+04 2.663259420672868146e+04 9.956331492128807440e+03 3.328755504834287876e+03 7.547999321126252426e+02 1.578164527262324839e+02
5.581147437113898341e+05 3.832527672379066353e+05 2.750846124428563053e+05 2.556491566086022940e+05 1.230688657816802152e+05 8.236282293974781351e+04 5.063220832217899442e+04 3.052203675650471268e+04 1.671071624364802119e+04 7.161368897450952318e+03 2.303564279775209798e+03 6.894450648153201655e+02 1.349161449586688661e+02
3.858177718671888579e+05 2.625272518464263994e+05 1.926231012947201962e+05 1.230688657816802152e+05 1.287266944950799370e+05 5.960108329800131469e+04 3.405284339044472290e+04 2.176885750229250334e+04 1.202764767072677205e+04 5.071727097690228220e+03 1.495522298551943095e+03 5.382397726523107622e+02 8.836956506116960952e+01
2.692170386350735207e+05 1.877572624690024240e+05 1.307998394824208954e+05 8.236282293974781351e+04 5.960108329800131469e+04 7.085691817848940264e+04 2.636287282640407648e+04 1.534606042081391752e+04 8.687021422159888971e+03 3.407431948257799377e+03 1.210479124855681448e+03 2.658888398977989027e+02 2.407892996305145772e+01
1.546931791532218922e+05 1.080825602133070206e+05 7.316582252028955554e+04 5.063220832217899442e+04 3.405284339044472290e+04 2.636287282640407648e+04 2.955860482815689829e+04 8.793510486079574548e+03 5.039455408408287440e+03 2.174800709447369172e+03 5.800421858633595775e+02 2.615443089307133278e+02 -1.431526239834039771e+01
9.211511502859502798e+04 6.548286332104730536e+04 4.645400555480851472e+04 3.052203675650471268e+04 2.176885750229250334e+04 1.534606042081391752e+04 8.793510486079574548e+03 1.253390499017738694e+04 3.087938783807595428e+03 1.336291579694089023e+03 5.414036294062085517e+02 1.163255128417393678e+02 2.408607848509990745e+01
5.367458427654435218e+04 3.602418020494376833e+04 2.663259420672868146e+04 1.671071624364802119e+04 1.202764767072677205e+04 8.687021422159888971e+03 5.039455408408287440e+03 3.087938783807595428e+03 4.374229033654062732e+03 7.470145363779158743e+02 3.168979268522330699e+02 4.922587054580755961e+01 6.652273187031742196e+00
2.063150457221414399e+04 1.551832657462215502e+04 9.956331492128807440e+03 7.161368897450952318e+03 5.071727097690228220e+03 3.407431948257799377e+03 2.174800709447369172e+03 1.336291579694089023e+03 7.470145363779158743e+02 1.372032821907768948e+03 1.032213146486206057e+02 3.338133303825640041e+01 1.744945051085710519e+00
6.938201873901934960e+03 5.238311107040232855e+03 3.328755504834287876e+03 2.303564279775209798e+03 1.495522298551943095e+03 1.210479124855681448e+03 5.800421858633595775e+02 5.414036294062085517e+02 3.168979268522330699e+02 1.032213146486206057e+02 3.381737922278806536e+02 9.157320401982383729e+00 -2.602077063252806521e+00
1.757841275482676565e+03 7.197865466414993989e+02 7.547999321126252426e+02 6.894450648153201655e+02 5.382397726523107622e+02 2.658888398977989027e+02 2.615443089307133278e+02 1.163255128417393678e+02 4.922587054580755961e+01 3.338133303825640041e+01 9.157320401982383729e+00 6.402988661367525935e+01 9.319635225408920975e-01
5.175822767255579038e+02 1.220244827544359651e+02 1.578164527262324839e+02 1.349161449586688661e+02 8.836956506116960952e+01 2.407892996305145772e+01 -1.431526239834039771e+01 2.408607848509990745e+01 6.652273187031742196e+00 1.744945051085710519e+00 -2.602077063252806521e+00 9.319635225408920975e-01 8.881140775801839027e+00
