9.285989600740171736e+05 4.894045611643022858e+05 2.607359603719417064e+05 1.418569066708708706e+05 7.000523568849223375e+04 3.216420469369480998e+04 1.042131433028000356e+04 2.043395392929010541e+03 8.491068494523722165e+02 1.408289694640060929e+02
4.894045611643022858e+05 4.067304123635240248e+05 1.708052360338645813e+05 9.297946389164685388e+04 4.773007281331922422e+04 2.132140988076794019e+04 7.025415126965303898e+03 1.768972500892402650e+03 4.858777342243112685e+02 8.541814712351057892e+01
2.607359603719417064e+05 1.708052360338645813e+05 1.401864837677322212e+05 5.116328491000837676e+04 2.539122863606278770e+04 9.837464144468423910e+03 4.096571236761976252e+03 1.063784772173850342e+03 1.980700701711525653e+02 4.319699663695539016e+01
1.418569066708708706e+05 9.297946389164685388e+04 5.116328491000837676e+04 4.921087032571670716e+04 1.291894278514928192e+04 6.739269899266746506e+03 2.088404220303154034e+03 4.686721482764580742e+02 1.601637482164277060e+02 2.624063626129098026e+01
7.000523568849223375e+04 4.773007281331922422e+04 2.539122863606278770e+04 1.291894278514928192e+04 1.483825225145532204e+04 3.431072964552243320e+03 1.011920710411622849e+03 3.274082542342551960e+02 8.073073873203158257e+01 1.771044342516844594e+01
3.216420469369480998e+04 2.132140988076794019e+04 9.837464144468423910e+03 6.739269899266746506e+03 3.431072964552243320e+03 4.752471462013780183e+03 5.347816410149531521e+02 5.240496759418454786e+01 5.224144374886911635e+01 7.589494629494700995e+00
1.042131433028000356e+04 7.025415126965303898e+03 4.096571236761976252e+03 2.088404220303154034e+03 1.011920710411622849e+03 5.347816410149531521e+02 1.064122430584633321e+03 3.886008889797360411e+01 -3.502478095791592971e-01 3.356036690622183460e+00
2.043395392929010541e+03 1.768972500892402650e+03 1.063784772173850342e+03 4.686721482764580742e+02 3.274082542342551960e+02 5.240496759418454786e+01 3.886008889797360411e+01 1.894893125230442763e+02 2.367377684305942420e+00 1.313136196526270227e+00
8.491068494523722165e+02 4.858777342243112685e+02 1.980700701711525653e+02 1.601637482164277060e+02 8.073073873203158257e+01 5.224144374886911635e+01 -3.502478095791592971e-01 2.367377684305942420e+00 2.520895217254130216e+01 -8.644517688370728647e-02
1.408289694640060929e+02 8.541814712351057892e+01 4.319699663695539016e+01 2.624063626129098026e+01 1.771044342516844594e+01 7.589494629494700995e+00 3.356036690622183460e+00 1.313136196526270227e+00 -8.644517688370728647e-02 2.003459235860661991e+00
