1.857490007797707105e+06 1.073773708182134898e+06 7.056478825191877550e+05 4.639957846365070436e+05 2.965039465939972433e+05 1.743400386836836697e+05 1.037835235240384791e+05 4.399654902330494224e+04 2.495332985708982596e+04 7.242444507638454525e+03 1.549069710919644422e+03 2.746917301419343858e+02
1.073773708182134898e+06 9.340448564625891158e+05 4.845981243885983713e+05 3.105956141281317105e+05 2.046037161594676145e+05 1.190227620327742916e+05 6.801299377830370213e+04 3.221641805641973770e+04 1.618875767345256099e+04 5.629852150405838074e+03 1.147517344485169360e+03 1.301790298600575966e+02
7.056478825191877550e+05 4.845981243885983713e+05 4.239095702277370729e+05 2.153546714797299064e+05 1.414966027722095023e+05 8.087691718825683347e+04 4.751503458275899902e+04 2.092803673302935204e+04 1.181112245932029873e+04 3.280464732273733716e+03 6.636642532231181804e+02 1.001920350503613264e+02
4.639957846365070436e+05 3.105956141281317105e+05 2.153546714797299064e+05 1.993423739138125675e+05 8.939040373994869879e+04 5.538225229306080291e+04 2.940098371670825145e+04 1.387997112958553407e+04 7.872818075753547419e+03 2.181108216821235601e+03 4.307750939453139836e+02 9.674539475570657032e+01
2.965039465939972433e+05 2.046037161594676145e+05 1.414966027722095023e+05 8.939040373994869879e+04 9.147878761694718560e+04 3.423394460258380423e+04 1.908828400242251155e+04 9.203678790734600625e+03 5.424182330628306772e+03 1.539963156046397671e+03 3.854497215251229250e+02 6.197126601477526009e+01
1.743400386836836697e+05 1.190227620327742916e+05 8.087691718825683347e+04 5.538225229306080291e+04 3.423394460258380423e+04 3.794921493504891987e+04 1.107262866982274318e+04 5.903067869284077460e+03 3.125434911636099059e+03 1.114455345640820497e+03 1.961614618867404545e+02 2.339765542138956533e+01
1.037835235240384791e+05 6.801299377830370213e+04 4.751503458275899902e+04 2.940098371670825145e+04 1.908828400242251155e+04 1.107262866982274318e+04 1.418328278744801537e+04 2.959259959373614038e+03 1.821195757506382506e+03 3.672999707620081153e+02 8.776097803936637831e+01 1.939195098498268166e+01
4.399654902330494224e+04 3.221641805641973770e+04 2.092803673302935204e+04 1.387997112958553407e+04 9.203678790734600625e+03 5.903067869284077460e+03 2.959259959373614038e+03 4.478415797067535095e+03 7.078491495855897710e+02 3.526843008241872326e+02 6.278072807718378812e+01 1.487098100768672104e+01
2.495332985708982596e+04 1.618875767345256099e+04 1.181112245932029873e+04 7.872818075753547419e+03 5.424182330628306772e+03 3.125434911636099059e+03 1.821195757506382506e+03 7.078491495855897710e+02 1.589685668864572108e+03 8.744121029699823566e+01 2.701838293607852393e+01 -1.184139693244509850e+00
7.242444507638454525e+03 5.629852150405838074e+03 3.280464732273733716e+03 2.181108216821235601e+03 1.539963156046397671e+03 1.114455345640820497e+03 3.672999707620081153e+02 3.526843008241872326e+02 8.744121029699823566e+01 3.908753322353463204e+02 1.995634747009111010e+01 2.919078745396756158e+00
1.549069710919644422e+03 1.147517344485169360e+03 6.636642532231181804e+02 4.307750939453139836e+02 3.854497215251229250e+02 1.961614618867404545e+02 8.776097803936637831e+01 6.278072807718378812e+01 2.701838293607852393e+01 1.995634747009111010e+01 6.529647474167528287e+01 -5.887825894663180071e-01
2.746917301419343858e+02 1.301790298600575966e+02 1.001920350503613264e+02 9.674539475570657032e+01 6.197126601477526009e+01 2.339765542138956533e+01 1.939195098498268166e+01 1.487098100768672104e+01 -1.184139693244509850e+00 2.919078745396756158e+00 -5.887825894663180071e-01 4.974278646973453455e+00
