1.972823688256861875e+06 1.166765151714411564e+06 7.771891978943281574e+05 5.182990936342463247e+05 3.523726331391787971e+05 2.163303205943272624e+05 1.322232039014128386e+05 6.773897034696552146e+04 3.503308408370918914e+04 1.249401608464564015e+04 4.341904922552000244e+03 5.997245491830734636e+02 1.369159094176282032e+01
1.166765151714411564e+06 1.032746691840450047e+06 5.526129363860862795e+05 3.491998933432071353e+05 2.481363725118156290e+05 1.513727307874969265e+05 8.971273871280152525e+04 4.558497350338727847e+04 2.334552283821075616e+04 9.413543281252985253e+03 2.562202583829919604e+03 4.963187812574280429e+02 2.531663681589449055e+01
7.771891978943281574e+05 5.526129363860862795e+05 4.877995505627032253e+05 2.425265754545811797e+05 1.762419369118406030e+05 1.003657594040356926e+05 6.259526472788932006e+04 3.161361631881883295e+04 1.590267076524408731e+04 6.358927460366468949e+03 1.992536481751634938e+03 2.568591550301894699e+02 3.576723288995657413e+01
5.182990936342463247e+05 3.491998933432071353e+05 2.425265754545811797e+05 2.235875645144353039e+05 1.118085796150163806e+05 6.994433907061643549e+04 4.178205280365759972e+04 2.051033145483516273e+04 1.099868523323350928e+04 4.279434958751197883e+03 1.182907473141987566e+03 1.253977232462955129e+02 -9.874137024510224236e+00
3.523726331391787971e+05 2.481363725118156290e+05 1.762419369118406030e+05 1.118085796150163806e+05 1.187550457063979848e+05 4.932205577605140570e+04 2.771841850737836648e+04 1.442639919083457062e+04 8.157194686650771473e+03 3.050846238557112429e+03 9.541738563216972580e+02 9.464429080624515223e+01 4.554560884261944942e+00
2.163303205943272624e+05 1.513727307874969265e+05 1.003657594040356926e+05 6.994433907061643549e+04 4.932205577605140570e+04 5.097568812438378518e+04 1.712321749985179486e+04 9.077684107963974384e+03 5.103740360845128635e+03 2.104678809441095837e+03 5.874002978612433026e+02 1.280499426419020494e+02 -5.905685616972546015e+00
1.322232039014128386e+05 8.971273871280152525e+04 6.259526472788932006e+04 4.178205280365759972e+04 2.771841850737836648e+04 1.712321749985179486e+04 2.131785588760863538e+04 5.638089234009266875e+03 3.200534326651016272e+03 1.124997876695279501e+03 2.955261763784269533e+02 4.408720888183900399e+01 -3.481618515320736407e+00
6.773897034696552146e+04 4.558497350338727847e+04 3.161361631881883295e+04 2.051033145483516273e+04 1.442639919083457062e+04 9.077684107963974384e+03 5.638089234009266875e+03 8.067392108569526499e+03 1.368633221636353710e+03 7.195684321631905505e+02 2.129016289344700112e+02 3.566597282539025571e+01 -6.852888463613323600e-01
3.503308408370918914e+04 2.334552283821075616e+04 1.590267076524408731e+04 1.099868523323350928e+04 8.157194686650771473e+03 5.103740360845128635e+03 3.200534326651016272e+03 1.368633221636353710e+03 2.628497216003579979e+03 2.511736292617379149e+02 9.063433237311028279e+01 2.020676432027688918e+01 1.141168409140188134e+00
1.249401608464564015e+04 9.413543281252985253e+03 6.358927460366468949e+03 4.279434958751197883e+03 3.050846238557112429e+03 2.104678809441095837e+03 1.124997876695279501e+03 7.195684321631905505e+02 2.511736292617379149e+02 7.518696698217395351e+02 2.009100587303554875e+01 1.246905737906317979e+00 -2.084303998820496162e-01
4.341904922552000244e+03 2.562202583829919604e+03 1.992536481751634938e+03 1.182907473141987566e+03 9.541738563216972580e+02 5.874002978612433026e+02 2.955261763784269533e+02 2.129016289344700112e+02 9.063433237311028279e+01 2.009100587303554875e+01 1.893363199502421992e+02 3.282840402253945467e+00 -2.948053689156609480e-01
5.997245491830734636e+02 4.963187812574280429e+02 2.568591550301894699e+02 1.253977232462955129e+02 9.464429080624515223e+01 1.280499426419020494e+02 4.408720888183900399e+01 3.566597282539025571e+01 2.020676432027688918e+01 1.246905737906317979e+00 3.282840402253945467e+00 2.210158829953982718e+01 -4.518824310904315245e-02
1.369159094176282032e+01 2.531663681589449055e+01 3.576723288995657413e+01 -9.874137024510224236e+00 4.554560884261944942e+00 -5.905685616972546015e+00 -3.481618515320736407e+00 -6.852888463613323600e-01 1.141168409140188134e+00 -2.084303998820496162e-01 -2.948053689156609480e-01 -4.518824310904315245e-02 1.003758767194220747e+00
