# M_low [Msun/h] M_high[Msun/h] Number M_mean[Msun/h]
1.280926000000000009e+01 1.303027999999999942e+01 2.428300000000000000e+05 8.190487172095705078e+12
1.303027999999999942e+01 1.325130000000000052e+01 1.361210000000000000e+05 1.363165859786513477e+13
1.325130000000000052e+01 1.347231000000000023e+01 7.314300000000000000e+04 2.260832888998263672e+13
1.347231000000000023e+01 1.369332999999999956e+01 3.679500000000000000e+04 3.745650224215246875e+13
1.369332999999999956e+01 1.391435000000000066e+01 1.680200000000000000e+04 6.210564218545410938e+13
1.391435000000000066e+01 1.413536999999999999e+01 6.939000000000000000e+03 1.028468078973915625e+14
1.413536999999999999e+01 1.435638999999999932e+01 2.314000000000000000e+03 1.690406222990492500e+14
1.435638999999999932e+01 1.457741000000000042e+01 6.360000000000000000e+02 2.790935534591195000e+14
1.457741000000000042e+01 1.479842999999999975e+01 1.200000000000000000e+02 4.679175000000000000e+14
1.479842999999999975e+01 1.501945000000000086e+01 1.100000000000000000e+01 7.782245454545455000e+14
