# M_low [Msun/h] M_high[Msun/h] Number M_mean[Msun/h]
1.280926000000000009e+01 1.307998000000000083e+01 3.830730000000000000e+05 8.685407220033779297e+12
1.307998000000000083e+01 1.335070999999999941e+01 2.149490000000000000e+05 1.620417401337061328e+13
1.335070999999999941e+01 1.362143000000000015e+01 1.193040000000000000e+05 3.011950144169516406e+13
1.362143000000000015e+01 1.389216000000000051e+01 6.275300000000000000e+04 5.607255430019282031e+13
1.389216000000000051e+01 1.416287999999999947e+01 3.079200000000000000e+04 1.042008638607430469e+14
1.416287999999999947e+01 1.443360999999999983e+01 1.391300000000000000e+04 1.930103500323438438e+14
1.443360999999999983e+01 1.470433000000000057e+01 5.246000000000000000e+03 3.556136103698055625e+14
1.470433000000000057e+01 1.497505999999999915e+01 1.569000000000000000e+03 6.560509878903760000e+14
1.497505999999999915e+01 1.524577999999999989e+01 3.580000000000000000e+02 1.208268994413407750e+15
1.524577999999999989e+01 1.551651000000000025e+01 4.700000000000000000e+01 2.247210638297872250e+15
