# M_low [Msun/h] M_high[Msun/h] Number M_mean[Msun/h]
1.280926000000000009e+01 1.304684999999999917e+01 2.969930000000000000e+05 8.354776038492489258e+12
1.304684999999999917e+01 1.328444999999999965e+01 1.677300000000000000e+05 1.443249865855839648e+13
1.328444999999999965e+01 1.352204000000000050e+01 9.214900000000000000e+04 2.490399244701516016e+13
1.352204000000000050e+01 1.375962999999999958e+01 4.692000000000000000e+04 4.288037084398977344e+13
1.375962999999999958e+01 1.399723000000000006e+01 2.228000000000000000e+04 7.384066427289048438e+13
1.399723000000000006e+01 1.423481999999999914e+01 9.380000000000000000e+03 1.267014925373134375e+14
1.423481999999999914e+01 1.447241999999999962e+01 3.404000000000000000e+03 2.167895417156286875e+14
1.447241999999999962e+01 1.471001000000000047e+01 9.230000000000000000e+02 3.723059588299025000e+14
1.471001000000000047e+01 1.494760999999999918e+01 2.140000000000000000e+02 6.300224299065420000e+14
1.494760999999999918e+01 1.518520000000000003e+01 2.000000000000000000e+01 1.091181500000000000e+15
