# M_low [Msun/h] M_high[Msun/h] Number M_mean[Msun/h]
1.280926000000000009e+01 1.303846000000000060e+01 2.708000000000000000e+05 8.279231905465288086e+12
1.303846000000000060e+01 1.326765999999999934e+01 1.512980000000000000e+05 1.403543338312469336e+13
1.326765999999999934e+01 1.349685999999999986e+01 8.281000000000000000e+04 2.370869460210119531e+13
1.349685999999999986e+01 1.372606000000000037e+01 4.188500000000000000e+04 4.001093470216067969e+13
1.372606000000000037e+01 1.395526000000000089e+01 1.953700000000000000e+04 6.767942877616829688e+13
1.395526000000000089e+01 1.418445999999999962e+01 8.106000000000000000e+03 1.140113619541080625e+14
1.418445999999999962e+01 1.441366000000000014e+01 2.840000000000000000e+03 1.911372887323943750e+14
1.441366000000000014e+01 1.464286000000000065e+01 7.970000000000000000e+02 3.196464240903387500e+14
1.464286000000000065e+01 1.487205999999999939e+01 1.480000000000000000e+02 5.441339189189189375e+14
1.487205999999999939e+01 1.510126999999999953e+01 1.800000000000000000e+01 8.905750000000000000e+14
