# M_low [Msun/h] M_high[Msun/h] Number M_mean[Msun/h]
1.280926000000000009e+01 1.307224000000000075e+01 3.672530000000000000e+05 8.605963736170977539e+12
1.307224000000000075e+01 1.333521000000000001e+01 2.081930000000000000e+05 1.577074637475803711e+13
1.333521000000000001e+01 1.359819000000000067e+01 1.154650000000000000e+05 2.882061230675962500e+13
1.359819000000000067e+01 1.386116999999999955e+01 6.077900000000000000e+04 5.262967472317741406e+13
1.386116999999999955e+01 1.412415000000000020e+01 3.001900000000000000e+04 9.598924014790632812e+13
1.412415000000000020e+01 1.438713000000000086e+01 1.360700000000000000e+04 1.750104358051003125e+14
1.438713000000000086e+01 1.465010999999999974e+01 5.133000000000000000e+03 3.172474186635495625e+14
1.465010999999999974e+01 1.491309000000000040e+01 1.548000000000000000e+03 5.778901162790697500e+14
1.491309000000000040e+01 1.517606999999999928e+01 3.480000000000000000e+02 1.043530747126436750e+15
1.517606999999999928e+01 1.543904999999999994e+01 4.800000000000000000e+01 1.826691666666666750e+15
