# M_low [Msun/h] M_high[Msun/h] Number M_mean[Msun/h]
1.280926000000000009e+01 1.306916999999999973e+01 3.509610000000000000e+05 8.565467388114348633e+12
1.306916999999999973e+01 1.332906999999999975e+01 1.977150000000000000e+05 1.557408390865639844e+13
1.332906999999999975e+01 1.358897999999999939e+01 1.071810000000000000e+05 2.829203870088914844e+13
1.358897999999999939e+01 1.384889000000000081e+01 5.497800000000000000e+04 5.132571210302303125e+13
1.384889000000000081e+01 1.410880000000000045e+01 2.609000000000000000e+04 9.291786124952089062e+13
1.410880000000000045e+01 1.436871000000000009e+01 1.130400000000000000e+04 1.678266100495400000e+14
1.436871000000000009e+01 1.462861999999999973e+01 3.996000000000000000e+03 3.011083583583583750e+14
1.462861999999999973e+01 1.488851999999999975e+01 1.099000000000000000e+03 5.458101910828025625e+14
1.488851999999999975e+01 1.514842999999999940e+01 2.320000000000000000e+02 9.630413793103448750e+14
1.514842999999999940e+01 1.540834000000000081e+01 2.100000000000000000e+01 1.622985714285714250e+15
