# M_low [Msun/h] M_high[Msun/h] Number M_mean[Msun/h]
1.280926000000000009e+01 1.302143000000000050e+01 2.142640000000000000e+05 8.104837956912966797e+12
1.302143000000000050e+01 1.323361000000000054e+01 1.202770000000000000e+05 1.321994229985782812e+13
1.323361000000000054e+01 1.344577999999999918e+01 6.376400000000000000e+04 2.150152123455241016e+13
1.344577999999999918e+01 1.365794999999999959e+01 3.190000000000000000e+04 3.490592476489028125e+13
1.365794999999999959e+01 1.387012999999999963e+01 1.435300000000000000e+04 5.669160454260433594e+13
1.387012999999999963e+01 1.408230000000000004e+01 5.947000000000000000e+03 9.172586177904826562e+13
1.408230000000000004e+01 1.429448000000000008e+01 1.930000000000000000e+03 1.482460621761658125e+14
1.429448000000000008e+01 1.450665000000000049e+01 5.300000000000000000e+02 2.414447169811320625e+14
1.450665000000000049e+01 1.471883000000000052e+01 9.800000000000000000e+01 3.897620408163265000e+14
1.471883000000000052e+01 1.493099999999999916e+01 1.200000000000000000e+01 6.327358333333333750e+14
