# M_low [Msun/h] M_high[Msun/h] Number M_mean[Msun/h]
1.280926000000000009e+01 1.296758999999999951e+01 6.403000000000000000e+04 7.623671716382945312e+12
1.296758999999999951e+01 1.312592000000000070e+01 3.554000000000000000e+04 1.097682048396173242e+13
1.312592000000000070e+01 1.328425000000000011e+01 1.824500000000000000e+04 1.577541244176486719e+13
1.328425000000000011e+01 1.344257999999999953e+01 8.651000000000000000e+03 2.263601895734597266e+13
1.344257999999999953e+01 1.360092000000000034e+01 3.836000000000000000e+03 3.250620437956204297e+13
1.360092000000000034e+01 1.375924999999999976e+01 1.493000000000000000e+03 4.659973208305425000e+13
1.375924999999999976e+01 1.391757999999999917e+01 4.930000000000000000e+02 6.690697768762677344e+13
1.391757999999999917e+01 1.407591000000000037e+01 1.480000000000000000e+02 9.727060810810810938e+13
1.407591000000000037e+01 1.423423999999999978e+01 4.200000000000000000e+01 1.361261904761904688e+14
1.423423999999999978e+01 1.439256999999999920e+01 7.000000000000000000e+00 1.980300000000000000e+14
