# M_low [Msun/h] M_high[Msun/h] Number M_mean[Msun/h]
1.280926000000000009e+01 1.292919000000000018e+01 1.052400000000000000e+04 7.308930064614214844e+12
1.292919000000000018e+01 1.304912999999999990e+01 5.438000000000000000e+03 9.639898859874953125e+12
1.304912999999999990e+01 1.316905999999999999e+01 2.727000000000000000e+03 1.264960029336266992e+13
1.316905999999999999e+01 1.328899000000000008e+01 1.264000000000000000e+03 1.672130537974683594e+13
1.328899000000000008e+01 1.340892999999999979e+01 5.130000000000000000e+02 2.190658869395711328e+13
1.340892999999999979e+01 1.352885999999999989e+01 1.810000000000000000e+02 2.880074585635358984e+13
1.352885999999999989e+01 1.364879999999999960e+01 8.800000000000000000e+01 3.823432954545454688e+13
1.364879999999999960e+01 1.376872999999999969e+01 2.400000000000000000e+01 5.024279166666666406e+13
1.376872999999999969e+01 1.388866999999999940e+01 9.000000000000000000e+00 6.917122222222221875e+13
1.388866999999999940e+01 1.400859999999999950e+01 1.000000000000000000e+00 8.662800000000000000e+13
