2.495313305302827619e+06 1.429476597140994854e+06 1.027086739630314638e+06 6.889212559892772697e+05 4.592444463322526426e+05 2.757575196270566666e+05 1.652478206915498886e+05 9.238039053697683266e+04 3.801273021751287160e+04 1.609460431510107082e+04 3.993419074819169964e+03 3.529590457433112078e+02 -1.915058831359799640e+01 -5.995115741441340163e+01
1.429476597140994854e+06 1.133065126356993336e+06 6.845274655648369808e+05 4.642187257061941782e+05 3.038801407981689554e+05 1.772821302293050685e+05 1.056266782282056229e+05 6.060196962593739590e+04 2.705826091898650338e+04 1.083478636620251200e+04 2.784583779446995322e+03 3.459381543804801709e+02 5.707806274310280514e+01 -3.130541600922367351e+01
1.027086739630314638e+06 6.845274655648369808e+05 6.085881535849715583e+05 3.317254754599128501e+05 2.187971536180542607e+05 1.282648402197382384e+05 7.995746514680850669e+04 4.501560973020902020e+04 1.917732522046637678e+04 8.307281866016044660e+03 1.834984855235806208e+03 1.450886267304445880e+02 2.146611209606491144e+01 -2.851671303515378497e+01
6.889212559892772697e+05 4.642187257061941782e+05 3.317254754599128501e+05 2.950959915287293261e+05 1.492841455974269193e+05 8.745675158464335254e+04 5.222795007735204854e+04 3.038934392282630870e+04 1.272097270882019257e+04 4.760525144757015369e+03 1.180333700539627898e+03 1.294213873762117828e+02 -2.347344521832181030e+01 -2.794971208759025316e+01
4.592444463322526426e+05 3.038801407981689554e+05 2.187971536180542607e+05 1.492841455974269193e+05 1.319367835635919473e+05 5.697443802567515377e+04 3.523117492305516498e+04 1.960441948688808043e+04 8.475059883605623327e+03 3.376458623827267729e+03 1.093367574481086422e+03 3.496380048001314123e+01 5.775225340671006791e+00 -1.298456306704085783e+01
2.757575196270566666e+05 1.772821302293050685e+05 1.282648402197382384e+05 8.745675158464335254e+04 5.697443802567515377e+04 5.619542574416876596e+04 2.155888596366940692e+04 1.296582843559997309e+04 4.707006933216513971e+03 2.056475351993263757e+03 6.742917139592804006e+02 6.196650987916708431e+01 7.942548321095312502e+00 -5.407454019059904082e-01
1.652478206915498886e+05 1.056266782282056229e+05 7.995746514680850669e+04 5.222795007735204854e+04 3.523117492305516498e+04 2.155888596366940692e+04 2.390845950884571721e+04 7.392526414628929160e+03 3.515372515185365501e+03 1.490403853453364491e+03 2.895760800409657918e+02 3.688263458078347412e+01 -2.514770756802887419e+00 -7.943298881662983923e+00
9.238039053697683266e+04 6.060196962593739590e+04 4.501560973020902020e+04 3.038934392282630870e+04 1.960441948688808043e+04 1.296582843559997309e+04 7.392526414628929160e+03 8.119121229373445203e+03 1.829127818584785246e+03 6.788838257756580106e+02 1.986208861971428234e+02 2.034663503440679833e+01 1.850500486863362770e+00 -1.804974474176118227e+00
3.801273021751287160e+04 2.705826091898650338e+04 1.917732522046637678e+04 1.272097270882019257e+04 8.475059883605623327e+03 4.707006933216513971e+03 3.515372515185365501e+03 1.829127818584785246e+03 2.642984369435414010e+03 2.890678423774629096e+02 9.786251774224800215e+01 8.673438145441844327e+00 8.985224809959509784e+00 -5.231483594714411156e-01
1.609460431510107082e+04 1.083478636620251200e+04 8.307281866016044660e+03 4.760525144757015369e+03 3.376458623827267729e+03 2.056475351993263757e+03 1.490403853453364491e+03 6.788838257756580106e+02 2.890678423774629096e+02 7.289860305553453372e+02 4.121360367553159421e+01 6.465637454128811967e+00 1.493985164358518469e+00 -1.297230069213447801e-01
3.993419074819169964e+03 2.784583779446995322e+03 1.834984855235806208e+03 1.180333700539627898e+03 1.093367574481086422e+03 6.742917139592804006e+02 2.895760800409657918e+02 1.986208861971428234e+02 9.786251774224800215e+01 4.121360367553159421e+01 1.663198573575443788e+02 2.201391414843081595e-01 8.488210578237732618e-01 -2.907598877230579970e-01
3.529590457433112078e+02 3.459381543804801709e+02 1.450886267304445880e+02 1.294213873762117828e+02 3.496380048001314123e+01 6.196650987916708431e+01 3.688263458078347412e+01 2.034663503440679833e+01 8.673438145441844327e+00 6.465637454128811967e+00 2.201391414843081595e-01 1.933475971476892852e+01 -1.571400258686061757e-01 -3.927961367456161285e-02
-1.915058831359799640e+01 5.707806274310280514e+01 2.146611209606491144e+01 -2.347344521832181030e+01 5.775225340671006791e+00 7.942548321095312502e+00 -2.514770756802887419e+00 1.850500486863362770e+00 8.985224809959509784e+00 1.493985164358518469e+00 8.488210578237732618e-01 -1.571400258686061757e-01 3.990007292777205450e+00 -7.853266870634060745e-03
-5.995115741441340163e+01 -3.130541600922367351e+01 -2.851671303515378497e+01 -2.794971208759025316e+01 -1.298456306704085783e+01 -5.407454019059904082e-01 -7.943298881662983923e+00 -1.804974474176118227e+00 -5.231483594714411156e-01 -1.297230069213447801e-01 -2.907598877230579970e-01 -3.927961367456161285e-02 -7.853266870634060745e-03 1.003117122362268798e+00
