2.332610605969505385e+06 1.364421923176179407e+06 9.407312596169625176e+05 6.283428966240639566e+05 3.914963669508545427e+05 2.407044589575349528e+05 1.356216115497024730e+05 7.508232731878796767e+04 3.004586819481449857e+04 1.021477932959537975e+04 2.146234356890089657e+03 2.589900708707359058e+02 -5.697229794379394718e+01 -4.190063546282002704e+01
1.364421923176179407e+06 1.095118320761560695e+06 6.327835428709033877e+05 4.387205104439385468e+05 2.731592634751826990e+05 1.602312691484933894e+05 8.850897938443535531e+04 5.082670330468344764e+04 1.984333964594943609e+04 7.094950032169184851e+03 1.904006788284331606e+03 5.951408216955409358e+01 1.492733033021471867e+00 -3.618522242159846769e+01
9.407312596169625176e+05 6.327835428709033877e+05 5.568652242569616064e+05 2.974964294216604903e+05 1.854171327015713323e+05 1.093905335303320317e+05 6.644523633022414288e+04 3.640438758721480554e+04 1.379113940240187367e+04 5.013587935205483518e+03 1.288650692939323335e+03 6.180228949835721153e+01 -1.693293521368816457e+01 -3.911509539627405729e+01
6.283428966240639566e+05 4.387205104439385468e+05 2.974964294216604903e+05 2.608768884663982026e+05 1.260557489513286564e+05 7.490806729348965746e+04 4.195087018678830646e+04 2.429949939565324530e+04 8.811425342444928901e+03 3.068467432644105884e+03 8.098108633788855286e+02 7.391100401368484540e+01 -1.244196987643788432e+01 -2.032436971867539199e+01
3.914963669508545427e+05 2.731592634751826990e+05 1.854171327015713323e+05 1.260557489513286564e+05 1.116751856522660237e+05 4.640297284990273329e+04 2.750292738001865291e+04 1.475922481538155807e+04 5.532936964334607183e+03 2.238644458958883661e+03 5.460196675488853089e+02 1.131301046604469285e+00 -7.358408392287119959e+00 -4.134126587957596577e+00
2.407044589575349528e+05 1.602312691484933894e+05 1.093905335303320317e+05 7.490806729348965746e+04 4.640297284990273329e+04 4.779493660106371681e+04 1.727415583827218143e+04 9.835800892125436803e+03 3.671383580445712141e+03 1.289121251722698389e+03 3.067026230703203851e+02 2.510356679075297137e+01 3.069649552533554315e-01 -7.956902902308558900e+00
1.356216115497024730e+05 8.850897938443535531e+04 6.644523633022414288e+04 4.195087018678830646e+04 2.750292738001865291e+04 1.727415583827218143e+04 1.814652869802960049e+04 5.557053604933581482e+03 2.170803761428122016e+03 8.582667204461447454e+02 1.126510378855966650e+02 1.871022726751806786e+01 5.327108737787814574e-01 -5.525248678884190134e+00
7.508232731878796767e+04 5.082670330468344764e+04 3.640438758721480554e+04 2.429949939565324530e+04 1.475922481538155807e+04 9.835800892125436803e+03 5.557053604933581482e+03 6.104138378426455347e+03 1.188672587753254447e+03 4.259034830484254712e+02 1.692229000484869061e+02 9.565606142243908039e+00 4.193859504117271264e+00 -9.487064246598561068e-01
3.004586819481449857e+04 1.984333964594943609e+04 1.379113940240187367e+04 8.811425342444928901e+03 5.532936964334607183e+03 3.671383580445712141e+03 2.170803761428122016e+03 1.188672587753254447e+03 1.872336927985715647e+03 1.694175346566574945e+02 3.340284139854457379e+01 3.463909400777523739e+00 5.175551411100200561e+00 -1.625587199286515627e+00
1.021477932959537975e+04 7.094950032169184851e+03 5.013587935205483518e+03 3.068467432644105884e+03 2.238644458958883661e+03 1.289121251722698389e+03 8.582667204461447454e+02 4.259034830484254712e+02 1.694175346566574945e+02 4.598273792130203788e+02 2.953574937605753448e+01 -1.917860490885628932e+00 7.007029442317525003e-01 2.335508221917539651e-01
2.146234356890089657e+03 1.904006788284331606e+03 1.288650692939323335e+03 8.098108633788855286e+02 5.460196675488853089e+02 3.067026230703203851e+02 1.126510378855966650e+02 1.692229000484869061e+02 3.340284139854457379e+01 2.953574937605753448e+01 9.795367274329429108e+01 1.389493130499180218e+00 4.631038875514810194e-01 -1.805190186871625524e-01
2.589900708707359058e+02 5.951408216955409358e+01 6.180228949835721153e+01 7.391100401368484540e+01 1.131301046604469285e+00 2.510356679075297137e+01 1.871022726751806786e+01 9.565606142243908039e+00 3.463909400777523739e+00 -1.917860490885628932e+00 1.389493130499180218e+00 8.883240501275343703e+00 -5.297463429303005816e-02 -1.765693935824625901e-02
-5.697229794379394718e+01 1.492733033021471867e+00 -1.693293521368816457e+01 -1.244196987643788432e+01 -7.358408392287119959e+00 3.069649552533554315e-01 5.327108737787814574e-01 4.193859504117271264e+00 5.175551411100200561e+00 7.007029442317525003e-01 4.631038875514810194e-01 -5.297463429303005816e-02 2.995618593814982855e+00 -5.884877787144570174e-03
-4.190063546282002704e+01 -3.618522242159846769e+01 -3.911509539627405729e+01 -2.032436971867539199e+01 -4.134126587957596577e+00 -7.956902902308558900e+00 -5.525248678884190134e+00 -9.487064246598561068e-01 -1.625587199286515627e+00 2.335508221917539651e-01 -1.805190186871625524e-01 -1.765693935824625901e-02 -5.884877787144570174e-03 1.002318638913915594e+00
