1.027984361211827840e+06 5.127457775360656669e+05 2.916225459308276768e+05 1.472590282053099945e+05 7.091072451469014050e+04 2.693517527889321354e+04 8.158266795853434814e+03 2.198054327304119852e+03 7.567029844400236982e+01 -2.550578467453645004e+01
5.127457775360656669e+05 3.736991316056328360e+05 1.712177893926638062e+05 8.498154513807319745e+04 4.117292467476774618e+04 1.570602612581831636e+04 5.016469023938901955e+03 1.221899242113774335e+03 -5.615664768440545629e+00 -5.636841157930455637e+01
2.916225459308276768e+05 1.712177893926638062e+05 1.280359782936045667e+05 4.808690996128437109e+04 2.424386009551387542e+04 8.568798556991328951e+03 2.451129828700278267e+03 4.467649557102518543e+02 3.027439386337569616e+01 -7.741146824654972391e+00
1.472590282053099945e+05 8.498154513807319745e+04 4.808690996128437109e+04 4.179026348704036354e+04 1.354636380834944430e+04 5.383540167201960685e+03 1.438327825031258726e+03 4.821197222743365955e+02 2.026658905258406307e+01 -6.729385993466479476e+00
7.091072451469014050e+04 4.117292467476774618e+04 2.424386009551387542e+04 1.354636380834944430e+04 1.234417233389957983e+04 2.761777658633382998e+03 6.693621424550518668e+02 1.930031824326691776e+02 1.907443675537769678e+01 4.015670895868248991e+00
2.693517527889321354e+04 1.570602612581831636e+04 8.568798556991328951e+03 5.383540167201960685e+03 2.761777658633382998e+03 3.123062549545886213e+03 3.310575556925641081e+02 8.224282229311165793e+01 1.631366301446434619e+01 -1.694111159194284566e+00
8.158266795853434814e+03 5.016469023938901955e+03 2.451129828700278267e+03 1.438327825031258726e+03 6.693621424550518668e+02 3.310575556925641081e+02 6.599955116593392859e+02 4.247238636494127206e+01 8.627417940341954861e+00 7.427422535912551638e+00
2.198054327304119852e+03 1.221899242113774335e+03 4.467649557102518543e+02 4.821197222743365955e+02 1.930031824326691776e+02 8.224282229311165793e+01 4.247238636494127206e+01 1.173936680695922377e+02 1.537249014824543458e+00 1.333328227143736333e-01
7.567029844400236982e+01 -5.615664768440545629e+00 3.027439386337569616e+01 2.026658905258406307e+01 1.907443675537769678e+01 1.631366301446434619e+01 8.627417940341954861e+00 1.537249014824543458e+00 1.756856016942336751e+01 -1.254897154958812266e-01
-2.550578467453645004e+01 -5.636841157930455637e+01 -7.741146824654972391e+00 -6.729385993466479476e+00 4.015670895868248991e+00 -1.694111159194284566e+00 7.427422535912551638e+00 1.333328227143736333e-01 -1.254897154958812266e-01 3.984298466994228516e+00
