# M_low [Msun/h] M_high[Msun/h] Number M_mean[Msun/h]
1.280592000000000041e+01 1.307024000000000008e+01 3.423110000000000000e+05 8.547595607503118164e+12
1.307024000000000008e+01 1.333455000000000013e+01 1.924070000000000000e+05 1.570981824985577539e+13
1.333455000000000013e+01 1.359886999999999979e+01 1.046140000000000000e+05 2.880831437474907812e+13
1.359886999999999979e+01 1.386317999999999984e+01 5.403700000000000000e+04 5.280272776060846875e+13
1.386317999999999984e+01 1.412749999999999950e+01 2.628200000000000000e+04 9.644003500494634375e+13
1.412749999999999950e+01 1.439181999999999917e+01 1.134500000000000000e+04 1.763547818422212500e+14
1.439181999999999917e+01 1.465612999999999921e+01 4.191000000000000000e+03 3.217322834645669375e+14
1.465612999999999921e+01 1.492045000000000066e+01 1.288000000000000000e+03 5.802355590062111250e+14
1.492045000000000066e+01 1.518476000000000070e+01 2.400000000000000000e+02 1.083082500000000000e+15
1.518476000000000070e+01 1.544908000000000037e+01 2.600000000000000000e+01 1.912707692307692250e+15
