# M_low [Msun/h] M_high[Msun/h] Number M_mean[Msun/h]
1.280592000000000041e+01 1.308212999999999937e+01 3.708540000000000000e+05 8.663379658841484375e+12
1.308212999999999937e+01 1.335834999999999972e+01 2.091890000000000000e+05 1.636775356256782227e+13
1.335834999999999972e+01 1.363456000000000046e+01 1.147270000000000000e+05 3.088881431572341406e+13
1.363456000000000046e+01 1.391076999999999941e+01 6.066100000000000000e+04 5.814485418967705469e+13
1.391076999999999941e+01 1.418698999999999977e+01 3.027600000000000000e+04 1.092499009116131562e+14
1.418698999999999977e+01 1.446320000000000050e+01 1.362600000000000000e+04 2.053423601937472500e+14
1.446320000000000050e+01 1.473940999999999946e+01 5.305000000000000000e+03 3.843310084825636250e+14
1.473940999999999946e+01 1.501562000000000019e+01 1.706000000000000000e+03 7.158317702227432500e+14
1.501562000000000019e+01 1.529184000000000054e+01 3.620000000000000000e+02 1.321316574585635250e+15
1.529184000000000054e+01 1.556804999999999950e+01 5.800000000000000000e+01 2.347406896551724000e+15
