# M_low [Msun/h] M_high[Msun/h] Number M_mean[Msun/h]
1.280592000000000041e+01 1.291634999999999955e+01 9.765000000000000000e+03 7.166981054787506836e+12
1.291634999999999955e+01 1.302678000000000047e+01 5.511000000000000000e+03 9.260310288513880859e+12
1.302678000000000047e+01 1.313721999999999923e+01 2.942000000000000000e+03 1.195601631543167969e+13
1.313721999999999923e+01 1.324765000000000015e+01 1.499000000000000000e+03 1.541803202134756445e+13
1.324765000000000015e+01 1.335807999999999929e+01 6.960000000000000000e+02 1.978352011494252734e+13
1.335807999999999929e+01 1.346851000000000020e+01 3.280000000000000000e+02 2.561911890243902344e+13
1.346851000000000020e+01 1.357893999999999934e+01 1.340000000000000000e+02 3.286894029850746094e+13
1.357893999999999934e+01 1.368937000000000026e+01 4.200000000000000000e+01 4.257640476190476562e+13
1.368937000000000026e+01 1.379979999999999940e+01 1.800000000000000000e+01 5.582622222222221875e+13
1.379979999999999940e+01 1.391023000000000032e+01 5.000000000000000000e+00 7.147720000000000000e+13
