# M_low [Msun/h] M_high[Msun/h] Number M_mean[Msun/h]
1.280592000000000041e+01 1.307653999999999961e+01 3.591590000000000000e+05 8.605826388869553711e+12
1.307653999999999961e+01 1.334716000000000058e+01 2.034590000000000000e+05 1.604733631837372656e+13
1.334716000000000058e+01 1.361777999999999977e+01 1.112250000000000000e+05 2.989026747583726562e+13
1.361777999999999977e+01 1.388840000000000074e+01 5.849200000000000000e+04 5.557411269917253906e+13
1.388840000000000074e+01 1.415901999999999994e+01 2.898800000000000000e+04 1.029967917759072656e+14
1.415901999999999994e+01 1.442963999999999913e+01 1.299400000000000000e+04 1.912818223795597812e+14
1.442963999999999913e+01 1.470025000000000048e+01 4.937000000000000000e+03 3.535722098440348125e+14
1.470025000000000048e+01 1.497086999999999968e+01 1.573000000000000000e+03 6.489249841068022500e+14
1.497086999999999968e+01 1.524149000000000065e+01 3.340000000000000000e+02 1.194169760479042000e+15
1.524149000000000065e+01 1.551210999999999984e+01 4.900000000000000000e+01 2.088712244897959250e+15
