# M_low [Msun/h] M_high[Msun/h] Number M_mean[Msun/h]
1.280592000000000041e+01 1.304532000000000025e+01 2.731350000000000000e+05 8.308426236110348633e+12
1.304532000000000025e+01 1.328472000000000008e+01 1.512720000000000000e+05 1.441194008144269922e+13
1.328472000000000008e+01 1.352411999999999992e+01 8.083800000000000000e+04 2.492209109577178906e+13
1.352411999999999992e+01 1.376351999999999975e+01 4.017800000000000000e+04 4.316018716710637500e+13
1.376351999999999975e+01 1.400291999999999959e+01 1.821100000000000000e+04 7.448948437757400000e+13
1.400291999999999959e+01 1.424231999999999942e+01 7.392000000000000000e+03 1.284380817099567031e+14
1.424231999999999942e+01 1.448171999999999926e+01 2.597000000000000000e+03 2.206195995379283750e+14
1.448171999999999926e+01 1.472112000000000087e+01 6.770000000000000000e+02 3.751481536189069375e+14
1.472112000000000087e+01 1.496052000000000071e+01 1.250000000000000000e+02 6.309049600000000000e+14
1.496052000000000071e+01 1.519992000000000054e+01 1.800000000000000000e+01 1.068894444444444500e+15
