# M_low [Msun/h] M_high[Msun/h] Number M_mean[Msun/h]
1.280592000000000041e+01 1.305156000000000027e+01 2.968600000000000000e+05 8.371579195580408203e+12
1.305156000000000027e+01 1.329719000000000051e+01 1.654340000000000000e+05 1.472311012246575586e+13
1.329719000000000051e+01 1.354283000000000037e+01 9.007500000000000000e+04 2.584003330557868359e+13
1.354283000000000037e+01 1.378847000000000023e+01 4.575400000000000000e+04 4.543976482930453906e+13
1.378847000000000023e+01 1.403410000000000046e+01 2.145100000000000000e+04 7.947494289310521875e+13
1.403410000000000046e+01 1.427974000000000032e+01 8.869000000000000000e+03 1.389073176231818750e+14
1.427974000000000032e+01 1.452538000000000018e+01 3.304000000000000000e+03 2.428671004842615000e+14
1.452538000000000018e+01 1.477101000000000042e+01 9.130000000000000000e+02 4.184829134720701250e+14
1.477101000000000042e+01 1.501665000000000028e+01 1.840000000000000000e+02 7.272788043478261250e+14
1.501665000000000028e+01 1.526228000000000051e+01 2.400000000000000000e+01 1.265483333333333250e+15
