# M_low [Msun/h] M_high[Msun/h] Number M_mean[Msun/h]
1.280592000000000041e+01 1.297755000000000081e+01 6.812500000000000000e+04 7.671423119266054688e+12
1.297755000000000081e+01 1.314916999999999980e+01 3.536200000000000000e+04 1.136645834511622656e+13
1.314916999999999980e+01 1.332080000000000020e+01 1.740700000000000000e+04 1.685724708450623242e+13
1.332080000000000020e+01 1.349241999999999919e+01 7.721000000000000000e+03 2.499667141561973828e+13
1.349241999999999919e+01 1.366404999999999959e+01 3.262000000000000000e+03 3.696109748620478125e+13
1.366404999999999959e+01 1.383567000000000036e+01 1.146000000000000000e+03 5.465750436300174219e+13
1.383567000000000036e+01 1.400730000000000075e+01 3.660000000000000000e+02 8.023524590163934375e+13
1.400730000000000075e+01 1.417891999999999975e+01 7.200000000000000000e+01 1.197945833333333281e+14
1.417891999999999975e+01 1.435055000000000014e+01 2.400000000000000000e+01 1.815604166666666562e+14
1.435055000000000014e+01 1.452216999999999913e+01 2.000000000000000000e+00 2.650550000000000000e+14
