# M_low [Msun/h] M_high[Msun/h] Number M_mean[Msun/h]
1.287753000000000014e+01 1.306573000000000029e+01 1.218250000000000000e+05 9.227424584444900391e+12
1.306573000000000029e+01 1.325394000000000005e+01 6.451300000000000000e+04 1.422725187171577734e+13
1.325394000000000005e+01 1.344214000000000020e+01 3.252100000000000000e+04 2.184136096675994141e+13
1.344214000000000020e+01 1.363034000000000034e+01 1.490100000000000000e+04 3.362706529763103125e+13
1.363034000000000034e+01 1.381855000000000011e+01 6.233000000000000000e+03 5.166411038023423438e+13
1.381855000000000011e+01 1.400675000000000026e+01 2.261000000000000000e+03 7.926598850066342188e+13
1.400675000000000026e+01 1.419496000000000002e+01 7.170000000000000000e+02 1.218657880055787969e+14
1.419496000000000002e+01 1.438316000000000017e+01 1.640000000000000000e+02 1.845400000000000000e+14
1.438316000000000017e+01 1.457136999999999993e+01 2.800000000000000000e+01 2.781571428571428438e+14
1.457136999999999993e+01 1.475957000000000008e+01 7.000000000000000000e+00 4.013271428571428750e+14
