# M_low [Msun/h] M_high[Msun/h] Number M_mean[Msun/h]
1.287753000000000014e+01 1.306963000000000008e+01 1.489560000000000000e+05 9.280015575069148438e+12
1.306963000000000008e+01 1.326173999999999964e+01 8.048300000000000000e+04 1.443094815054110742e+13
1.326173999999999964e+01 1.345383999999999958e+01 4.191900000000000000e+04 2.236454113886304688e+13
1.345383999999999958e+01 1.364593999999999951e+01 2.009400000000000000e+04 3.473541355628545703e+13
1.364593999999999951e+01 1.383805000000000085e+01 8.651000000000000000e+03 5.385754248063807812e+13
1.383805000000000085e+01 1.403015000000000079e+01 3.369000000000000000e+03 8.337420599584446875e+13
1.403015000000000079e+01 1.422226000000000035e+01 1.120000000000000000e+03 1.290808928571428594e+14
1.422226000000000035e+01 1.441436000000000028e+01 2.830000000000000000e+02 1.998167137809187188e+14
1.441436000000000028e+01 1.460646000000000022e+01 4.900000000000000000e+01 3.145632653061224375e+14
1.460646000000000022e+01 1.479856999999999978e+01 1.000000000000000000e+01 4.876500000000000000e+14
