# M_low [Msun/h] M_high[Msun/h] Number M_mean[Msun/h]
1.287753000000000014e+01 1.310548000000000002e+01 2.815200000000000000e+05 9.676431514634839844e+12
1.310548000000000002e+01 1.333342999999999989e+01 1.559470000000000000e+05 1.633900620082463867e+13
1.333342999999999989e+01 1.356137999999999977e+01 8.331700000000000000e+04 2.753116410816519922e+13
1.356137999999999977e+01 1.378932999999999964e+01 4.158800000000000000e+04 4.632252091949600781e+13
1.378932999999999964e+01 1.401727999999999952e+01 1.881500000000000000e+04 7.802391708743023438e+13
1.401727999999999952e+01 1.424522999999999939e+01 7.666000000000000000e+03 1.313364205583094219e+14
1.424522999999999939e+01 1.447317999999999927e+01 2.495000000000000000e+03 2.202826052104208438e+14
1.447317999999999927e+01 1.470112999999999914e+01 6.930000000000000000e+02 3.676731601731601875e+14
1.470112999999999914e+01 1.492908000000000079e+01 1.410000000000000000e+02 6.122742553191488750e+14
1.492908000000000079e+01 1.515703000000000067e+01 1.500000000000000000e+01 9.581926666666666250e+14
