# M_low [Msun/h] M_high[Msun/h] Number M_mean[Msun/h]
1.287753000000000014e+01 1.306035999999999930e+01 9.740300000000000000e+04 9.161475519234519531e+12
1.306035999999999930e+01 1.324319000000000024e+01 5.105900000000000000e+04 1.394586850506277148e+13
1.324319000000000024e+01 1.342601999999999940e+01 2.452300000000000000e+04 2.119261917383680469e+13
1.342601999999999940e+01 1.360885000000000034e+01 1.106300000000000000e+04 3.220949109644761719e+13
1.360885000000000034e+01 1.379167999999999950e+01 4.413000000000000000e+03 4.878644912757760938e+13
1.379167999999999950e+01 1.397451000000000043e+01 1.610000000000000000e+03 7.389341614906832812e+13
1.397451000000000043e+01 1.415733999999999959e+01 4.700000000000000000e+02 1.116296808510638281e+14
1.415733999999999959e+01 1.434018000000000015e+01 1.000000000000000000e+02 1.684100000000000000e+14
1.434018000000000015e+01 1.452300999999999931e+01 2.000000000000000000e+01 2.707280000000000000e+14
1.452300999999999931e+01 1.470584000000000024e+01 1.000000000000000000e+00 3.382500000000000000e+14
