# M_low [Msun/h] M_high[Msun/h] Number M_mean[Msun/h]
1.287753000000000014e+01 1.300010999999999939e+01 8.004000000000000000e+03 8.562847326336832031e+12
1.300010999999999939e+01 1.312269000000000041e+01 4.008000000000000000e+03 1.139111776447105859e+13
1.312269000000000041e+01 1.324527999999999928e+01 1.938000000000000000e+03 1.505534055727554102e+13
1.324527999999999928e+01 1.336786000000000030e+01 8.340000000000000000e+02 1.996899280575539453e+13
1.336786000000000030e+01 1.349043999999999954e+01 3.330000000000000000e+02 2.635813513513513672e+13
1.349043999999999954e+01 1.361303000000000019e+01 1.050000000000000000e+02 3.476739047619047656e+13
1.361303000000000019e+01 1.373560999999999943e+01 3.600000000000000000e+01 4.625369444444444531e+13
1.373560999999999943e+01 1.385819000000000045e+01 1.100000000000000000e+01 5.920390909090909375e+13
1.385819000000000045e+01 1.398077999999999932e+01 2.000000000000000000e+00 8.021700000000000000e+13
1.398077999999999932e+01 1.410336000000000034e+01 2.000000000000000000e+00 1.007155000000000000e+14
