# M_low [Msun/h] M_high[Msun/h] Number M_mean[Msun/h]
1.287753000000000014e+01 1.307473000000000063e+01 1.784050000000000000e+05 9.332754126846220703e+12
1.307473000000000063e+01 1.327192999999999934e+01 9.904600000000000000e+04 1.466639743149647656e+13
1.327192999999999934e+01 1.346912999999999982e+01 5.258900000000000000e+04 2.306094430394189062e+13
1.346912999999999982e+01 1.366633999999999993e+01 2.592800000000000000e+04 3.623539031163221094e+13
1.366633999999999993e+01 1.386354000000000042e+01 1.176200000000000000e+04 5.682020064614861719e+13
1.386354000000000042e+01 1.406073999999999913e+01 4.691000000000000000e+03 8.932061394159028125e+13
1.406073999999999913e+01 1.425793999999999961e+01 1.620000000000000000e+03 1.391337037037037031e+14
1.425793999999999961e+01 1.445514000000000010e+01 4.560000000000000000e+02 2.197024122807017500e+14
1.445514000000000010e+01 1.465235000000000021e+01 9.000000000000000000e+01 3.382613333333333125e+14
1.465235000000000021e+01 1.484955000000000069e+01 1.800000000000000000e+01 5.561588888888888750e+14
