1.896540627096250188e+06 1.089861583066914463e+06 7.852699652345048962e+05 5.206877314348365180e+05 3.633310948410821147e+05 2.210116712481926952e+05 1.452129968252260005e+05 7.801770906208030647e+04 4.024251255165245675e+04 1.641283126213463402e+04 6.490484947591545279e+03 1.652354456362959581e+03 3.850965644280189508e+02
1.089861583066914463e+06 9.497260393458672334e+05 5.385026906606780831e+05 3.596371815365414950e+05 2.475499519686374697e+05 1.497908420387519873e+05 9.933632937987337937e+04 5.373207657752830710e+04 2.872991154292630017e+04 1.198536782564461100e+04 4.125405769739227253e+03 1.260648113326988550e+03 3.056831430639267637e+02
7.852699652345048962e+05 5.385026906606780831e+05 4.904976352878471371e+05 2.536288012377312116e+05 1.798197035090959398e+05 1.111082803757602087e+05 6.893482619934849208e+04 3.940100989196478622e+04 1.941096879990477464e+04 8.090604309879315224e+03 3.329399014250197069e+03 6.476837941031328683e+02 1.930972997192801301e+02
5.206877314348365180e+05 3.596371815365414950e+05 2.536288012377312116e+05 2.459474326155167655e+05 1.210210130016292969e+05 7.502388915483199526e+04 4.707085895044745121e+04 2.611539802620109549e+04 1.350341691399721094e+04 5.463082999835169176e+03 1.839041976708063657e+03 5.090549132394415892e+02 9.131925812171110124e+01
3.633310948410821147e+05 2.475499519686374697e+05 1.798197035090959398e+05 1.210210130016292969e+05 1.276108818823402980e+05 5.238054842007853586e+04 3.357560867184142262e+04 1.853083099405935354e+04 9.041186943983519086e+03 4.211044657457568974e+03 1.516929484798202338e+03 3.632240991724057722e+02 8.649966873594783578e+01
2.210116712481926952e+05 1.497908420387519873e+05 1.111082803757602087e+05 7.502388915483199526e+04 5.238054842007853586e+04 5.442023864798002614e+04 2.084064959922752678e+04 1.129724300994499390e+04 6.089055112380609899e+03 2.733530707985870322e+03 8.812868210522840400e+02 2.166619153572420089e+02 3.801946224164168342e+01
1.452129968252260005e+05 9.933632937987337937e+04 6.893482619934849208e+04 4.707085895044745121e+04 3.357560867184142262e+04 2.084064959922752678e+04 2.508287649021024117e+04 7.124898204280714708e+03 3.912945799074015213e+03 1.593637034171894356e+03 5.087941299244452011e+02 2.154305475239474958e+02 5.041941475408256679e+01
7.801770906208030647e+04 5.373207657752830710e+04 3.940100989196478622e+04 2.611539802620109549e+04 1.853083099405935354e+04 1.129724300994499390e+04 7.124898204280714708e+03 1.053197535242235972e+04 1.966063058888345040e+03 9.642472876558963435e+02 3.180379977098695576e+02 9.077612294683110861e+01 2.894106563623673267e+01
4.024251255165245675e+04 2.872991154292630017e+04 1.941096879990477464e+04 1.350341691399721094e+04 9.041186943983519086e+03 6.089055112380609899e+03 3.912945799074015213e+03 1.966063058888345040e+03 3.668109481811038677e+03 3.579927466576764346e+02 2.271932475748806155e+02 4.189199643077336788e+01 1.454700311349902186e+01
1.641283126213463402e+04 1.198536782564461100e+04 8.090604309879315224e+03 5.463082999835169176e+03 4.211044657457568974e+03 2.733530707985870322e+03 1.593637034171894356e+03 9.642472876558963435e+02 3.579927466576764346e+02 1.056009681335473488e+03 8.080557289532490017e+01 -1.235485464593044824e+01 6.362720731002175611e+00
6.490484947591545279e+03 4.125405769739227253e+03 3.329399014250197069e+03 1.839041976708063657e+03 1.516929484798202338e+03 8.812868210522840400e+02 5.087941299244452011e+02 3.180379977098695576e+02 2.271932475748806155e+02 8.080557289532490017e+01 2.565617625545244209e+02 4.719589768727907142e+00 2.715675874403055357e+00
1.652354456362959581e+03 1.260648113326988550e+03 6.476837941031328683e+02 5.090549132394415892e+02 3.632240991724057722e+02 2.166619153572420089e+02 2.154305475239474958e+02 9.077612294683110861e+01 4.189199643077336788e+01 -1.235485464593044824e+01 4.719589768727907142e+00 4.589590266581392086e+01 -5.627429429268421268e-01
3.850965644280189508e+02 3.056831430639267637e+02 1.930972997192801301e+02 9.131925812171110124e+01 8.649966873594783578e+01 3.801946224164168342e+01 5.041941475408256679e+01 2.894106563623673267e+01 1.454700311349902186e+01 6.362720731002175611e+00 2.715675874403055357e+00 -5.627429429268421268e-01 6.931346004342811895e+00
