1.296350876597355120e+06 7.025218546803497011e+05 4.531165941306601744e+05 2.760855819026244571e+05 1.352238056686298223e+05 7.727367465657474531e+04 3.206538112216256923e+04 1.051970677195574717e+04 2.891347750659701887e+03 4.224532841096395828e+02 2.480382657841000427e+00
7.025218546803497011e+05 5.670257108390041394e+05 2.877979095974509837e+05 1.848847899939017370e+05 8.167917347129897098e+04 4.831274439052964590e+04 2.083144571290741442e+04 6.544002389696517639e+03 1.707134638730654842e+03 2.793244204793866174e+02 3.893710578620528651e+01
4.531165941306601744e+05 2.877979095974509837e+05 2.537271224298180314e+05 1.131158177856192924e+05 5.583590381470434659e+04 3.204186160438915249e+04 1.327357269618325518e+04 4.707268247287532176e+03 1.036521520674291878e+03 1.328622362812602091e+02 5.381155862607599261e+01
2.760855819026244571e+05 1.848847899939017370e+05 1.131158177856192924e+05 1.062921654864942248e+05 3.519236326453911897e+04 1.917620499308693252e+04 9.021914468771465181e+03 2.899961443162324485e+03 7.490912488845912094e+02 1.061172406662082466e+02 -1.194113074015468712e+01
1.352238056686298223e+05 8.167917347129897098e+04 5.583590381470434659e+04 3.519236326453911897e+04 3.412623597489180975e+04 9.532306631791110703e+03 4.362016628306534585e+03 1.487015873866867423e+03 3.804279548561667070e+02 7.972518487597763226e+01 3.429594708966413918e+01
7.727367465657474531e+04 4.831274439052964590e+04 3.204186160438915249e+04 1.917620499308693252e+04 9.532306631791110703e+03 1.159728695891913594e+04 2.614839005671763516e+03 8.238184136855977613e+02 1.784993164088666049e+02 5.870565753041738333e+01 4.790177733694111595e+00
3.206538112216256923e+04 2.083144571290741442e+04 1.327357269618325518e+04 9.021914468771465181e+03 4.362016628306534585e+03 2.614839005671763516e+03 3.365553777750828431e+03 3.695181927152633534e+02 5.259783778401866527e+01 1.505092275228674481e+01 6.072525763918443786e+00
1.051970677195574717e+04 6.544002389696517639e+03 4.707268247287532176e+03 2.899961443162324485e+03 1.487015873866867423e+03 8.238184136855977613e+02 3.695181927152633534e+02 7.662225558266084136e+02 3.788416864212429402e+01 7.647029538030328588e+00 -2.115678172188372397e+00
2.891347750659701887e+03 1.707134638730654842e+03 1.036521520674291878e+03 7.490912488845912094e+02 3.804279548561667070e+02 1.784993164088666049e+02 5.259783778401866527e+01 3.788416864212429402e+01 1.453621884107367919e+02 -7.450951857567944536e-01 1.392151531282424803e-01
4.224532841096395828e+02 2.793244204793866174e+02 1.328622362812602091e+02 1.061172406662082466e+02 7.972518487597763226e+01 5.870565753041738333e+01 1.505092275228674481e+01 7.647029538030328588e+00 -7.450951857567944536e-01 2.130187920542583413e+01 -1.176466082773885841e-01
2.480382657841000427e+00 3.893710578620528651e+01 5.381155862607599261e+01 -1.194113074015468712e+01 3.429594708966413918e+01 4.790177733694111595e+00 6.072525763918443786e+00 -2.115678172188372397e+00 1.392151531282424803e-01 -1.176466082773885841e-01 2.994106180659540151e+00
