1.564434369111372624e+06 8.519032777025632095e+05 5.476711149386777543e+05 3.388568180389123736e+05 1.858549244226295850e+05 1.044603155889174814e+05 4.752295521593550075e+04 2.184013370878234491e+04 6.345080416521002007e+03 1.531886496923956656e+03 1.128018331107354832e+01
8.519032777025632095e+05 6.876819117201734334e+05 3.619975079626905499e+05 2.280612993464515603e+05 1.256237283190752933e+05 6.689577450151325320e+04 3.010269793548302914e+04 1.491159634508565978e+04 4.224837027197264433e+03 7.317387071836810719e+02 -2.130069374817787775e+01
5.476711149386777543e+05 3.619975079626905499e+05 3.098467489957004436e+05 1.507912514122606372e+05 7.913798215742292814e+04 4.636094576160023280e+04 1.918524184275262451e+04 9.345222037230447313e+03 2.478799398700282381e+03 5.232070350140875235e+02 1.487473303994878222e+02
3.388568180389123736e+05 2.280612993464515603e+05 1.507912514122606372e+05 1.345338791241711297e+05 5.288369862832486251e+04 2.826550581193685503e+04 1.265317683111902079e+04 6.131709042681484789e+03 1.667106712958736352e+03 3.693287370211851908e+02 5.922948874881108594e+01
1.858549244226295850e+05 1.256237283190752933e+05 7.913798215742292814e+04 5.288369862832486251e+04 5.022924707303495961e+04 1.713337000517164415e+04 6.534927311290185571e+03 3.587478342580864137e+03 8.853570515947726562e+02 2.137699173239336972e+02 1.894670535123133703e+01
1.044603155889174814e+05 6.689577450151325320e+04 4.636094576160023280e+04 2.826550581193685503e+04 1.713337000517164415e+04 1.773120202835636519e+04 3.800267384718060384e+03 2.089745796060923112e+03 5.007265286404908693e+02 1.098219450922099441e+02 5.127860212351659186e+01
4.752295521593550075e+04 3.010269793548302914e+04 1.918524184275262451e+04 1.265317683111902079e+04 6.534927311290185571e+03 3.800267384718060384e+03 5.755135964997801238e+03 7.473437517988738819e+02 3.443855929985035118e+02 6.956029453757537340e+01 -3.473378579393051613e+00
2.184013370878234491e+04 1.491159634508565978e+04 9.345222037230447313e+03 6.131709042681484789e+03 3.587478342580864137e+03 2.089745796060923112e+03 7.473437517988738819e+02 1.604766221303120801e+03 6.576543643527331540e+01 1.342649139615908105e+01 1.002814940700327284e+00
6.345080416521002007e+03 4.224837027197264433e+03 2.478799398700282381e+03 1.667106712958736352e+03 8.853570515947726562e+02 5.007265286404908693e+02 3.443855929985035118e+02 6.576543643527331540e+01 3.364034064646235151e+02 5.057258066556783227e+00 3.507865320918042595e+00
1.531886496923956656e+03 7.317387071836810719e+02 5.232070350140875235e+02 3.693287370211851908e+02 2.137699173239336972e+02 1.098219450922099441e+02 6.956029453757537340e+01 1.342649139615908105e+01 5.057258066556783227e+00 5.060458803723572174e+01 -7.790482118263402089e-01
1.128018331107354832e+01 -2.130069374817787775e+01 1.487473303994878222e+02 5.922948874881108594e+01 1.894670535123133703e+01 5.127860212351659186e+01 -3.473378579393051613e+00 1.002814940700327284e+00 3.507865320918042595e+00 -7.790482118263402089e-01 8.902146939052794750e+00
