1.914247616147530731e+06 1.103177294817417627e+06 7.998882249378864653e+05 5.664358738822345622e+05 3.846503582936763996e+05 2.614141165207012964e+05 1.672018655565958179e+05 1.000518717376243731e+05 5.220672751712804893e+04 2.372361306827282533e+04 1.025523523577247397e+04 3.836573542534333228e+03 1.142611310465301585e+03 1.122701582791046206e+02
1.103177294817417627e+06 9.407139954273963813e+05 5.427834997568033868e+05 3.817807379107659217e+05 2.618248835750391881e+05 1.693309240696806228e+05 1.111781428533139697e+05 6.520510322800318681e+04 3.325814126018037496e+04 1.603490525848170000e+04 7.401254008677671663e+03 2.826067608503238716e+03 8.290438838698828476e+02 6.806640599568638095e+01
7.998882249378864653e+05 5.427834997568033868e+05 5.234604247379269800e+05 2.791061585701489239e+05 1.941428917934487108e+05 1.309535259439036163e+05 7.889182728313581902e+04 5.015001578578245244e+04 2.523522688715052209e+04 1.113488088663862072e+04 5.142305796929244025e+03 1.960517982084877985e+03 4.713903515994366558e+02 2.788616771534954708e+01
5.664358738822345622e+05 3.817807379107659217e+05 2.791061585701489239e+05 2.700867382094737841e+05 1.327938051707753330e+05 9.068480564948302344e+04 5.768144968807531404e+04 3.445538961630628910e+04 1.778806913269994402e+04 8.107274834272126100e+03 3.688809402537417554e+03 1.353641874839595175e+03 4.287120836700104292e+02 3.550574637811487122e+01
3.846503582936763996e+05 2.618248835750391881e+05 1.941428917934487108e+05 1.327938051707753330e+05 1.391904865560331382e+05 6.224209104591004143e+04 3.860905214057820558e+04 2.311271932935182849e+04 1.183889975911483998e+04 5.976694758368637849e+03 2.661080005055057427e+03 9.311807476227231746e+02 2.568225458695320640e+02 -1.294112691051234165e+00
2.614141165207012964e+05 1.693309240696806228e+05 1.309535259439036163e+05 9.068480564948302344e+04 6.224209104591004143e+04 7.294697554007114377e+04 2.715308032674493370e+04 1.599640148436846721e+04 8.654825678516368498e+03 4.439704566082341444e+03 1.627154552870078533e+03 6.509935853493022933e+02 1.733561988503364546e+02 8.823495620803894823e+00
1.672018655565958179e+05 1.111781428533139697e+05 7.889182728313581902e+04 5.768144968807531404e+04 3.860905214057820558e+04 2.715308032674493370e+04 3.238982889924779010e+04 1.015152975057536969e+04 5.549676785857851428e+03 2.356418426706464288e+03 9.854628926819573280e+02 3.727828860949604177e+02 1.299995021465139757e+02 1.629013369280990631e+01
1.000518717376243731e+05 6.520510322800318681e+04 5.015001578578245244e+04 3.445538961630628910e+04 2.311271932935182849e+04 1.599640148436846721e+04 1.015152975057536969e+04 1.338886637229418193e+04 3.629660609449076219e+03 1.639252545754637595e+03 6.801307286660091904e+02 2.145717272835154290e+02 7.639970741533396392e+01 9.592120128216143016e+00
5.220672751712804893e+04 3.325814126018037496e+04 2.523522688715052209e+04 1.778806913269994402e+04 1.183889975911483998e+04 8.654825678516368498e+03 5.549676785857851428e+03 3.629660609449076219e+03 5.149437142167526872e+03 8.487085144434900030e+02 2.307010772783430639e+02 1.377798645072555246e+02 3.223909222161326227e+01 3.478418051401356514e+00
2.372361306827282533e+04 1.603490525848170000e+04 1.113488088663862072e+04 8.107274834272126100e+03 5.976694758368637849e+03 4.439704566082341444e+03 2.356418426706464288e+03 1.639252545754637595e+03 8.487085144434900030e+02 1.684995507829750295e+03 1.517209875881309529e+02 7.625853148540336690e+01 6.717621332639504672e+00 2.709793543989242881e+00
1.025523523577247397e+04 7.401254008677671663e+03 5.142305796929244025e+03 3.688809402537417554e+03 2.661080005055057427e+03 1.627154552870078533e+03 9.854628926819573280e+02 6.801307286660091904e+02 2.307010772783430639e+02 1.517209875881309529e+02 5.333861926080239755e+02 2.354500786991479444e+01 1.523915732553095914e+01 -1.717640480849890405e+00
3.836573542534333228e+03 2.826067608503238716e+03 1.960517982084877985e+03 1.353641874839595175e+03 9.311807476227231746e+02 6.509935853493022933e+02 3.727828860949604177e+02 2.145717272835154290e+02 1.377798645072555246e+02 7.625853148540336690e+01 2.354500786991479444e+01 1.149172069653532162e+02 7.058796496643316987e-01 -3.921553609246286598e-01
1.142611310465301585e+03 8.290438838698828476e+02 4.713903515994366558e+02 4.287120836700104292e+02 2.568225458695320640e+02 1.733561988503364546e+02 1.299995021465139757e+02 7.639970741533396392e+01 3.223909222161326227e+01 6.717621332639504672e+00 1.523915732553095914e+01 7.058796496643316987e-01 2.314500940177159549e+01 -8.627417940341836067e-02
1.122701582791046206e+02 6.806640599568638095e+01 2.788616771534954708e+01 3.550574637811487122e+01 -1.294112691051234165e+00 8.823495620803894823e+00 1.629013369280990631e+01 9.592120128216143016e+00 3.478418051401356514e+00 2.709793543989242881e+00 -1.717640480849890405e+00 -3.921553609246286598e-01 -8.627417940341836067e-02 1.999992340715606831e+00
