1.717937371869608760e+06 1.007760977876106976e+06 6.601488208761103451e+05 4.372170001187346061e+05 2.816827487027244060e+05 1.667900573297318188e+05 8.805841766843013465e+04 4.591535749326900986e+04 1.748570754554336600e+04 6.884722653482159330e+03 1.947404306815592918e+03 3.497810133998636957e+02
1.007760977876106976e+06 8.289983605148121715e+05 4.435758149823075510e+05 2.894536444330550730e+05 1.889388215271952504e+05 1.089079495865846693e+05 5.962107559330475488e+04 3.131213498722844815e+04 1.217903767219004840e+04 4.526378743953864614e+03 1.180003324129377233e+03 1.353896775824161125e+02
6.601488208761103451e+05 4.435758149823075510e+05 3.964543562256377772e+05 2.066420007889159606e+05 1.311327370223068574e+05 7.827534729109841282e+04 3.836580601330213540e+04 2.084903388084460312e+04 7.732229211744504937e+03 2.910561402568102494e+03 7.610010071958774915e+02 1.134662321299290397e+02
4.372170001187346061e+05 2.894536444330550730e+05 2.066420007889159606e+05 1.944442749530177680e+05 8.658087626810261281e+04 5.172890777838820941e+04 2.589535965318849776e+04 1.504381689714892491e+04 5.775185726157911631e+03 1.757122682587923919e+03 5.608449109799930739e+02 1.033956824613942445e+02
2.816827487027244060e+05 1.889388215271952504e+05 1.311327370223068574e+05 8.658087626810261281e+04 8.609397617198000080e+04 3.361066343955627235e+04 1.915224037898243841e+04 9.319368231587155606e+03 4.154713500637939433e+03 1.185626832005190408e+03 3.523751211124558722e+02 8.583496539918951385e+01
1.667900573297318188e+05 1.089079495865846693e+05 7.827534729109841282e+04 5.172890777838820941e+04 3.361066343955627235e+04 3.576066108815249754e+04 9.746121499227807362e+03 5.868703015077327109e+03 2.121311483947992656e+03 7.672245127737577377e+02 2.013404054059172097e+02 3.235477805308557464e+01
8.805841766843013465e+04 5.962107559330475488e+04 3.836580601330213540e+04 2.589535965318849776e+04 1.915224037898243841e+04 9.746121499227807362e+03 1.227533926417192561e+04 2.924157428931445793e+03 1.030229387908261288e+03 5.120960780634181901e+02 1.442896434986054714e+02 1.780189260917299521e+01
4.591535749326900986e+04 3.131213498722844815e+04 2.084903388084460312e+04 1.504381689714892491e+04 9.319368231587155606e+03 5.868703015077327109e+03 2.924157428931445793e+03 4.227740671949301031e+03 7.015306467116909062e+02 2.785322666503333267e+02 1.023525492013308877e+02 1.038035240367525347e+01
1.748570754554336600e+04 1.217903767219004840e+04 7.732229211744504937e+03 5.775185726157911631e+03 4.154713500637939433e+03 2.121311483947992656e+03 1.030229387908261288e+03 7.015306467116909062e+02 1.182315079982061889e+03 5.012137667977815170e+01 1.607052669069136996e+01 2.954890644567127911e+00
6.884722653482159330e+03 4.526378743953864614e+03 2.910561402568102494e+03 1.757122682587923919e+03 1.185626832005190408e+03 7.672245127737577377e+02 5.120960780634181901e+02 2.785322666503333267e+02 5.012137667977815170e+01 3.065635318492219881e+02 5.192136978642137635e+00 4.270571880469205439e+00
1.947404306815592918e+03 1.180003324129377233e+03 7.610010071958774915e+02 5.608449109799930739e+02 3.523751211124558722e+02 2.013404054059172097e+02 1.442896434986054714e+02 1.023525492013308877e+02 1.607052669069136996e+01 5.192136978642137635e+00 5.894879385419019258e+01 2.901949670842250972e-01
3.497810133998636957e+02 1.353896775824161125e+02 1.134662321299290397e+02 1.033956824613942445e+02 8.583496539918951385e+01 3.235477805308557464e+01 1.780189260917299521e+01 1.038035240367525347e+01 2.954890644567127911e+00 4.270571880469205439e+00 2.901949670842250972e-01 6.931346004342812783e+00
