# M_low [Msun/h] M_high[Msun/h] Number M_mean[Msun/h]
1.284165999999999919e+01 1.307014000000000031e+01 2.374960000000000000e+05 8.897871964159396484e+12
1.307014000000000031e+01 1.329861000000000004e+01 1.291810000000000000e+05 1.504080321409495117e+13
1.329861000000000004e+01 1.352708999999999939e+01 6.781700000000000000e+04 2.539425217865726953e+13
1.352708999999999939e+01 1.375557000000000052e+01 3.258100000000000000e+04 4.281243669623400000e+13
1.375557000000000052e+01 1.398404000000000025e+01 1.431500000000000000e+04 7.198826405867970312e+13
1.398404000000000025e+01 1.421251999999999960e+01 5.256000000000000000e+03 1.206634132420091250e+14
1.421251999999999960e+01 1.444098999999999933e+01 1.694000000000000000e+03 2.026013577331759062e+14
1.444098999999999933e+01 1.466947000000000045e+01 3.970000000000000000e+02 3.362997481108312500e+14
1.466947000000000045e+01 1.489794999999999980e+01 5.400000000000000000e+01 5.630487037037037500e+14
1.489794999999999980e+01 1.512641999999999953e+01 7.000000000000000000e+00 1.012758571428571375e+15
