# M_low [Msun/h] M_high[Msun/h] Number M_mean[Msun/h]
1.284165999999999919e+01 1.301427999999999940e+01 7.944100000000000000e+04 8.350038393272995117e+12
1.301427999999999940e+01 1.318689000000000000e+01 4.182100000000000000e+04 1.241586284402572852e+13
1.318689000000000000e+01 1.335951000000000022e+01 2.117300000000000000e+04 1.841412175884380859e+13
1.335951000000000022e+01 1.353212000000000081e+01 9.771000000000000000e+03 2.735625831542319141e+13
1.353212000000000081e+01 1.370473999999999926e+01 4.102000000000000000e+03 4.046043393466601562e+13
1.370473999999999926e+01 1.387734999999999985e+01 1.471000000000000000e+03 6.027377294357579688e+13
1.387734999999999985e+01 1.404997000000000007e+01 4.120000000000000000e+02 8.843169902912621875e+13
1.404997000000000007e+01 1.422258000000000067e+01 1.300000000000000000e+02 1.328851538461538438e+14
1.422258000000000067e+01 1.439520000000000088e+01 2.200000000000000000e+01 1.946804545454545312e+14
1.439520000000000088e+01 1.456780999999999970e+01 1.000000000000000000e+00 2.765800000000000000e+14
