# M_low [Msun/h] M_high[Msun/h] Number M_mean[Msun/h]
1.284165999999999919e+01 1.310815000000000019e+01 3.565610000000000000e+05 9.307902434646525391e+12
1.310815000000000019e+01 1.337463999999999942e+01 1.989020000000000000e+05 1.720035997626972070e+13
1.337463999999999942e+01 1.364113000000000042e+01 1.093110000000000000e+05 3.168013283201141797e+13
1.364113000000000042e+01 1.390761000000000003e+01 5.690100000000000000e+04 5.826451204723994531e+13
1.390761000000000003e+01 1.417409999999999926e+01 2.743800000000000000e+04 1.072496902106567500e+14
1.417409999999999926e+01 1.444059000000000026e+01 1.205300000000000000e+04 1.962096573467186562e+14
1.444059000000000026e+01 1.470707999999999949e+01 4.503000000000000000e+03 3.596353542083055625e+14
1.470707999999999949e+01 1.497357000000000049e+01 1.267000000000000000e+03 6.534550118389897500e+14
1.497357000000000049e+01 1.524005999999999972e+01 2.280000000000000000e+02 1.200404824561403500e+15
1.524005999999999972e+01 1.550655000000000072e+01 3.000000000000000000e+01 2.111773333333333250e+15
