1.471735250059036538e+06 8.691410130469151773e+05 6.211172088299759198e+05 3.696379443911403650e+05 2.670590088878811803e+05 1.489347169586837699e+05 8.065178558282715676e+04 5.371790319175210607e+04 1.640065873405601087e+04 5.914124058801080537e+03 1.181664501589044448e+03 3.399408749277901052e+02
8.691410130469151773e+05 8.020654314397023991e+05 4.534607133455143194e+05 2.794199002659617690e+05 1.920254161496957531e+05 1.059799556123092480e+05 5.926610043277677323e+04 3.698166448457642400e+04 1.299726336496409567e+04 4.724045135408534406e+03 8.630502420288262329e+02 1.597640338234258763e+02
6.211172088299759198e+05 4.534607133455143194e+05 4.404991200328924460e+05 1.910976671994139033e+05 1.301094157676054165e+05 7.517317164890264394e+04 4.332141088883312477e+04 2.730940295846788285e+04 8.646819805440291020e+03 3.029791214383338684e+03 6.907047888065586676e+02 1.534123417405137388e+02
3.696379443911403650e+05 2.794199002659617690e+05 1.910976671994139033e+05 1.875746549962210993e+05 8.460083133617887506e+04 4.626972542412895564e+04 2.640210203379474115e+04 1.694787695986020844e+04 5.273187157199689864e+03 2.061596538348725062e+03 3.946356600739089799e+02 8.222781598823056015e+01
2.670590088878811803e+05 1.920254161496957531e+05 1.301094157676054165e+05 8.460083133617887506e+04 9.286434599181405792e+04 3.096924499892880704e+04 1.835144446492933275e+04 1.147964411921845021e+04 4.068727531505126535e+03 1.268775386697207523e+03 3.213167998165968697e+02 5.903370564229037143e+01
1.489347169586837699e+05 1.059799556123092480e+05 7.517317164890264394e+04 4.626972542412895564e+04 3.096924499892880704e+04 3.546519447871313605e+04 1.055386233835154781e+04 6.829642188492444802e+03 2.439960858715439826e+03 7.558067887250866761e+02 2.147597432052916986e+02 4.879896310515169233e+01
8.065178558282715676e+04 5.926610043277677323e+04 4.332141088883312477e+04 2.640210203379474115e+04 1.835144446492933275e+04 1.055386233835154781e+04 1.521418961801997466e+04 4.055134391692999543e+03 1.330839925056424363e+03 5.045027839449563203e+02 8.449464260039488295e+01 4.127144775760356055e+01
5.371790319175210607e+04 3.698166448457642400e+04 2.730940295846788285e+04 1.694787695986020844e+04 1.147964411921845021e+04 6.829642188492444802e+03 4.055134391692999543e+03 6.336701992202552901e+03 1.007930877342558574e+03 3.185760818286210565e+02 4.936298140534516676e+01 2.007281691015113978e+01
1.640065873405601087e+04 1.299726336496409567e+04 8.646819805440291020e+03 5.273187157199689864e+03 4.068727531505126535e+03 2.439960858715439826e+03 1.330839925056424363e+03 1.007930877342558574e+03 1.569863653169172039e+03 1.668374973697582107e+02 2.072415985989188769e+01 8.501079364915631320e-01
5.914124058801080537e+03 4.724045135408534406e+03 3.029791214383338684e+03 2.061596538348725062e+03 1.268775386697207523e+03 7.558067887250866761e+02 5.045027839449563203e+02 3.185760818286210565e+02 1.668374973697582107e+02 3.667065680501198699e+02 2.589705573367076497e+01 3.933252070990588337e-03
1.181664501589044448e+03 8.630502420288262329e+02 6.907047888065586676e+02 3.946356600739089799e+02 3.213167998165968697e+02 2.147597432052916986e+02 8.449464260039488295e+01 4.936298140534516676e+01 2.072415985989188769e+01 2.589705573367076497e+01 8.352747478271359682e+01 2.044266207693193338e-01
3.399408749277901052e+02 1.597640338234258763e+02 1.534123417405137388e+02 8.222781598823056015e+01 5.903370564229037143e+01 4.879896310515169233e+01 4.127144775760356055e+01 2.007281691015113978e+01 8.501079364915631320e-01 3.933252070990588337e-03 2.044266207693193338e-01 5.965751294194076237e+00
