1.511684751942749601e+06 8.579086517591904849e+05 6.175224978458369151e+05 4.093757498784108320e+05 2.795507411813032231e+05 1.720441725024080952e+05 1.010142327579970297e+05 6.439410633384923858e+04 2.714468035891537147e+04 9.357297498095354968e+03 3.699123088529953748e+03 9.114004312176499525e+02 5.402332252097349397e+01
8.579086517591904849e+05 8.037682610590467229e+05 4.583673524534464814e+05 2.951307403387598461e+05 2.031410455689075170e+05 1.244113686451847461e+05 7.310071024543809472e+04 4.265889937615064991e+04 2.119526000589735122e+04 7.995438007666847625e+03 2.580362667115982731e+03 5.199568322731312264e+02 5.507822044187774679e+01
6.175224978458369151e+05 4.583673524534464814e+05 4.552954151982988114e+05 2.165037394924085238e+05 1.478651239233843226e+05 8.924256607472705946e+04 5.428061369250030839e+04 3.246616194024877041e+04 1.557667760157155317e+04 5.603294227580155166e+03 1.723918888178220186e+03 3.568319667893313749e+02 2.688224999138242666e+01
4.093757498784108320e+05 2.951307403387598461e+05 2.165037394924085238e+05 2.101455716851455218e+05 9.817073776524500863e+04 5.427447842187796050e+04 3.781552968929897906e+04 2.105806053132380475e+04 8.709958800709082425e+03 3.721950452089137798e+03 1.375673163016339913e+03 2.795557921423321659e+02 8.290164329946415833e+00
2.795507411813032231e+05 2.031410455689075170e+05 1.478651239233843226e+05 9.817073776524500863e+04 1.092054092317292816e+05 4.126404197287613351e+04 2.455907065306748700e+04 1.280295489064416324e+04 6.261968175673237965e+03 2.453837661467211547e+03 8.200203890150310144e+02 1.491798208493338223e+02 1.367053588183216739e+01
1.720441725024080952e+05 1.244113686451847461e+05 8.924256607472705946e+04 5.427447842187796050e+04 4.126404197287613351e+04 4.728268755097942631e+04 1.564489498738043767e+04 9.185733449243509313e+03 4.473661298784780229e+03 1.656258362981095388e+03 4.406139988740725926e+02 1.753503088606381652e+02 6.474485008865437763e+00
1.010142327579970297e+05 7.310071024543809472e+04 5.428061369250030839e+04 3.781552968929897906e+04 2.455907065306748700e+04 1.564489498738043767e+04 2.085678090999839333e+04 5.355003021587502190e+03 2.716930771557950266e+03 9.973589255555536965e+02 2.709832759525200458e+02 1.123701578961445477e+02 1.823914583660396715e+01
6.439410633384923858e+04 4.265889937615064991e+04 3.246616194024877041e+04 2.105806053132380475e+04 1.280295489064416324e+04 9.185733449243509313e+03 5.355003021587502190e+03 7.925671608181562988e+03 1.758393265957162384e+03 5.121352935995120106e+02 1.737483542112658199e+02 6.848993378548817645e+01 2.376461487203108014e+00
2.714468035891537147e+04 2.119526000589735122e+04 1.557667760157155317e+04 8.709958800709082425e+03 6.261968175673237965e+03 4.473661298784780229e+03 2.716930771557950266e+03 1.758393265957162384e+03 2.973478808674959510e+03 3.837004913430956776e+02 7.651735402361387628e+01 2.144305513535877594e+01 6.054878772676088872e+00
9.357297498095354968e+03 7.995438007666847625e+03 5.603294227580155166e+03 3.721950452089137798e+03 2.453837661467211547e+03 1.656258362981095388e+03 9.973589255555536965e+02 5.121352935995120106e+02 3.837004913430956776e+02 6.921208788262856615e+02 1.771365765296520323e+01 6.566641518682731160e+00 1.705875820022172418e+00
3.699123088529953748e+03 2.580362667115982731e+03 1.723918888178220186e+03 1.375673163016339913e+03 8.200203890150310144e+02 4.406139988740725926e+02 2.709832759525200458e+02 1.737483542112658199e+02 7.651735402361387628e+01 1.771365765296520323e+01 1.793169603363957663e+02 3.635280195771310563e+00 -5.568606125129733631e-01
9.114004312176499525e+02 5.199568322731312264e+02 3.568319667893313749e+02 2.795557921423321659e+02 1.491798208493338223e+02 1.753503088606381652e+02 1.123701578961445477e+02 6.848993378548817645e+01 2.144305513535877594e+01 6.566641518682731160e+00 3.635280195771310563e+00 2.406069216953059708e+01 -9.019573301266473053e-02
5.402332252097349397e+01 5.507822044187774679e+01 2.688224999138242666e+01 8.290164329946415833e+00 1.367053588183216739e+01 6.474485008865437763e+00 1.823914583660396715e+01 2.376461487203108014e+00 6.054878772676088872e+00 1.705875820022172418e+00 -5.568606125129733631e-01 -9.019573301266473053e-02 1.999992340715606831e+00
