1.683244410977867199e+06 9.945252563277992886e+05 7.124540728555436945e+05 4.977276747774324613e+05 3.275023240670723026e+05 2.388323871213854000e+05 1.464663092612315377e+05 9.182799700646751444e+04 4.999316082772132359e+04 2.842232308816138539e+04 1.018112475297259880e+04 3.074244057517378678e+03 7.130891007313996397e+02 1.597625587480821139e+02
9.945252563277992886e+05 8.826664763514709193e+05 5.010460708857503487e+05 3.507514767156145535e+05 2.325846088980782370e+05 1.705302562922454090e+05 1.060300213742604974e+05 6.531806353418330400e+04 3.325859566850423289e+04 2.182111070424817444e+04 8.286374842061046365e+03 2.213301624758073558e+03 3.505171657890936672e+02 7.963359437665044993e+01
7.124540728555436945e+05 5.010460708857503487e+05 5.152411220831561368e+05 2.625200450689481222e+05 1.711361110310475924e+05 1.239950221288416215e+05 7.231740753538513673e+04 4.506852416376407928e+04 2.676257669180805533e+04 1.646315597588907622e+04 6.102613368099631771e+03 1.519224682450195132e+03 2.417767728569746737e+02 4.192830970473771401e+01
4.977276747774324613e+05 3.507514767156145535e+05 2.625200450689481222e+05 2.735615935212200857e+05 1.186952203129111294e+05 9.058991004228030215e+04 5.590570670073106885e+04 3.415580177745719266e+04 1.859417385065794588e+04 1.135605340026850536e+04 3.950195043005799562e+03 1.270967401548486578e+03 1.247100950158163499e+02 4.374304108432184535e+01
3.275023240670723026e+05 2.325846088980782370e+05 1.711361110310475924e+05 1.186952203129111294e+05 1.299922471439060464e+05 6.018406900841768947e+04 3.343068467177462298e+04 2.113014359615948706e+04 1.141388406979345746e+04 6.231834907111756365e+03 2.600834906443797991e+03 5.734420942153160468e+02 1.946701183230736376e+02 2.875992886519218672e+01
2.388323871213854000e+05 1.705302562922454090e+05 1.239950221288416215e+05 9.058991004228030215e+04 6.018406900841768947e+04 7.602892371775582433e+04 2.603126169709243186e+04 1.706285954202946959e+04 8.418739208594375668e+03 5.225213512904576419e+03 2.100382313949478885e+03 6.438520411064096152e+02 -8.042486770567728982e+00 7.251809177177374721e+00
1.464663092612315377e+05 1.060300213742604974e+05 7.231740753538513673e+04 5.590570670073106885e+04 3.343068467177462298e+04 2.603126169709243186e+04 3.296640666779276216e+04 1.061247172534341917e+04 5.307502012175215896e+03 3.578329480490033802e+03 1.173407781402763248e+03 3.292105334276288318e+02 8.420586602346634209e+01 1.923529297754869205e+01
9.182799700646751444e+04 6.531806353418330400e+04 4.506852416376407928e+04 3.415580177745719266e+04 2.113014359615948706e+04 1.706285954202946959e+04 1.061247172534341917e+04 1.450608032338954399e+04 3.596997123842721976e+03 2.154164924296151639e+03 7.030822632339360325e+02 1.299518687067680673e+02 3.803704778778847384e+01 4.852627649722347059e+00
4.999316082772132359e+04 3.325859566850423289e+04 2.676257669180805533e+04 1.859417385065794588e+04 1.141388406979345746e+04 8.418739208594375668e+03 5.307502012175215896e+03 3.596997123842721976e+03 5.843835873914428703e+03 1.221752641218080043e+03 4.065620341002259011e+02 9.450122716052928240e+01 5.976211224303796143e+01 4.305624103622370136e+00
2.842232308816138539e+04 2.182111070424817444e+04 1.646315597588907622e+04 1.135605340026850536e+04 6.231834907111756365e+03 5.225213512904576419e+03 3.578329480490033802e+03 2.154164924296151639e+03 1.221752641218080043e+03 2.554446589632628729e+03 2.599206838189360269e+02 1.228429892139794788e+02 1.242120785176616771e+01 -2.476809688590752012e-01
1.018112475297259880e+04 8.286374842061046365e+03 6.102613368099631771e+03 3.950195043005799562e+03 2.600834906443797991e+03 2.100382313949478885e+03 1.173407781402763248e+03 7.030822632339360325e+02 4.065620341002259011e+02 2.599206838189360269e+02 6.297076858869760372e+02 -4.088385586988488640e+00 2.829713319749818101e-01 1.980516040732371863e+00
3.074244057517378678e+03 2.213301624758073558e+03 1.519224682450195132e+03 1.270967401548486578e+03 5.734420942153160468e+02 6.438520411064096152e+02 3.292105334276288318e+02 1.299518687067680673e+02 9.450122716052928240e+01 1.228429892139794788e+02 -4.088385586988488640e+00 1.659849261792807624e+02 -3.861982086289160510e+00 1.755909568386282649e+00
7.130891007313996397e+02 3.505171657890936672e+02 2.417767728569746737e+02 1.247100950158163499e+02 1.946701183230736376e+02 -8.042486770567728982e+00 8.420586602346634209e+01 3.803704778778847384e+01 5.976211224303796143e+01 1.242120785176616771e+01 2.829713319749818101e-01 -3.861982086289160510e+00 2.409895057383689476e+01 -4.516311577653124576e-02
1.597625587480821139e+02 7.963359437665044993e+01 4.192830970473771401e+01 4.374304108432184535e+01 2.875992886519218672e+01 7.251809177177374721e+00 1.923529297754869205e+01 4.852627649722347059e+00 4.305624103622370136e+00 -2.476809688590752012e-01 1.980516040732371863e+00 1.755909568386282649e+00 -4.516311577653124576e-02 1.003263114000925604e+00
