# M_low [Msun/h] M_high[Msun/h] Number M_mean[Msun/h]
1.283083000000000062e+01 1.290349999999999930e+01 1.397000000000000000e+03 7.326821760916249023e+12
1.290349999999999930e+01 1.297617999999999938e+01 8.070000000000000000e+02 8.643711276332093750e+12
1.297617999999999938e+01 1.304884999999999984e+01 5.030000000000000000e+02 1.022855864811133203e+13
1.304884999999999984e+01 1.312152000000000029e+01 3.160000000000000000e+02 1.209100316455696289e+13
1.312152000000000029e+01 1.319419000000000075e+01 1.780000000000000000e+02 1.435396067415730273e+13
1.319419000000000075e+01 1.326687000000000083e+01 1.100000000000000000e+02 1.676506363636363672e+13
1.326687000000000083e+01 1.333953999999999951e+01 4.000000000000000000e+01 2.010880000000000000e+13
1.333953999999999951e+01 1.341220999999999997e+01 2.700000000000000000e+01 2.348118518518518359e+13
1.341220999999999997e+01 1.348488000000000042e+01 1.100000000000000000e+01 2.775090909090908984e+13
1.348488000000000042e+01 1.355756000000000050e+01 4.000000000000000000e+00 3.224350000000000000e+13
