# M_low [Msun/h] M_high[Msun/h] Number M_mean[Msun/h]
1.283083000000000062e+01 1.308506000000000036e+01 2.776420000000000000e+05 8.925342707515433594e+12
1.308506000000000036e+01 1.333929000000000009e+01 1.438270000000000000e+05 1.599707287227015820e+13
1.333929000000000009e+01 1.359351999999999983e+01 7.119600000000000000e+04 2.862160795550311719e+13
1.359351999999999983e+01 1.384774999999999956e+01 3.214300000000000000e+04 5.111983946738014844e+13
1.384774999999999956e+01 1.410197999999999929e+01 1.262300000000000000e+04 9.106298027410282812e+13
1.410197999999999929e+01 1.435621000000000080e+01 4.325000000000000000e+03 1.620522774566474062e+14
1.435621000000000080e+01 1.461044000000000054e+01 1.161000000000000000e+03 2.855170542635658750e+14
1.461044000000000054e+01 1.486467000000000027e+01 2.030000000000000000e+02 5.022354679802955625e+14
1.486467000000000027e+01 1.511890000000000001e+01 2.300000000000000000e+01 8.922478260869565000e+14
1.511890000000000001e+01 1.537312999999999974e+01 1.000000000000000000e+00 1.766200000000000000e+15
