# M_low [Msun/h] M_high[Msun/h] Number M_mean[Msun/h]
1.283083000000000062e+01 1.297193000000000040e+01 2.388400000000000000e+04 7.855978898007034180e+12
1.297193000000000040e+01 1.311302000000000056e+01 1.267100000000000000e+04 1.087519532791413477e+13
1.311302000000000056e+01 1.325411000000000072e+01 6.162000000000000000e+03 1.502080006491398828e+13
1.325411000000000072e+01 1.339521000000000051e+01 2.832000000000000000e+03 2.079665254237288281e+13
1.339521000000000051e+01 1.353630000000000067e+01 1.185000000000000000e+03 2.858129957805907031e+13
1.353630000000000067e+01 1.367740000000000045e+01 4.350000000000000000e+02 3.947724137931034375e+13
1.367740000000000045e+01 1.381849000000000061e+01 1.380000000000000000e+02 5.374509420289854688e+13
1.381849000000000061e+01 1.395958000000000077e+01 4.400000000000000000e+01 7.499268181818181250e+13
1.395958000000000077e+01 1.410068000000000055e+01 1.000000000000000000e+01 1.016169000000000000e+14
1.410068000000000055e+01 1.424177000000000071e+01 1.000000000000000000e+00 1.298900000000000000e+14
