# M_low [Msun/h] M_high[Msun/h] Number M_mean[Msun/h]
1.283083000000000062e+01 1.306540999999999997e+01 2.361500000000000000e+05 8.735375820453101562e+12
1.306540999999999997e+01 1.329998999999999931e+01 1.253740000000000000e+05 1.498497296090098438e+13
1.329998999999999931e+01 1.353457000000000043e+01 6.342600000000000000e+04 2.564058903288872266e+13
1.353457000000000043e+01 1.376914000000000016e+01 2.950000000000000000e+04 4.376620338983050781e+13
1.376914000000000016e+01 1.400371999999999950e+01 1.201100000000000000e+04 7.469636166847056250e+13
1.400371999999999950e+01 1.423830000000000062e+01 4.397000000000000000e+03 1.270935183079372344e+14
1.423830000000000062e+01 1.447287999999999997e+01 1.283000000000000000e+03 2.152530007794232188e+14
1.447287999999999997e+01 1.470745999999999931e+01 2.840000000000000000e+02 3.602665492957746250e+14
1.470745999999999931e+01 1.494203000000000081e+01 3.500000000000000000e+01 6.089608571428571250e+14
1.494203000000000081e+01 1.517661000000000016e+01 3.000000000000000000e+00 1.055746666666666625e+15
