# M_low [Msun/h] M_high[Msun/h] Number M_mean[Msun/h]
1.283083000000000062e+01 1.305232999999999954e+01 2.014230000000000000e+05 8.608202638229000977e+12
1.305232999999999954e+01 1.327383000000000024e+01 1.068720000000000000e+05 1.433076951867654688e+13
1.327383000000000024e+01 1.349532999999999916e+01 5.465900000000000000e+04 2.378706160010245312e+13
1.349532999999999916e+01 1.371682999999999986e+01 2.536500000000000000e+04 3.943607332939089062e+13
1.371682999999999986e+01 1.393833000000000055e+01 1.044100000000000000e+04 6.537392970022028906e+13
1.393833000000000055e+01 1.415982999999999947e+01 3.849000000000000000e+03 1.082310730059755781e+14
1.415982999999999947e+01 1.438133000000000017e+01 1.141000000000000000e+03 1.776165644171779062e+14
1.438133000000000017e+01 1.460283000000000087e+01 2.720000000000000000e+02 2.904400000000000000e+14
1.460283000000000087e+01 1.482432999999999979e+01 3.500000000000000000e+01 4.683600000000000000e+14
1.482432999999999979e+01 1.504583000000000048e+01 4.000000000000000000e+00 8.597200000000000000e+14
