# M_low [Msun/h] M_high[Msun/h] Number M_mean[Msun/h]
1.283083000000000062e+01 1.303537000000000035e+01 1.657550000000000000e+05 8.448366565111158203e+12
1.303537000000000035e+01 1.323991999999999969e+01 8.991700000000000000e+04 1.351758844267491211e+13
1.323991999999999969e+01 1.344445999999999941e+01 4.689000000000000000e+04 2.158441032203028516e+13
1.344445999999999941e+01 1.364899999999999913e+01 2.212700000000000000e+04 3.449612690378270703e+13
1.364899999999999913e+01 1.385354000000000063e+01 9.514000000000000000e+03 5.493988858524279688e+13
1.385354000000000063e+01 1.405808000000000035e+01 3.731000000000000000e+03 8.762353256499598438e+13
1.405808000000000035e+01 1.426262999999999970e+01 1.170000000000000000e+03 1.385128205128205156e+14
1.426262999999999970e+01 1.446716999999999942e+01 3.090000000000000000e+02 2.209777993527508125e+14
1.446716999999999942e+01 1.467170999999999914e+01 5.900000000000000000e+01 3.450116949152542500e+14
1.467170999999999914e+01 1.487625000000000064e+01 5.000000000000000000e+00 6.195060000000000000e+14
