# M_low [Msun/h] M_high[Msun/h] Number M_mean[Msun/h]
1.283083000000000062e+01 1.310806999999999967e+01 3.610030000000000000e+05 9.170619080727861328e+12
1.310806999999999967e+01 1.338531000000000049e+01 1.917440000000000000e+05 1.732584070427236328e+13
1.338531000000000049e+01 1.366254999999999953e+01 9.765200000000000000e+04 3.272676442878794141e+13
1.366254999999999953e+01 1.393979000000000035e+01 4.623600000000000000e+04 6.166385500475819531e+13
1.393979000000000035e+01 1.421702999999999939e+01 1.970800000000000000e+04 1.161273087071240156e+14
1.421702999999999939e+01 1.449427000000000021e+01 7.178000000000000000e+03 2.172911674561159062e+14
1.449427000000000021e+01 1.477150999999999925e+01 2.116000000000000000e+03 4.042157372400756250e+14
1.477150999999999925e+01 1.504875000000000007e+01 4.400000000000000000e+02 7.467370454545455000e+14
1.504875000000000007e+01 1.532598999999999911e+01 5.400000000000000000e+01 1.317300000000000000e+15
1.532598999999999911e+01 1.560322999999999993e+01 4.000000000000000000e+00 2.840575000000000000e+15
