# M_low [Msun/h] M_high[Msun/h] Number M_mean[Msun/h]
1.283083000000000062e+01 1.310623999999999967e+01 3.454680000000000000e+05 9.147573726075931641e+12
1.310623999999999967e+01 1.338164000000000087e+01 1.800520000000000000e+05 1.721874236331726367e+13
1.338164000000000087e+01 1.365704000000000029e+01 9.032700000000000000e+04 3.237028795376797656e+13
1.365704000000000029e+01 1.393244999999999933e+01 4.161500000000000000e+04 6.063731827466057812e+13
1.393244999999999933e+01 1.420785000000000053e+01 1.709800000000000000e+04 1.136221780325184219e+14
1.420785000000000053e+01 1.448325999999999958e+01 5.959000000000000000e+03 2.119103876489343750e+14
1.448325999999999958e+01 1.475866000000000078e+01 1.655000000000000000e+03 3.907263444108761250e+14
1.475866000000000078e+01 1.503406999999999982e+01 3.070000000000000000e+02 7.180771986970683750e+14
1.503406999999999982e+01 1.530946999999999925e+01 3.200000000000000000e+01 1.246825000000000000e+15
1.530946999999999925e+01 1.558487000000000045e+01 3.000000000000000000e+00 2.499266666666666500e+15
