# M_low [Msun/h] M_high[Msun/h] Number M_mean[Msun/h]
1.289939999999999998e+01 1.303242000000000012e+01 3.032900000000000000e+04 9.134491740578324219e+12
1.303242000000000012e+01 1.316544000000000025e+01 1.673700000000000000e+04 1.242330166696540625e+13
1.316544000000000025e+01 1.329846000000000039e+01 8.774000000000000000e+03 1.683716662867563281e+13
1.329846000000000039e+01 1.343148000000000053e+01 4.279000000000000000e+03 2.288806964243982422e+13
1.343148000000000053e+01 1.356450000000000067e+01 1.916000000000000000e+03 3.104013048016701562e+13
1.356450000000000067e+01 1.369752000000000081e+01 8.610000000000000000e+02 4.177756097560975781e+13
1.369752000000000081e+01 1.383053999999999917e+01 3.050000000000000000e+02 5.660655737704917969e+13
1.383053999999999917e+01 1.396355999999999931e+01 1.100000000000000000e+02 7.765983636363635938e+13
1.396355999999999931e+01 1.409657999999999944e+01 2.300000000000000000e+01 1.022737826086956562e+14
1.409657999999999944e+01 1.422960999999999920e+01 1.100000000000000000e+01 1.431227272727272812e+14
