# M_low [Msun/h] M_high[Msun/h] Number M_mean[Msun/h]
1.289939999999999998e+01 1.310969000000000051e+01 2.172990000000000000e+05 9.967882963106134766e+12
1.310969000000000051e+01 1.331999000000000066e+01 1.219640000000000000e+05 1.616732806401889062e+13
1.331999000000000066e+01 1.353027999999999942e+01 6.556000000000000000e+04 2.616978340451494922e+13
1.353027999999999942e+01 1.374057999999999957e+01 3.304700000000000000e+04 4.231663993705933594e+13
1.374057999999999957e+01 1.395087000000000010e+01 1.501300000000000000e+04 6.859335242789582031e+13
1.395087000000000010e+01 1.416116000000000064e+01 6.076000000000000000e+03 1.106254114549045469e+14
1.416116000000000064e+01 1.437146000000000079e+01 2.102000000000000000e+03 1.785325404376784062e+14
1.437146000000000079e+01 1.458174999999999955e+01 6.260000000000000000e+02 2.870214057507987500e+14
1.458174999999999955e+01 1.479204000000000008e+01 1.200000000000000000e+02 4.558497500000000000e+14
1.479204000000000008e+01 1.500234000000000023e+01 1.000000000000000000e+01 7.550970000000000000e+14
