# M_low [Msun/h] M_high[Msun/h] Number M_mean[Msun/h]
1.289939999999999998e+01 1.314359999999999928e+01 3.160250000000000000e+05 1.035361759354481445e+13
1.314359999999999928e+01 1.338780999999999999e+01 1.774790000000000000e+05 1.814370714281689844e+13
1.338780999999999999e+01 1.363202000000000069e+01 9.605400000000000000e+04 3.179072188560601172e+13
1.363202000000000069e+01 1.387622000000000000e+01 4.895300000000000000e+04 5.560306824913692969e+13
1.387622000000000000e+01 1.412043000000000070e+01 2.251100000000000000e+04 9.726164986006840625e+13
1.412043000000000070e+01 1.436463000000000001e+01 9.376000000000000000e+03 1.694208617747440312e+14
1.436463000000000001e+01 1.460884000000000071e+01 3.205000000000000000e+03 2.947149141965678750e+14
1.460884000000000071e+01 1.485304000000000002e+01 8.880000000000000000e+02 5.042966216216216250e+14
1.485304000000000002e+01 1.509725000000000072e+01 1.540000000000000000e+02 8.765837662337662500e+14
1.509725000000000072e+01 1.534145000000000003e+01 9.000000000000000000e+00 1.468544444444444500e+15
