# M_low [Msun/h] M_high[Msun/h] Number M_mean[Msun/h]
1.289939999999999998e+01 1.308938999999999986e+01 1.555660000000000000e+05 9.734871372922103516e+12
1.308938999999999986e+01 1.327937000000000012e+01 8.666900000000000000e+04 1.506051760144919141e+13
1.327937000000000012e+01 1.346936000000000000e+01 4.665500000000000000e+04 2.332551709355910547e+13
1.346936000000000000e+01 1.365934999999999988e+01 2.309900000000000000e+04 3.593158145374258594e+13
1.365934999999999988e+01 1.384933999999999976e+01 1.045800000000000000e+04 5.556353031172308594e+13
1.384933999999999976e+01 1.403932000000000002e+01 4.207000000000000000e+03 8.551896838602329688e+13
1.403932000000000002e+01 1.422930999999999990e+01 1.520000000000000000e+03 1.317898684210526250e+14
1.422930999999999990e+01 1.441929999999999978e+01 4.410000000000000000e+02 2.018192290249433125e+14
1.441929999999999978e+01 1.460928000000000004e+01 7.000000000000000000e+01 3.059742857142856875e+14
1.460928000000000004e+01 1.479926999999999992e+01 1.600000000000000000e+01 4.653100000000000000e+14
