# M_low [Msun/h] M_high[Msun/h] Number M_mean[Msun/h]
1.289939999999999998e+01 1.298649999999999949e+01 2.517000000000000000e+03 8.691513706793801758e+12
1.298649999999999949e+01 1.307360000000000078e+01 1.345000000000000000e+03 1.061842379182156055e+13
1.307360000000000078e+01 1.316070000000000029e+01 8.010000000000000000e+02 1.301684144818976367e+13
1.316070000000000029e+01 1.324779000000000018e+01 4.580000000000000000e+02 1.585405895196506641e+13
1.324779000000000018e+01 1.333488999999999969e+01 2.140000000000000000e+02 1.940923364485981250e+13
1.333488999999999969e+01 1.342198999999999920e+01 1.040000000000000000e+02 2.369305769230769141e+13
1.342198999999999920e+01 1.350909000000000049e+01 5.100000000000000000e+01 2.869613725490196094e+13
1.350909000000000049e+01 1.359619000000000000e+01 1.400000000000000000e+01 3.578014285714285938e+13
1.359619000000000000e+01 1.368328999999999951e+01 6.000000000000000000e+00 4.217316666666666406e+13
1.368328999999999951e+01 1.377039000000000080e+01 3.000000000000000000e+00 5.327866666666666406e+13
