# M_low [Msun/h] M_high[Msun/h] Number M_mean[Msun/h]
1.289939999999999998e+01 1.315253000000000050e+01 3.580360000000000000e+05 1.047465897284072070e+13
1.315253000000000050e+01 1.340565999999999924e+01 2.034260000000000000e+05 1.877330823001976172e+13
1.340565999999999924e+01 1.365878999999999976e+01 1.133690000000000000e+05 3.351907487937619531e+13
1.365878999999999976e+01 1.391192000000000029e+01 5.982100000000000000e+04 5.991442804366359375e+13
1.391192000000000029e+01 1.416505000000000081e+01 2.939000000000000000e+04 1.069308608370193906e+14
1.416505000000000081e+01 1.441817999999999955e+01 1.308200000000000000e+04 1.903710441828466562e+14
1.441817999999999955e+01 1.467131000000000007e+01 4.945000000000000000e+03 3.385961577350859375e+14
1.467131000000000007e+01 1.492444000000000059e+01 1.575000000000000000e+03 5.971686349206348750e+14
1.492444000000000059e+01 1.517756999999999934e+01 2.920000000000000000e+02 1.039211643835616500e+15
1.517756999999999934e+01 1.543069999999999986e+01 4.700000000000000000e+01 1.748789361702127750e+15
