# M_low [Msun/h] M_high[Msun/h] Number M_mean[Msun/h]
1.289939999999999998e+01 1.310312000000000054e+01 1.878530000000000000e+05 9.882317556813039062e+12
1.310312000000000054e+01 1.330685000000000073e+01 1.046790000000000000e+05 1.579623420170234766e+13
1.330685000000000073e+01 1.351056999999999952e+01 5.472100000000000000e+04 2.522695126185559375e+13
1.351056999999999952e+01 1.371429999999999971e+01 2.704800000000000000e+04 4.009956373853889062e+13
1.371429999999999971e+01 1.391802000000000028e+01 1.192500000000000000e+04 6.387040670859539062e+13
1.391802000000000028e+01 1.412175000000000047e+01 4.725000000000000000e+03 1.016033015873015938e+14
1.412175000000000047e+01 1.432546999999999926e+01 1.585000000000000000e+03 1.614578548895899062e+14
1.432546999999999926e+01 1.452919999999999945e+01 4.490000000000000000e+02 2.543033407572383125e+14
1.452919999999999945e+01 1.473292000000000002e+01 7.400000000000000000e+01 4.034851351351351250e+14
1.473292000000000002e+01 1.493664000000000058e+01 6.000000000000000000e+00 6.653833333333333750e+14
