# M_low [Msun/h] M_high[Msun/h] Number M_mean[Msun/h]
1.289939999999999998e+01 1.313369999999999926e+01 2.857720000000000000e+05 1.024339333454642188e+13
1.313369999999999926e+01 1.336800999999999995e+01 1.590820000000000000e+05 1.757164858374926172e+13
1.336800999999999995e+01 1.360230999999999923e+01 8.561700000000000000e+04 3.006796547414648828e+13
1.360230999999999923e+01 1.383661999999999992e+01 4.309000000000000000e+04 5.128906938964957031e+13
1.383661999999999992e+01 1.407091999999999921e+01 1.962600000000000000e+04 8.760598186079690625e+13
1.407091999999999921e+01 1.430522000000000027e+01 8.068000000000000000e+03 1.493432077342588125e+14
1.430522000000000027e+01 1.453952999999999918e+01 2.661000000000000000e+03 2.537972942502818438e+14
1.453952999999999918e+01 1.477383000000000024e+01 7.530000000000000000e+02 4.250965471447543125e+14
1.477383000000000024e+01 1.500813999999999915e+01 1.300000000000000000e+02 7.249543846153846250e+14
1.500813999999999915e+01 1.524244000000000021e+01 8.000000000000000000e+00 1.179612500000000000e+15
