# M_low [Msun/h] M_high[Msun/h] Number M_mean[Msun/h]
1.289939999999999998e+01 1.314568000000000048e+01 3.384140000000000000e+05 1.039123676916439648e+13
1.314568000000000048e+01 1.339195999999999920e+01 1.937720000000000000e+05 1.832477344507978516e+13
1.339195999999999920e+01 1.363823999999999970e+01 1.069040000000000000e+05 3.226092569033899609e+13
1.363823999999999970e+01 1.388452999999999982e+01 5.642300000000000000e+04 5.667640855679421875e+13
1.388452999999999982e+01 1.413081000000000031e+01 2.754200000000000000e+04 9.935309708808365625e+13
1.413081000000000031e+01 1.437709000000000081e+01 1.230400000000000000e+04 1.742795838751625625e+14
1.437709000000000081e+01 1.462336999999999954e+01 4.564000000000000000e+03 3.053343558282208750e+14
1.462336999999999954e+01 1.486965000000000003e+01 1.418000000000000000e+03 5.303360366713681250e+14
1.486965000000000003e+01 1.511594000000000015e+01 2.710000000000000000e+02 9.129738007380073750e+14
1.511594000000000015e+01 1.536222000000000065e+01 4.200000000000000000e+01 1.511759523809523750e+15
