# M_low [Msun/h] M_high[Msun/h] Number M_mean[Msun/h]
1.280657000000000068e+01 1.304493000000000080e+01 2.879680000000000000e+05 8.313045199466607422e+12
1.304493000000000080e+01 1.328330000000000055e+01 1.616440000000000000e+05 1.439202816064932812e+13
1.328330000000000055e+01 1.352167000000000030e+01 8.730000000000000000e+04 2.483936998854524609e+13
1.352167000000000030e+01 1.376004000000000005e+01 4.429700000000000000e+04 4.278851840982459375e+13
1.376004000000000005e+01 1.399840999999999980e+01 2.069900000000000000e+04 7.399449248755978125e+13
1.399840999999999980e+01 1.423677999999999955e+01 8.740000000000000000e+03 1.274489702517162500e+14
1.423677999999999955e+01 1.447513999999999967e+01 3.120000000000000000e+03 2.171581089743589688e+14
1.447513999999999967e+01 1.471350999999999942e+01 7.740000000000000000e+02 3.698821705426356875e+14
1.471350999999999942e+01 1.495187999999999917e+01 1.520000000000000000e+02 6.281576973684210000e+14
1.495187999999999917e+01 1.519025000000000070e+01 2.200000000000000000e+01 1.060849545454545500e+15
