# M_low [Msun/h] M_high[Msun/h] Number M_mean[Msun/h]
1.280657000000000068e+01 1.302149000000000001e+01 2.304500000000000000e+05 8.099687567802125977e+12
1.302149000000000001e+01 1.323642000000000074e+01 1.295990000000000000e+05 1.328195433606740820e+13
1.323642000000000074e+01 1.345134000000000007e+01 7.061100000000000000e+04 2.176458342184645312e+13
1.345134000000000007e+01 1.366627000000000081e+01 3.578200000000000000e+04 3.553839919512603906e+13
1.366627000000000081e+01 1.388119000000000014e+01 1.685000000000000000e+04 5.804910979228486719e+13
1.388119000000000014e+01 1.409612000000000087e+01 7.202000000000000000e+03 9.483873923910025000e+13
1.409612000000000087e+01 1.431104000000000021e+01 2.670000000000000000e+03 1.538110112359550625e+14
1.431104000000000021e+01 1.452596999999999916e+01 6.500000000000000000e+02 2.508004615384615312e+14
1.452596999999999916e+01 1.474089000000000027e+01 1.660000000000000000e+02 4.108216265060241250e+14
1.474089000000000027e+01 1.495581999999999923e+01 2.200000000000000000e+01 6.615322727272727500e+14
