# M_low [Msun/h] M_high[Msun/h] Number M_mean[Msun/h]
1.280657000000000068e+01 1.308840000000000003e+01 3.843700000000000000e+05 8.734906470328069336e+12
1.308840000000000003e+01 1.337022999999999939e+01 2.155330000000000000e+05 1.671802925770067773e+13
1.337022999999999939e+01 1.365206000000000053e+01 1.184540000000000000e+05 3.191257365728468359e+13
1.365206000000000053e+01 1.393388999999999989e+01 6.182900000000000000e+04 6.091436057513464844e+13
1.393388999999999989e+01 1.421571999999999925e+01 3.047100000000000000e+04 1.158461816153063594e+14
1.421571999999999925e+01 1.449755000000000038e+01 1.373300000000000000e+04 2.204874390155100938e+14
1.449755000000000038e+01 1.477938999999999936e+01 5.390000000000000000e+03 4.182918367346938750e+14
1.477938999999999936e+01 1.506122000000000050e+01 1.588000000000000000e+03 7.822147355163727500e+14
1.506122000000000050e+01 1.534304999999999986e+01 3.250000000000000000e+02 1.487772615384615500e+15
1.534304999999999986e+01 1.562487999999999921e+01 4.000000000000000000e+01 2.695745000000000000e+15
