# M_low [Msun/h] M_high[Msun/h] Number M_mean[Msun/h]
1.280657000000000068e+01 1.306678999999999924e+01 3.495470000000000000e+05 8.533027032130157227e+12
1.306678999999999924e+01 1.332701999999999920e+01 1.993120000000000000e+05 1.553431805410612500e+13
1.332701999999999920e+01 1.358723999999999954e+01 1.112420000000000000e+05 2.819355099692562109e+13
1.358723999999999954e+01 1.384746999999999950e+01 5.905400000000000000e+04 5.131483049412402344e+13
1.384746999999999950e+01 1.410768999999999984e+01 2.896600000000000000e+04 9.305326935027273438e+13
1.410768999999999984e+01 1.436791999999999980e+01 1.331300000000000000e+04 1.688659956433561250e+14
1.436791999999999980e+01 1.462814000000000014e+01 5.235000000000000000e+03 3.032254059216810000e+14
1.462814000000000014e+01 1.488837000000000010e+01 1.630000000000000000e+03 5.480044785276073750e+14
1.488837000000000010e+01 1.514859000000000044e+01 3.640000000000000000e+02 9.769662087912087500e+14
1.514859000000000044e+01 1.540882000000000041e+01 5.300000000000000000e+01 1.727139622641509500e+15
