# M_low [Msun/h] M_high[Msun/h] Number M_mean[Msun/h]
1.280657000000000068e+01 1.303839999999999932e+01 2.640270000000000000e+05 8.250561495604616211e+12
1.303839999999999932e+01 1.327022999999999975e+01 1.462440000000000000e+05 1.406400262574874805e+13
1.327022999999999975e+01 1.350206999999999979e+01 7.798900000000000000e+04 2.391891164138532422e+13
1.350206999999999979e+01 1.373390000000000022e+01 3.853600000000000000e+04 4.061617708117085156e+13
1.373390000000000022e+01 1.396573000000000064e+01 1.774300000000000000e+04 6.900636870878656250e+13
1.396573000000000064e+01 1.419755999999999929e+01 7.214000000000000000e+03 1.170476157471582969e+14
1.419755999999999929e+01 1.442939999999999934e+01 2.482000000000000000e+03 1.961718775181305312e+14
1.442939999999999934e+01 1.466122999999999976e+01 5.610000000000000000e+02 3.300541889483066250e+14
1.466122999999999976e+01 1.489306000000000019e+01 1.250000000000000000e+02 5.642734400000000000e+14
1.489306000000000019e+01 1.512490000000000023e+01 1.000000000000000000e+01 9.780790000000000000e+14
