# M_low [Msun/h] M_high[Msun/h] Number M_mean[Msun/h]
1.280657000000000068e+01 1.307972000000000001e+01 3.718440000000000000e+05 8.654968212476199219e+12
1.307972000000000001e+01 1.335286999999999935e+01 2.090470000000000000e+05 1.623616698637148633e+13
1.335286999999999935e+01 1.362602000000000046e+01 1.160840000000000000e+05 3.037099858722993750e+13
1.362602000000000046e+01 1.389916999999999980e+01 6.085200000000000000e+04 5.685901860251100781e+13
1.389916999999999980e+01 1.417231999999999914e+01 3.000900000000000000e+04 1.060391549201906094e+14
1.417231999999999914e+01 1.444547999999999988e+01 1.370900000000000000e+04 1.976866292216791875e+14
1.444547999999999988e+01 1.471862999999999921e+01 5.334000000000000000e+03 3.674739407574053125e+14
1.471862999999999921e+01 1.499178000000000033e+01 1.653000000000000000e+03 6.806787658802177500e+14
1.499178000000000033e+01 1.526492999999999967e+01 3.380000000000000000e+02 1.266224556213017750e+15
1.526492999999999967e+01 1.553808000000000078e+01 4.100000000000000000e+01 2.311680487804878000e+15
