# M_low [Msun/h] M_high[Msun/h] Number M_mean[Msun/h]
1.280657000000000068e+01 1.292549999999999955e+01 1.373700000000000000e+04 7.267698915338137695e+12
1.292549999999999955e+01 1.304443999999999981e+01 7.390000000000000000e+03 9.559021650879566406e+12
1.304443999999999981e+01 1.316337000000000046e+01 3.858000000000000000e+03 1.253765422498703906e+13
1.316337000000000046e+01 1.328231000000000073e+01 1.900000000000000000e+03 1.651681052631578906e+13
1.328231000000000073e+01 1.340123999999999960e+01 8.620000000000000000e+02 2.171803944315545312e+13
1.340123999999999960e+01 1.352017999999999986e+01 4.000000000000000000e+02 2.815865000000000000e+13
1.352017999999999986e+01 1.363911000000000051e+01 1.410000000000000000e+02 3.722036879432624219e+13
1.363911000000000051e+01 1.375805000000000078e+01 4.300000000000000000e+01 4.932946511627907031e+13
1.375805000000000078e+01 1.387697999999999965e+01 1.300000000000000000e+01 6.359915384615384375e+13
