2.006771826517083682e+06 1.212780741740403697e+06 7.875184409374308307e+05 5.597639033551192842e+05 3.607075088100713911e+05 2.073803822748722741e+05 1.287891734483244945e+05 6.832155795971953194e+04 2.657716096368912986e+04 8.319013239072670331e+03 3.004696336181313200e+03 4.465237801631023444e+02
1.212780741740403697e+06 1.060385160657366039e+06 5.779084279855857603e+05 3.943632191359569551e+05 2.587150680335984507e+05 1.508609438229766383e+05 9.373975473439940833e+04 4.913794515186634089e+04 1.880994365064468730e+04 6.112425611115137144e+03 2.264393288935153123e+03 1.577719448071935346e+02
7.875184409374308307e+05 5.779084279855857603e+05 4.829976149908800144e+05 2.563091282279381994e+05 1.732909716491786821e+05 1.028190885911235237e+05 5.965767349237466988e+04 3.197321088691234763e+04 1.294276611992291691e+04 3.991578831270342562e+03 1.246161894294359172e+03 2.941792655512654164e+02
5.597639033551192842e+05 3.943632191359569551e+05 2.563091282279381994e+05 2.400294180245825264e+05 1.215906716043471533e+05 7.019982527640071930e+04 3.988252961653789680e+04 2.284389682943909429e+04 9.169188414565946005e+03 3.149391860478355284e+03 1.087784069454363816e+03 1.070427273179843155e+02
3.607075088100713911e+05 2.587150680335984507e+05 1.732909716491786821e+05 1.215906716043471533e+05 1.132011272628357547e+05 4.673858179158119310e+04 2.684981874303503355e+04 1.492110364160687823e+04 5.795256237529498321e+03 2.050788224616111165e+03 6.225584001286690636e+02 1.421171027990807545e+02
2.073803822748722741e+05 1.508609438229766383e+05 1.028190885911235237e+05 7.019982527640071930e+04 4.673858179158119310e+04 4.638250472386101319e+04 1.601757003075200009e+04 9.157737478027314864e+03 3.609711666238833459e+03 1.072340991341134213e+03 4.225552445034940092e+02 7.880754133141115858e+01
1.287891734483244945e+05 9.373975473439940833e+04 5.965767349237466988e+04 3.988252961653789680e+04 2.684981874303503355e+04 1.601757003075200009e+04 1.835505911818750246e+04 5.697860532090737252e+03 1.898455474664994199e+03 5.909428349309201849e+02 2.544107903998624352e+02 4.335669670382863927e+01
6.832155795971953194e+04 4.913794515186634089e+04 3.197321088691234763e+04 2.284389682943909429e+04 1.492110364160687823e+04 9.157737478027314864e+03 5.697860532090737252e+03 6.728256586027427147e+03 1.104560475794733748e+03 3.147909513214192430e+02 1.054741058742919506e+02 2.810969627107814972e+01
2.657716096368912986e+04 1.880994365064468730e+04 1.294276611992291691e+04 9.169188414565946005e+03 5.795256237529498321e+03 3.609711666238833459e+03 1.898455474664994199e+03 1.104560475794733748e+03 1.893357454972886444e+03 1.774346146039502514e+02 9.392120894144620991e+01 1.392935842004261815e+01
8.319013239072670331e+03 6.112425611115137144e+03 3.991578831270342562e+03 3.149391860478355284e+03 2.050788224616111165e+03 1.072340991341134213e+03 5.909428349309201849e+02 3.147909513214192430e+02 1.774346146039502514e+02 4.730942666426536221e+02 2.504892367906033002e+01 7.999969362862409561e+00
3.004696336181313200e+03 2.264393288935153123e+03 1.246161894294359172e+03 1.087784069454363816e+03 6.225584001286690636e+02 4.225552445034940092e+02 2.544107903998624352e+02 1.054741058742919506e+02 9.392120894144620991e+01 2.504892367906033002e+01 1.099584024264612907e+02 2.227442450051891676e+00
4.465237801631023444e+02 1.577719448071935346e+02 2.941792655512654164e+02 1.070427273179843155e+02 1.421171027990807545e+02 7.880754133141115858e+01 4.335669670382863927e+01 2.810969627107814972e+01 1.392935842004261815e+01 7.999969362862409561e+00 2.227442450051891676e+00 1.556072472148926877e+01
