1.407879301886580186e+06 7.602284338131315308e+05 4.674164472027926240e+05 2.749167541720402078e+05 1.413718136194098042e+05 6.609016045259482053e+04 3.038059393863836158e+04 9.829469394385170744e+03 1.442498110911751155e+03 1.455672287916688106e+02 5.965729108085191967e+01
7.602284338131315308e+05 6.038696023281575181e+05 2.929076911055658129e+05 1.767663007354284637e+05 9.286825043138506589e+04 4.601847471801700158e+04 1.947182842973305378e+04 6.773252055380421552e+03 1.234876849291591498e+03 1.578923548931051357e+02 3.406621705906235320e+01
4.674164472027926240e+05 2.929076911055658129e+05 2.381929883898303960e+05 1.074124060309436027e+05 5.793732302688356867e+04 2.584405393780434315e+04 1.183745097999565769e+04 3.865937778214029095e+03 6.626309751097104481e+02 1.343359480202450698e+02 2.372644297472755781e+01
2.749167541720402078e+05 1.767663007354284637e+05 1.074124060309436027e+05 9.527414657929542591e+04 3.333035779328615172e+04 1.543744913518825342e+04 7.443698761701419244e+03 2.472809173387707233e+03 3.966321049986837579e+02 1.022949804597448775e+02 3.548114445940444561e+00
1.413718136194098042e+05 9.286825043138506589e+04 5.793732302688356867e+04 3.333035779328615172e+04 3.167176938067777883e+04 7.745309564528702140e+03 4.502442682811994928e+03 1.374674313509961621e+03 2.568204984841065652e+02 4.234925498078286665e+01 1.751490229966654155e+01
6.609016045259482053e+04 4.601847471801700158e+04 2.584405393780434315e+04 1.543744913518825342e+04 7.745309564528702140e+03 1.006162912952792067e+04 1.856841862490931589e+03 5.786746796298837126e+02 9.957646924633441188e+01 1.613253828473323637e+01 1.446943316289307013e+01
3.038059393863836158e+04 1.947182842973305378e+04 1.183745097999565769e+04 7.443698761701419244e+03 4.502442682811994928e+03 1.856841862490931589e+03 2.822099972745249488e+03 3.476363011448367502e+02 7.732000830173413419e+01 2.513577063393841016e+00 1.402003930817694588e+00
9.829469394385170744e+03 6.773252055380421552e+03 3.865937778214029095e+03 2.472809173387707233e+03 1.374674313509961621e+03 5.786746796298837126e+02 3.476363011448367502e+02 6.564565267354645357e+02 3.097821882822355022e+01 -2.751556367503053546e-01 1.992446569141173462e+00
1.442498110911751155e+03 1.234876849291591498e+03 6.626309751097104481e+02 3.966321049986837579e+02 2.568204984841065652e+02 9.957646924633441188e+01 7.732000830173413419e+01 3.097821882822355022e+01 1.213616774441038189e+02 8.879341393601054566e-01 -2.238955805240743779e-01
1.455672287916688106e+02 1.578923548931051357e+02 1.343359480202450698e+02 1.022949804597448775e+02 4.234925498078286665e+01 1.613253828473323637e+01 2.513577063393841016e+00 -2.751556367503053546e-01 8.879341393601054566e-01 1.369113979724740204e+01 -2.748581459900680674e-02
5.965729108085191967e+01 3.406621705906235320e+01 2.372644297472755781e+01 3.548114445940444561e+00 1.751490229966654155e+01 1.446943316289307013e+01 1.402003930817694588e+00 1.992446569141173462e+00 -2.238955805240743779e-01 -2.748581459900680674e-02 1.002997447194036384e+00
