1.157327957721875515e+06 6.128146040375725133e+05 3.822692939545342815e+05 2.024177291952600935e+05 9.669209598586679203e+04 4.297630511857695819e+04 1.777694495920540430e+04 3.577369109073480104e+03 3.907261744866709705e+02 1.322880211087041573e+02
6.128146040375725133e+05 4.764878506890278659e+05 2.346876086488532310e+05 1.240386807794014894e+05 6.461458237785826350e+04 2.761585350169595040e+04 1.180208949591854434e+04 2.875768933340161311e+03 2.700698904170276364e+02 2.534185973306494333e+01
3.822692939545342815e+05 2.346876086488532310e+05 1.978045018194516306e+05 7.714447071610070998e+04 3.935244846056307870e+04 1.677047459075594452e+04 7.383407541777241931e+03 1.679349139333774474e+03 1.241370311796741817e+02 6.943626155589852544e+01
2.024177291952600935e+05 1.240386807794014894e+05 7.714447071610070998e+04 6.494477097194050293e+04 2.045472098077394185e+04 9.030145471129786529e+03 4.135408959882759518e+03 8.208174594239687849e+02 1.265856082234837459e+02 3.361297414254460847e+01
9.669209598586679203e+04 6.461458237785826350e+04 3.935244846056307870e+04 2.045472098077394185e+04 2.070513114152472554e+04 4.816225753867423919e+03 2.352875239255057295e+03 5.901490235325574076e+02 7.270298103087802133e+01 2.545397098518471779e+01
4.297630511857695819e+04 2.761585350169595040e+04 1.677047459075594452e+04 9.030145471129786529e+03 4.816225753867423919e+03 5.682655404420246668e+03 1.002684622534936238e+03 2.410424309892698034e+02 2.231923675332271984e+01 6.304295939726976883e+00
1.777694495920540430e+04 1.180208949591854434e+04 7.383407541777241931e+03 4.135408959882759518e+03 2.352875239255057295e+03 1.002684622534936238e+03 1.529551643350769837e+03 1.396124316671520660e+02 1.365467253172950102e+01 3.615012613441947131e+00
3.577369109073480104e+03 2.875768933340161311e+03 1.679349139333774474e+03 8.208174594239687849e+02 5.901490235325574076e+02 2.410424309892698034e+02 1.396124316671520660e+02 3.095658865855395447e+02 3.546934054578463336e+00 -6.800411149211438300e-01
3.907261744866709705e+02 2.700698904170276364e+02 1.241370311796741817e+02 1.265856082234837459e+02 7.270298103087802133e+01 2.231923675332271984e+01 1.365467253172950102e+01 3.546934054578463336e+00 4.080548551972137261e+01 -4.125430881538897920e-01
1.322880211087041573e+02 2.534185973306494333e+01 6.943626155589852544e+01 3.361297414254460847e+01 2.545397098518471779e+01 6.304295939726976883e+00 3.615012613441947131e+00 -6.800411149211438300e-01 -4.125430881538897920e-01 4.978178619533315086e+00
