1.569471801601141691e+06 8.973786593135598814e+05 5.600238767156121321e+05 3.588815876514490810e+05 1.898491616496872739e+05 9.941807113770724391e+04 4.410412271523607342e+04 1.648976421908810880e+04 5.705609265439611590e+03 5.434861676139254314e+02 -4.066777953652788824e+01
8.973786593135598814e+05 7.225915526802501408e+05 3.808077032310714130e+05 2.353218102693247783e+05 1.286402131108188041e+05 6.761201007127882622e+04 2.905347738994909014e+04 1.125002266754031007e+04 3.671213278428195281e+03 3.875616368339068458e+02 6.149625614394024353e+01
5.600238767156121321e+05 3.808077032310714130e+05 3.096607075355583220e+05 1.508921518838376796e+05 8.166054070164228324e+04 4.302966542167207081e+04 1.810070624664460047e+04 6.949116805238372763e+03 2.398756303936650056e+03 3.216331718293851623e+02 4.118193403279316556e+01
3.588815876514490810e+05 2.353218102693247783e+05 1.508921518838376796e+05 1.338731251197739330e+05 5.241418087038874364e+04 2.492386610181181459e+04 1.293324301342336184e+04 5.061521398412733106e+03 1.516865411536135753e+03 9.284190141348055647e+01 7.019947232073908694e+00
1.898491616496872739e+05 1.286402131108188041e+05 8.166054070164228324e+04 5.241418087038874364e+04 4.724312516132165911e+04 1.445872007884211052e+04 7.011472731849004049e+03 2.735158987066557074e+03 8.526310125439059675e+02 6.789815813197689920e+01 5.502407457304583360e+00
9.941807113770724391e+04 6.761201007127882622e+04 4.302966542167207081e+04 2.492386610181181459e+04 1.445872007884211052e+04 1.650544917065300979e+04 3.819114071041999978e+03 1.433636297523887606e+03 5.441648113191599805e+02 4.157149255451579251e+01 2.680627182863679892e+01
4.410412271523607342e+04 2.905347738994909014e+04 1.810070624664460047e+04 1.293324301342336184e+04 7.011472731849004049e+03 3.819114071041999978e+03 4.617414270090291211e+03 5.247249098062621897e+02 2.385725111448185771e+02 3.919598158870939386e+01 -3.364697122617643643e+00
1.648976421908810880e+04 1.125002266754031007e+04 6.949116805238372763e+03 5.061521398412733106e+03 2.735158987066557074e+03 1.433636297523887606e+03 5.247249098062621897e+02 1.255278924590588304e+03 1.032583660200134261e+02 1.181007396567603962e+01 -5.476684467292961545e-01
5.705609265439611590e+03 3.671213278428195281e+03 2.398756303936650056e+03 1.516865411536135753e+03 8.526310125439059675e+02 5.441648113191599805e+02 2.385725111448185771e+02 1.032583660200134261e+02 2.959997688677265160e+02 7.609725917861351441e+00 -3.976265527890300300e-01
5.434861676139254314e+02 3.875616368339068458e+02 3.216331718293851623e+02 9.284190141348055647e+01 6.789815813197689920e+01 4.157149255451579251e+01 3.919598158870939386e+01 1.181007396567603962e+01 7.609725917861351441e+00 4.254311173435343818e+01 -2.596689150498432963e-01
-4.066777953652788824e+01 6.149625614394024353e+01 4.118193403279316556e+01 7.019947232073908694e+00 5.502407457304583360e+00 2.680627182863679892e+01 -3.364697122617643643e+00 -5.476684467292961545e-01 -3.976265527890300300e-01 -2.596689150498432963e-01 3.002459657380276425e+00
