1.997873364339868305e+06 1.144186641537131276e+06 7.620275619032284012e+05 5.057742207130341558e+05 3.330802457355763181e+05 1.756065651546123845e+05 1.007565530446252378e+05 4.919327154895494459e+04 1.646371638786885887e+04 5.348740546880517286e+03 8.135244394182906262e+02 5.658036552227162730e+01
1.144186641537131276e+06 9.238024217602615245e+05 5.134694334961017012e+05 3.369930272965751356e+05 2.250271058574906201e+05 1.191045502225557138e+05 6.837865936697264260e+04 3.305363766222810955e+04 1.092676993685986236e+04 3.469129968564869614e+03 7.094421801255072069e+02 3.913500601214187213e+01
7.620275619032284012e+05 5.134694334961017012e+05 4.403796524870648282e+05 2.243749696698375046e+05 1.496228713093262340e+05 7.976623085150259431e+04 4.241309256049513351e+04 2.071070737190446380e+04 7.158580994191358513e+03 2.863421563438103021e+03 3.750663353760681957e+02 3.493380128075646951e+01
5.057742207130341558e+05 3.369930272965751356e+05 2.243749696698375046e+05 2.011955447794032807e+05 1.028749645219236700e+05 5.206548476317638415e+04 2.860143209334307176e+04 1.503905977849196097e+04 5.749374822838522050e+03 1.892401236571522759e+03 2.776450777446414122e+02 1.928421601913907990e+00
3.330802457355763181e+05 2.250271058574906201e+05 1.496228713093262340e+05 1.028749645219236700e+05 9.860469704999314854e+04 3.554316230864555837e+04 2.011901807642561107e+04 9.624894231203403251e+03 3.490311522285295268e+03 1.154357537639965358e+03 2.008569497615318369e+02 2.059479505408401678e+01
1.756065651546123845e+05 1.191045502225557138e+05 7.976623085150259431e+04 5.206548476317638415e+04 3.554316230864555837e+04 3.236275074617861173e+04 1.088723004666370252e+04 5.455911452754346101e+03 1.909674833750386370e+03 6.060810079047048475e+02 8.161516203849178908e+01 9.582388491522142004e+00
1.007565530446252378e+05 6.837865936697264260e+04 4.241309256049513351e+04 2.860143209334307176e+04 2.011901807642561107e+04 1.088723004666370252e+04 1.277040510690073643e+04 3.327959400470152104e+03 9.451228495010815323e+02 2.991043245273980915e+02 8.590031945153222637e+01 7.231686247154936353e+00
4.919327154895494459e+04 3.305363766222810955e+04 2.071070737190446380e+04 1.503905977849196097e+04 9.624894231203403251e+03 5.455911452754346101e+03 3.327959400470152104e+03 3.757804734435123009e+03 6.162574572607765049e+02 1.561004222334794633e+02 3.633385430225682455e+01 2.071741451331139849e+00
1.646371638786885887e+04 1.092676993685986236e+04 7.158580994191358513e+03 5.749374822838522050e+03 3.490311522285295268e+03 1.909674833750386370e+03 9.451228495010815323e+02 6.162574572607765049e+02 9.743850170752147051e+02 1.413646561368519770e+02 1.792921805188930762e+01 1.355730378978086126e+00
5.348740546880517286e+03 3.469129968564869614e+03 2.863421563438103021e+03 1.892401236571522759e+03 1.154357537639965358e+03 6.060810079047048475e+02 2.991043245273980915e+02 1.561004222334794633e+02 1.413646561368519770e+02 2.528046317587915723e+02 1.131498592657685975e+01 1.557484671854828306e+00
8.135244394182906262e+02 7.094421801255072069e+02 3.750663353760681957e+02 2.776450777446414122e+02 2.008569497615318369e+02 8.161516203849178908e+01 8.590031945153222637e+01 3.633385430225682455e+01 1.792921805188930762e+01 1.131498592657685975e+01 4.059472083277316301e+01 -7.272400437797926775e-02
5.658036552227162730e+01 3.913500601214187213e+01 3.493380128075646951e+01 1.928421601913907990e+00 2.059479505408401678e+01 9.582388491522142004e+00 7.231686247154936353e+00 2.071741451331139849e+00 1.355730378978086126e+00 1.557484671854828306e+00 -7.272400437797926775e-02 1.004061741649883155e+00
