1.512224393930724356e+06 8.276760347440078622e+05 5.347295520421970868e+05 3.441203685565508204e+05 2.180259827038181538e+05 1.100433151981794508e+05 5.392676121393368521e+04 2.488947059897717918e+04 8.374818741274100830e+03 1.503663013230851675e+03 4.751842100009831711e+02 -4.815304828786018021e+01
8.276760347440078622e+05 7.073854787742326735e+05 3.560410020533541101e+05 2.359552022828901827e+05 1.486048218753295369e+05 7.067081046772495029e+04 3.266260586625189535e+04 1.548024451682863582e+04 4.266814596830170558e+03 9.540948299973794064e+02 3.362773188374716256e+02 -8.053315030049885692e+00
5.347295520421970868e+05 3.560410020533541101e+05 3.203062452913190937e+05 1.502615169015819556e+05 9.460286670440343732e+04 4.543279504566088144e+04 2.275494848774619823e+04 1.035271367456462758e+04 3.413096521922026113e+03 7.962451013262377728e+02 1.919749846461581058e+02 -3.728522461133258759e+01
3.441203685565508204e+05 2.359552022828901827e+05 1.502615169015819556e+05 1.428435696991710574e+05 6.397897958122265118e+04 2.879093366915622755e+04 1.398327293969525999e+04 6.824699036055858414e+03 2.073845489364896366e+03 6.425823120912401691e+02 8.899541150684522961e+01 -1.996677795997726435e+01
2.180259827038181538e+05 1.486048218753295369e+05 9.460286670440343732e+04 6.397897958122265118e+04 6.583691548742860323e+04 2.051190613426674463e+04 9.880305153018476631e+03 4.881940689570890754e+03 1.369299916484635105e+03 2.686803724666394828e+02 7.477974546376627529e+01 -1.002330781971405749e+01
1.100433151981794508e+05 7.067081046772495029e+04 4.543279504566088144e+04 2.879093366915622755e+04 2.051190613426674463e+04 2.190072413207105274e+04 5.406686453922580768e+03 2.366227594423427036e+03 7.259106821932374487e+02 1.510978471169161423e+02 3.996175594506189555e+01 5.410197564744105847e-01
5.392676121393368521e+04 3.266260586625189535e+04 2.275494848774619823e+04 1.398327293969525999e+04 9.880305153018476631e+03 5.406686453922580768e+03 6.452031962234212187e+03 9.616635763142988935e+02 3.204577607020664800e+02 1.281955005670517949e+02 3.097719634150591261e+01 -3.004670347267693220e+00
2.488947059897717918e+04 1.548024451682863582e+04 1.035271367456462758e+04 6.824699036055858414e+03 4.881940689570890754e+03 2.366227594423427036e+03 9.616635763142988935e+02 2.139029892598419337e+03 2.004702624173844185e+02 4.618440869442628127e+01 1.784914661789240187e+00 -1.173737196086781731e+00
8.374818741274100830e+03 4.266814596830170558e+03 3.413096521922026113e+03 2.073845489364896366e+03 1.369299916484635105e+03 7.259106821932374487e+02 3.204577607020664800e+02 2.004702624173844185e+02 5.018429001886745482e+02 8.452555084957559473e+00 2.277534087414414099e+00 1.176706247916696313e+00
1.503663013230851675e+03 9.540948299973794064e+02 7.962451013262377728e+02 6.425823120912401691e+02 2.686803724666394828e+02 1.510978471169161423e+02 1.281955005670517949e+02 4.618440869442628127e+01 8.452555084957559473e+00 9.746199465548320973e+01 7.790280146390367033e-01 -2.989075097100403755e-01
4.751842100009831711e+02 3.362773188374716256e+02 1.919749846461581058e+02 8.899541150684522961e+01 7.477974546376627529e+01 3.996175594506189555e+01 3.097719634150591261e+01 1.784914661789240187e+00 2.277534087414414099e+00 7.790280146390367033e-01 1.667269307074601770e+01 -5.896817993765595539e-02
-4.815304828786018021e+01 -8.053315030049885692e+00 -3.728522461133258759e+01 -1.996677795997726435e+01 -1.002330781971405749e+01 5.410197564744105847e-01 -3.004670347267693220e+00 -1.173737196086781731e+00 1.176706247916696313e+00 -2.989075097100403755e-01 -5.896817993765595539e-02 2.004158150053191090e+00
