1.870641926279678475e+06 1.151442888408181723e+06 7.577943881037125830e+05 5.566653191432624590e+05 4.008937156950454810e+05 2.702280592369363294e+05 1.760320827202781802e+05 1.013918862136758980e+05 6.618000145526963752e+04 4.211455636276482255e+04 1.528877674335041593e+04 5.244419131360806205e+03 1.316465546624024682e+03 2.953439669731704953e+02
1.151442888408181723e+06 1.003959431650548242e+06 5.513740276424287586e+05 3.933872464030114352e+05 2.906957239900376298e+05 1.936231349604357383e+05 1.315625294939957093e+05 7.180079561582744645e+04 4.886302659686789411e+04 3.019650984792832242e+04 1.098477165758461524e+04 3.938737857162196178e+03 1.103736949536913016e+03 2.233305172697682792e+02
7.577943881037125830e+05 5.513740276424287586e+05 4.716009998124282574e+05 2.540351839951732254e+05 1.838203058352364460e+05 1.281977855170744297e+05 8.288823746845842106e+04 4.369655814737496985e+04 3.120615304016458686e+04 1.863517373172030784e+04 6.697070430950357149e+03 2.448045526786528171e+03 5.968839886489588480e+02 2.074246958306839019e+02
5.566653191432624590e+05 3.933872464030114352e+05 2.540351839951732254e+05 2.673150547064235434e+05 1.317182877210107399e+05 9.347256752233734005e+04 6.144354508446030377e+04 3.543060941096081660e+04 2.221389139900646842e+04 1.398565624365743497e+04 5.490127994301360559e+03 1.833969447114503964e+03 6.297701372160620394e+02 9.940354088717208469e+01
4.008937156950454810e+05 2.906957239900376298e+05 1.838203058352364460e+05 1.317182877210107399e+05 1.489937176404723723e+05 6.790596151209698291e+04 4.345441985899065912e+04 2.464550953772255889e+04 1.546175059072222757e+04 9.924658070396706535e+03 3.596760735444400325e+03 1.376018259733953983e+03 2.835675414845910041e+02 4.398218450450049488e+01
2.702280592369363294e+05 1.936231349604357383e+05 1.281977855170744297e+05 9.347256752233734005e+04 6.790596151209698291e+04 7.861806558645820769e+04 3.201056956736620123e+04 1.561869704849501795e+04 1.126582548320593196e+04 6.787897534094056027e+03 2.461404299156477919e+03 1.131862332022368719e+03 2.699362211388768173e+02 9.693492289015813412e+01
1.760320827202781802e+05 1.315625294939957093e+05 8.288823746845842106e+04 6.144354508446030377e+04 4.345441985899065912e+04 3.201056956736620123e+04 4.052354480872790737e+04 1.261995559146860069e+04 7.978861600560676379e+03 5.052457121411366643e+03 1.744846259014017505e+03 7.036443641070497961e+02 2.155521156858220024e+02 5.394096989517533913e+00
1.013918862136758980e+05 7.180079561582744645e+04 4.369655814737496985e+04 3.543060941096081660e+04 2.464550953772255889e+04 1.561869704849501795e+04 1.261995559146860069e+04 1.616250280904173269e+04 4.013165023111866958e+03 2.800275550415396538e+03 8.707770573795171458e+02 2.489872817582574953e+02 1.022898043435770887e+02 -9.843099559208270399e-01
6.618000145526963752e+04 4.886302659686789411e+04 3.120615304016458686e+04 2.221389139900646842e+04 1.546175059072222757e+04 1.126582548320593196e+04 7.978861600560676379e+03 4.013165023111866958e+03 7.498275205747859218e+03 1.717167933640078445e+03 8.172654976045718058e+02 2.942027948728822366e+02 6.643111814060393527e+00 1.989600223651175526e+01
4.211455636276482255e+04 3.019650984792832242e+04 1.863517373172030784e+04 1.398565624365743497e+04 9.924658070396706535e+03 6.787897534094056027e+03 5.052457121411366643e+03 2.800275550415396538e+03 1.717167933640078445e+03 3.268550227672508299e+03 3.212830833215435860e+02 2.016541296946679154e+02 4.510570961355382735e+01 1.614699698607216050e+01
1.528877674335041593e+04 1.098477165758461524e+04 6.697070430950357149e+03 5.490127994301360559e+03 3.596760735444400325e+03 2.461404299156477919e+03 1.744846259014017505e+03 8.707770573795171458e+02 8.172654976045718058e+02 3.212830833215435860e+02 1.035178388563154385e+03 3.945867241623621879e+01 1.693326848472507606e+01 -6.896052021859622627e+00
5.244419131360806205e+03 3.938737857162196178e+03 2.448045526786528171e+03 1.833969447114503964e+03 1.376018259733953983e+03 1.131862332022368719e+03 7.036443641070497961e+02 2.489872817582574953e+02 2.942027948728822366e+02 2.016541296946679154e+02 3.945867241623621879e+01 2.431676962021438158e+02 8.501928224845956450e+00 5.294097372482488240e+00
1.316465546624024682e+03 1.103736949536913016e+03 5.968839886489588480e+02 6.297701372160620394e+02 2.835675414845910041e+02 2.699362211388768173e+02 2.155521156858220024e+02 1.022898043435770887e+02 6.643111814060393527e+00 4.510570961355382735e+01 1.693326848472507606e+01 8.501928224845956450e+00 6.095662930212429131e+01 -9.176435445636315080e-01
2.953439669731704953e+02 2.233305172697682792e+02 2.074246958306839019e+02 9.940354088717208469e+01 4.398218450450049488e+01 9.693492289015813412e+01 5.394096989517533913e+00 -9.843099559208270399e-01 1.989600223651175526e+01 1.614699698607216050e+01 -6.896052021859622627e+00 5.294097372482488240e+00 -9.176435445636315080e-01 8.876436594528971824e+00
