1.359661970972234150e+06 7.510410037595684407e+05 4.685843414502511150e+05 3.059897158919281210e+05 1.680620216109567555e+05 7.971603935826322413e+04 3.690183290431126079e+04 1.465404582508222302e+04 3.171379795845403351e+03 1.067562313112257698e+03 1.754141312431328856e+02
7.510410037595684407e+05 6.344591293030938832e+05 3.114285235511908541e+05 2.027285991620542773e+05 1.073792338197071076e+05 5.026099194587508100e+04 2.256206176403312929e+04 9.597579234828517656e+03 2.056337116988364869e+03 9.234909732063406409e+02 3.936270090843171943e+01
4.685843414502511150e+05 3.114285235511908541e+05 2.783080927159904386e+05 1.296958557577802421e+05 7.022115242695171037e+04 3.101397038069563132e+04 1.534127015712519278e+04 6.466589997780156409e+03 1.499768300592541436e+03 6.573491485862124364e+02 -1.059493888968835762e+01
3.059897158919281210e+05 2.027285991620542773e+05 1.296958557577802421e+05 1.277713224644553993e+05 4.532879971589194611e+04 2.123729589811902770e+04 1.026306614194608483e+04 3.966021321127018382e+03 1.010357492113233434e+03 3.710010225135789028e+02 -2.196892880545966165e+01
1.680620216109567555e+05 1.073792338197071076e+05 7.022115242695171037e+04 4.532879971589194611e+04 4.595777179044018703e+04 1.199037958970703221e+04 5.672744682487053069e+03 2.654174852152032145e+03 3.357468943425533325e+02 1.823142632048841847e+02 1.332529097615489633e+01
7.971603935826322413e+04 5.026099194587508100e+04 3.101397038069563132e+04 2.123729589811902770e+04 1.199037958970703221e+04 1.478255098177793661e+04 3.003674877900424690e+03 1.122680560985736292e+03 3.112413378074046477e+02 7.718795563614420985e+01 2.474784135367968929e+00
3.690183290431126079e+04 2.256206176403312929e+04 1.534127015712519278e+04 1.026306614194608483e+04 5.672744682487053069e+03 3.003674877900424690e+03 4.005210785324921289e+03 4.374280382049126388e+02 1.145075845894257185e+02 7.440328138515339162e+01 6.470451280992761234e+00
1.465404582508222302e+04 9.597579234828517656e+03 6.466589997780156409e+03 3.966021321127018382e+03 2.654174852152032145e+03 1.122680560985736292e+03 4.374280382049126388e+02 1.236372995567047155e+03 6.898579491667599939e+01 7.257364240891624796e+00 -4.156466709617608335e-01
3.171379795845403351e+03 2.056337116988364869e+03 1.499768300592541436e+03 1.010357492113233434e+03 3.357468943425533325e+02 3.112413378074046477e+02 1.145075845894257185e+02 6.898579491667599939e+01 2.630216251173168871e+02 6.987605082279142010e+00 2.877655681538092924e+00
1.067562313112257698e+03 9.234909732063406409e+02 6.573491485862124364e+02 3.710010225135789028e+02 1.823142632048841847e+02 7.718795563614420985e+01 7.440328138515339162e+01 7.257364240891624796e+00 6.987605082279142010e+00 4.552902617668485874e+01 4.839015347853863336e-01
1.754141312431328856e+02 3.936270090843171943e+01 -1.059493888968835762e+01 -2.196892880545966165e+01 1.332529097615489633e+01 2.474784135367968929e+00 6.470451280992761234e+00 -4.156466709617608335e-01 2.877655681538092924e+00 4.839015347853863336e-01 6.949571467041245398e+00
