# M_low [Msun/h] M_high[Msun/h] Number M_mean[Msun/h]
1.288690000000000069e+01 1.310298000000000052e+01 2.611570000000000000e+05 9.750383868707330078e+12
1.310298000000000052e+01 1.331905000000000072e+01 1.518260000000000000e+05 1.602770276500731055e+13
1.331905000000000072e+01 1.353513000000000055e+01 8.475900000000000000e+04 2.630170247407355078e+13
1.353513000000000055e+01 1.375121000000000038e+01 4.492200000000000000e+04 4.318449757357196875e+13
1.375121000000000038e+01 1.396728000000000058e+01 2.178500000000000000e+04 7.095469359651135938e+13
1.396728000000000058e+01 1.418336000000000041e+01 9.657000000000000000e+03 1.158665216941079062e+14
1.418336000000000041e+01 1.439944000000000024e+01 3.641000000000000000e+03 1.892590497116176875e+14
1.439944000000000024e+01 1.461551000000000045e+01 1.178000000000000000e+03 3.080827674023769375e+14
1.461551000000000045e+01 1.483159000000000027e+01 2.490000000000000000e+02 4.988678714859437500e+14
1.483159000000000027e+01 1.504766000000000048e+01 4.000000000000000000e+01 8.148142500000000000e+14
