# M_low [Msun/h] M_high[Msun/h] Number M_mean[Msun/h]
1.288690000000000069e+01 1.306830000000000069e+01 1.152370000000000000e+05 9.360162100714179688e+12
1.306830000000000069e+01 1.324970000000000070e+01 6.300100000000000000e+04 1.420770463960889453e+13
1.324970000000000070e+01 1.343110000000000070e+01 3.253800000000000000e+04 2.152636609502735156e+13
1.343110000000000070e+01 1.361250000000000071e+01 1.575500000000000000e+04 3.261256743890828125e+13
1.361250000000000071e+01 1.379388999999999932e+01 6.834000000000000000e+03 4.927491952004682812e+13
1.379388999999999932e+01 1.397528999999999932e+01 2.578000000000000000e+03 7.475128006206360938e+13
1.397528999999999932e+01 1.415668999999999933e+01 8.010000000000000000e+02 1.132392759051186094e+14
1.415668999999999933e+01 1.433808999999999934e+01 2.110000000000000000e+02 1.675553080568720312e+14
1.433808999999999934e+01 1.451948999999999934e+01 3.300000000000000000e+01 2.584375757575757500e+14
1.451948999999999934e+01 1.470088999999999935e+01 7.000000000000000000e+00 3.589957142857143125e+14
