# M_low [Msun/h] M_high[Msun/h] Number M_mean[Msun/h]
1.288690000000000069e+01 1.307877000000000045e+01 1.670320000000000000e+05 9.498796637770007812e+12
1.307877000000000045e+01 1.327063000000000059e+01 9.400800000000000000e+04 1.475653135903327344e+13
1.327063000000000059e+01 1.346249000000000073e+01 5.105300000000000000e+04 2.287996787652048047e+13
1.346249000000000073e+01 1.365436000000000050e+01 2.594900000000000000e+04 3.551922617441905469e+13
1.365436000000000050e+01 1.384622000000000064e+01 1.208900000000000000e+04 5.510769294399867969e+13
1.384622000000000064e+01 1.403808000000000078e+01 4.936000000000000000e+03 8.541339141004862500e+13
1.403808000000000078e+01 1.422995000000000054e+01 1.738000000000000000e+03 1.315949942462600625e+14
1.422995000000000054e+01 1.442181000000000068e+01 5.510000000000000000e+02 2.042426497277676875e+14
1.442181000000000068e+01 1.461367000000000083e+01 8.600000000000000000e+01 3.150745348837209375e+14
1.461367000000000083e+01 1.480552999999999919e+01 1.600000000000000000e+01 4.677450000000000000e+14
