# M_low [Msun/h] M_high[Msun/h] Number M_mean[Msun/h]
1.288690000000000069e+01 1.313086000000000020e+01 3.281950000000000000e+05 1.006426667072929297e+13
1.313086000000000020e+01 1.337481000000000009e+01 1.861190000000000000e+05 1.764464133162116797e+13
1.337481000000000009e+01 1.361876999999999960e+01 1.008960000000000000e+05 3.088317673644148438e+13
1.361876999999999960e+01 1.386271999999999949e+01 5.175700000000000000e+04 5.392491836852985938e+13
1.386271999999999949e+01 1.410668000000000077e+01 2.442900000000000000e+04 9.420009005689959375e+13
1.410668000000000077e+01 1.435064000000000028e+01 1.039400000000000000e+04 1.637760246295940000e+14
1.435064000000000028e+01 1.459459000000000017e+01 3.689000000000000000e+03 2.849807535917593125e+14
1.459459000000000017e+01 1.483854999999999968e+01 9.600000000000000000e+02 4.929229166666666875e+14
1.483854999999999968e+01 1.508249999999999957e+01 1.920000000000000000e+02 8.590270833333333750e+14
1.508249999999999957e+01 1.532646000000000086e+01 1.600000000000000000e+01 1.413200000000000000e+15
