# M_low [Msun/h] M_high[Msun/h] Number M_mean[Msun/h]
1.288690000000000069e+01 1.296327999999999925e+01 9.210000000000000000e+02 8.324870792616720703e+12
1.296327999999999925e+01 1.303965999999999958e+01 5.440000000000000000e+02 9.959378676470587891e+12
1.303965999999999958e+01 1.311603999999999992e+01 2.980000000000000000e+02 1.179404697986577148e+13
1.311603999999999992e+01 1.319242000000000026e+01 1.570000000000000000e+02 1.410612738853503125e+13
1.319242000000000026e+01 1.326880000000000059e+01 7.300000000000000000e+01 1.669954794520547852e+13
1.326880000000000059e+01 1.334517999999999915e+01 3.100000000000000000e+01 2.006890322580645312e+13
1.334517999999999915e+01 1.342155999999999949e+01 2.800000000000000000e+01 2.414460714285714453e+13
1.342155999999999949e+01 1.349794999999999945e+01 5.000000000000000000e+00 2.777740000000000000e+13
1.349794999999999945e+01 1.357432999999999979e+01 3.000000000000000000e+00 3.651966666666666406e+13
1.357432999999999979e+01 1.365071000000000012e+01 2.000000000000000000e+00 4.198550000000000000e+13
