# M_low [Msun/h] M_high[Msun/h] Number M_mean[Msun/h]
1.288690000000000069e+01 1.307250999999999941e+01 1.395490000000000000e+05 9.413675483163619141e+12
1.307250999999999941e+01 1.325811000000000028e+01 7.795500000000000000e+04 1.443210826759027734e+13
1.325811000000000028e+01 1.344370999999999938e+01 4.106100000000000000e+04 2.209686807432843750e+13
1.344370999999999938e+01 1.362931999999999988e+01 2.064400000000000000e+04 3.379478298779306250e+13
1.362931999999999988e+01 1.381492000000000075e+01 9.255000000000000000e+03 5.160985413290113281e+13
1.381492000000000075e+01 1.400051999999999985e+01 3.716000000000000000e+03 7.853476856835306250e+13
1.400051999999999985e+01 1.418613000000000035e+01 1.260000000000000000e+03 1.199772222222222188e+14
1.418613000000000035e+01 1.437172999999999945e+01 3.680000000000000000e+02 1.826803804347825938e+14
1.437172999999999945e+01 1.455733000000000033e+01 5.600000000000000000e+01 2.894783928571428750e+14
1.455733000000000033e+01 1.474294000000000082e+01 9.000000000000000000e+00 4.186844444444444375e+14
