# M_low [Msun/h] M_high[Msun/h] Number M_mean[Msun/h]
1.288690000000000069e+01 1.308482000000000056e+01 1.962520000000000000e+05 9.559764996025517578e+12
1.308482000000000056e+01 1.328274000000000044e+01 1.123240000000000000e+05 1.507692924041166602e+13
1.328274000000000044e+01 1.348066000000000031e+01 6.179900000000000000e+04 2.370818298030712500e+13
1.348066000000000031e+01 1.367858999999999980e+01 3.211900000000000000e+04 3.725570534574550781e+13
1.367858999999999980e+01 1.387650999999999968e+01 1.545400000000000000e+04 5.865606315517017969e+13
1.387650999999999968e+01 1.407442999999999955e+01 6.528000000000000000e+03 9.208541666666667188e+13
1.407442999999999955e+01 1.427234999999999943e+01 2.433000000000000000e+03 1.444766132346896875e+14
1.427234999999999943e+01 1.447026999999999930e+01 7.580000000000000000e+02 2.258579155672823125e+14
1.447026999999999930e+01 1.466818999999999917e+01 1.560000000000000000e+02 3.515699358974358750e+14
1.466818999999999917e+01 1.486611000000000082e+01 2.400000000000000000e+01 5.320454166666666875e+14
