# M_low [Msun/h] M_high[Msun/h] Number M_mean[Msun/h]
1.288690000000000069e+01 1.309190000000000076e+01 2.263930000000000000e+05 9.634034621211787109e+12
1.309190000000000076e+01 1.329688999999999943e+01 1.320500000000000000e+05 1.544988262021961328e+13
1.329688999999999943e+01 1.350187999999999988e+01 7.326400000000000000e+04 2.472818846909805469e+13
1.350187999999999988e+01 1.370687999999999995e+01 3.865000000000000000e+04 3.950996119016817969e+13
1.370687999999999995e+01 1.391187000000000040e+01 1.883300000000000000e+04 6.328789890086550000e+13
1.391187000000000040e+01 1.411687000000000047e+01 8.306000000000000000e+03 1.005915362388634688e+14
1.411687000000000047e+01 1.432185999999999915e+01 3.147000000000000000e+03 1.604819828408007500e+14
1.432185999999999915e+01 1.452684999999999960e+01 1.058000000000000000e+03 2.534017958412098438e+14
1.452684999999999960e+01 1.473184999999999967e+01 2.280000000000000000e+02 4.032128070175438750e+14
1.473184999999999967e+01 1.493684000000000012e+01 3.600000000000000000e+01 6.302197222222222500e+14
