# M_low [Msun/h] M_high[Msun/h] Number M_mean[Msun/h]
1.288690000000000069e+01 1.311979999999999968e+01 3.018920000000000000e+05 9.942343619572562500e+12
1.311979999999999968e+01 1.335271000000000008e+01 1.722080000000000000e+05 1.698838613769395117e+13
1.335271000000000008e+01 1.358561000000000085e+01 9.483700000000000000e+04 2.898661914653563672e+13
1.358561000000000085e+01 1.381850999999999985e+01 4.889100000000000000e+04 4.941201857192530469e+13
1.381850999999999985e+01 1.405142000000000024e+01 2.331400000000000000e+04 8.414802264733635938e+13
1.405142000000000024e+01 1.428431999999999924e+01 1.019900000000000000e+04 1.427252671830571562e+14
1.428431999999999924e+01 1.451722000000000001e+01 3.649000000000000000e+03 2.425365853658536562e+14
1.451722000000000001e+01 1.475012000000000079e+01 1.031000000000000000e+03 4.101929194956353125e+14
1.475012000000000079e+01 1.498302999999999940e+01 1.970000000000000000e+02 6.967304568527918750e+14
1.498302999999999940e+01 1.521593000000000018e+01 2.600000000000000000e+01 1.134152307692307750e+15
