# M_low [Msun/h] M_high[Msun/h] Number M_mean[Msun/h]
1.290357999999999983e+01 1.303247000000000000e+01 2.815400000000000000e+04 9.186545428713503906e+12
1.303247000000000000e+01 1.316135000000000055e+01 1.568200000000000000e+04 1.237790460400459180e+13
1.316135000000000055e+01 1.329022999999999932e+01 8.005000000000000000e+03 1.663430356027482812e+13
1.329022999999999932e+01 1.341910999999999987e+01 4.025000000000000000e+03 2.230735155279503125e+13
1.341910999999999987e+01 1.354799000000000042e+01 1.862000000000000000e+03 2.991611707841031250e+13
1.354799000000000042e+01 1.367686999999999919e+01 8.140000000000000000e+02 4.017288697788697656e+13
1.367686999999999919e+01 1.380575999999999937e+01 3.090000000000000000e+02 5.401239482200646875e+13
1.380575999999999937e+01 1.393463999999999992e+01 1.150000000000000000e+02 7.339360000000000000e+13
1.393463999999999992e+01 1.406352000000000046e+01 2.700000000000000000e+01 9.548714814814814062e+13
1.406352000000000046e+01 1.419239999999999924e+01 1.300000000000000000e+01 1.328069230769230781e+14
