# M_low [Msun/h] M_high[Msun/h] Number M_mean[Msun/h]
1.290357999999999983e+01 1.308984000000000059e+01 1.692860000000000000e+05 9.805288092340771484e+12
1.308984000000000059e+01 1.327609999999999957e+01 9.646100000000000000e+04 1.505215579353313867e+13
1.327609999999999957e+01 1.346236999999999995e+01 5.354000000000000000e+04 2.308425476279417188e+13
1.346236999999999995e+01 1.364863000000000071e+01 2.739600000000000000e+04 3.530922032413491406e+13
1.364863000000000071e+01 1.383488999999999969e+01 1.264400000000000000e+04 5.402658177791838281e+13
1.383488999999999969e+01 1.402115000000000045e+01 5.479000000000000000e+03 8.231761270304800000e+13
1.402115000000000045e+01 1.420740999999999943e+01 2.065000000000000000e+03 1.262399031476997656e+14
1.420740999999999943e+01 1.439367000000000019e+01 6.360000000000000000e+02 1.918487421383647812e+14
1.439367000000000019e+01 1.457992999999999917e+01 1.710000000000000000e+02 2.882774269005848125e+14
1.457992999999999917e+01 1.476618999999999993e+01 2.800000000000000000e+01 4.544071428571428750e+14
