# M_low [Msun/h] M_high[Msun/h] Number M_mean[Msun/h]
1.290357999999999983e+01 1.312520999999999916e+01 2.720100000000000000e+05 1.019613617146428516e+13
1.312520999999999916e+01 1.334683000000000064e+01 1.533390000000000000e+05 1.696094274776801758e+13
1.334683000000000064e+01 1.356845000000000034e+01 8.294900000000000000e+04 2.825540995069259375e+13
1.356845000000000034e+01 1.379007999999999967e+01 4.253700000000000000e+04 4.683207560476761719e+13
1.379007999999999967e+01 1.401169999999999938e+01 1.954800000000000000e+04 7.782182320441989062e+13
1.401169999999999938e+01 1.423332000000000086e+01 8.006000000000000000e+03 1.288255058705970469e+14
1.423332000000000086e+01 1.445495000000000019e+01 2.775000000000000000e+03 2.117114234234234375e+14
1.445495000000000019e+01 1.467656999999999989e+01 7.940000000000000000e+02 3.476458438287153750e+14
1.467656999999999989e+01 1.489818999999999960e+01 1.650000000000000000e+02 5.832534545454545000e+14
1.489818999999999960e+01 1.511982000000000070e+01 2.500000000000000000e+01 8.979876000000000000e+14
