# M_low [Msun/h] M_high[Msun/h] Number M_mean[Msun/h]
1.290357999999999983e+01 1.308196000000000048e+01 1.419800000000000000e+05 9.714445696576982422e+12
1.308196000000000048e+01 1.326032999999999973e+01 8.040200000000000000e+04 1.463709857963732227e+13
1.326032999999999973e+01 1.343870000000000076e+01 4.428100000000000000e+04 2.202048508389602734e+13
1.343870000000000076e+01 1.361707000000000001e+01 2.253000000000000000e+04 3.305952507767421094e+13
1.361707000000000001e+01 1.379543999999999926e+01 1.023600000000000000e+04 4.989813403673310156e+13
1.379543999999999926e+01 1.397381999999999991e+01 4.390000000000000000e+03 7.476095671981776562e+13
1.397381999999999991e+01 1.415218999999999916e+01 1.623000000000000000e+03 1.126363524337646406e+14
1.415218999999999916e+01 1.433056000000000019e+01 5.300000000000000000e+02 1.668253584905660312e+14
1.433056000000000019e+01 1.450892999999999944e+01 1.220000000000000000e+02 2.486808196721311562e+14
1.450892999999999944e+01 1.468731000000000009e+01 2.700000000000000000e+01 3.761518518518518750e+14
