# M_low [Msun/h] M_high[Msun/h] Number M_mean[Msun/h]
1.290357999999999983e+01 1.309734000000000087e+01 1.985250000000000000e+05 9.883319481173656250e+12
1.309734000000000087e+01 1.329109000000000052e+01 1.141380000000000000e+05 1.544236801065376953e+13
1.329109000000000052e+01 1.348484000000000016e+01 6.338200000000000000e+04 2.409878198857719922e+13
1.348484000000000016e+01 1.367858999999999980e+01 3.334900000000000000e+04 3.747359740921766406e+13
1.367858999999999980e+01 1.387233999999999945e+01 1.561900000000000000e+04 5.835685383187143750e+13
1.387233999999999945e+01 1.406609000000000087e+01 6.843000000000000000e+03 9.071739003361098438e+13
1.406609000000000087e+01 1.425984000000000052e+01 2.546000000000000000e+03 1.413128829536527812e+14
1.425984000000000052e+01 1.445359000000000016e+01 8.280000000000000000e+02 2.195294685990338125e+14
1.445359000000000016e+01 1.464734999999999943e+01 1.940000000000000000e+02 3.419488144329896875e+14
1.464734999999999943e+01 1.484110000000000085e+01 4.600000000000000000e+01 5.244773913043478125e+14
