# M_low [Msun/h] M_high[Msun/h] Number M_mean[Msun/h]
1.290357999999999983e+01 1.314687999999999946e+01 3.388270000000000000e+05 1.045786197676100195e+13
1.314687999999999946e+01 1.339016999999999946e+01 1.924240000000000000e+05 1.831322496154325781e+13
1.339016999999999946e+01 1.363345999999999947e+01 1.040910000000000000e+05 3.197458954184319531e+13
1.363345999999999947e+01 1.387676000000000087e+01 5.417100000000000000e+04 5.576703402189363281e+13
1.387676000000000087e+01 1.412005000000000088e+01 2.512300000000000000e+04 9.733037455717868750e+13
1.412005000000000088e+01 1.436335000000000051e+01 1.049200000000000000e+04 1.688338734273732500e+14
1.436335000000000051e+01 1.460664000000000051e+01 3.648000000000000000e+03 2.946620065789473750e+14
1.460664000000000051e+01 1.484993000000000052e+01 1.060000000000000000e+03 5.073533962264151250e+14
1.484993000000000052e+01 1.509323000000000015e+01 1.930000000000000000e+02 8.788450777202072500e+14
1.509323000000000015e+01 1.533652000000000015e+01 2.000000000000000000e+01 1.492285000000000000e+15
