# M_low [Msun/h] M_high[Msun/h] Number M_mean[Msun/h]
1.290357999999999983e+01 1.314788000000000068e+01 3.538620000000000000e+05 1.048374507576399805e+13
1.314788000000000068e+01 1.339217000000000013e+01 2.028090000000000000e+05 1.841203299656326953e+13
1.339217000000000013e+01 1.363645999999999958e+01 1.126600000000000000e+05 3.221548020592934375e+13
1.363645999999999958e+01 1.388075000000000081e+01 5.952900000000000000e+04 5.629331922256378906e+13
1.388075000000000081e+01 1.412504999999999988e+01 2.886200000000000000e+04 9.844886009285565625e+13
1.412504999999999988e+01 1.436933999999999934e+01 1.263500000000000000e+04 1.717305896319746875e+14
1.436933999999999934e+01 1.461363000000000056e+01 4.601000000000000000e+03 2.990584655509671875e+14
1.461363000000000056e+01 1.485792000000000002e+01 1.476000000000000000e+03 5.195987804878048750e+14
1.485792000000000002e+01 1.510222000000000087e+01 2.950000000000000000e+02 8.969423728813558750e+14
1.510222000000000087e+01 1.534651000000000032e+01 4.300000000000000000e+01 1.493976744186046500e+15
