# M_low [Msun/h] M_high[Msun/h] Number M_mean[Msun/h]
1.290357999999999983e+01 1.300896999999999970e+01 2.893000000000000000e+03 8.892118907708261719e+12
1.300896999999999970e+01 1.311434999999999995e+01 1.415000000000000000e+03 1.138954770318021289e+13
1.311434999999999995e+01 1.321973999999999982e+01 6.500000000000000000e+02 1.452678307692307617e+13
1.321973999999999982e+01 1.332512000000000008e+01 2.880000000000000000e+02 1.835091319444444531e+13
1.332512000000000008e+01 1.343050999999999995e+01 1.280000000000000000e+02 2.360199218750000000e+13
1.343050999999999995e+01 1.353589000000000020e+01 5.000000000000000000e+01 3.011888000000000000e+13
1.353589000000000020e+01 1.364128000000000007e+01 1.200000000000000000e+01 3.770241666666666406e+13
1.364128000000000007e+01 1.374666000000000032e+01 3.000000000000000000e+00 4.724000000000000000e+13
1.374666000000000032e+01 1.385205000000000020e+01 2.000000000000000000e+00 6.315150000000000000e+13
