2.193880664121659007e+06 1.281868839619604871e+06 8.771714168433713494e+05 5.516971100988863036e+05 3.589046159553951002e+05 1.907070692523441685e+05 1.215521755138799344e+05 5.670188378219835431e+04 2.687304095253474952e+04 1.053803224868585130e+04 1.848204042410301099e+03 2.881983125781506487e+02 9.908156657914311438e+01
1.281868839619604871e+06 1.079716293975689914e+06 6.031040243074834580e+05 3.710110725681845215e+05 2.463673991653383418e+05 1.305694784114906215e+05 8.453822482656565262e+04 3.841588356919001671e+04 1.797396083428891143e+04 7.462056999436218575e+03 1.126830952770983458e+03 2.717121353323790913e+02 4.886168315974613563e+01
8.771714168433713494e+05 6.031040243074834580e+05 5.107881075209181872e+05 2.520756585850777628e+05 1.745826797022070386e+05 8.675117320875742007e+04 5.543830210434518085e+04 2.657057884537548307e+04 1.334924974028252836e+04 5.310567137959873435e+03 8.704767681160167285e+02 1.156725592516911405e+02 4.340325886208852069e+01
5.516971100988863036e+05 3.710110725681845215e+05 2.520756585850777628e+05 2.195724304352415493e+05 1.060866648850115307e+05 5.824884099360818800e+04 3.682548166853058501e+04 1.598794025221622906e+04 8.299100015769403399e+03 3.156352438671926393e+03 4.735703850047939341e+02 1.116795458689606306e+02 6.927885611960992840e+00
3.589046159553951002e+05 2.463673991653383418e+05 1.745826797022070386e+05 1.060866648850115307e+05 1.047384853775878146e+05 3.963192068990186817e+04 2.399991355223964274e+04 1.089181621806501607e+04 5.608444518501095445e+03 2.047674585727730346e+03 2.867417709366920917e+02 9.784871261532722997e+01 6.681314804516365058e+00
1.907070692523441685e+05 1.305694784114906215e+05 8.675117320875742007e+04 5.824884099360818800e+04 3.963192068990186817e+04 4.061185960212571081e+04 1.298385332123121043e+04 6.978794488029992863e+03 2.938160796094469788e+03 1.210812628673725158e+03 2.391580139915592156e+02 6.586930663225589910e+01 -4.187769395960963870e+00
1.215521755138799344e+05 8.453822482656565262e+04 5.543830210434518085e+04 3.682548166853058501e+04 2.399991355223964274e+04 1.298385332123121043e+04 1.577425302753324468e+04 4.001907691545317448e+03 1.976142547507860172e+03 6.592368253545120069e+02 1.243059141672135866e+02 5.039664624678622573e+01 1.108930223308989760e+01
5.670188378219835431e+04 3.841588356919001671e+04 2.657057884537548307e+04 1.598794025221622906e+04 1.089181621806501607e+04 6.978794488029992863e+03 4.001907691545317448e+03 5.262008361505856556e+03 1.000065484595263229e+03 3.743716778958362283e+02 5.958106646104771187e+01 8.193591396878353805e+00 7.750736711785187083e+00
2.687304095253474952e+04 1.797396083428891143e+04 1.334924974028252836e+04 8.299100015769403399e+03 5.608444518501095445e+03 2.938160796094469788e+03 1.976142547507860172e+03 1.000065484595263229e+03 1.532992806191691443e+03 1.500093213049468375e+02 3.816767576736375389e+01 -1.275240788739228748e+00 -2.124945851128210161e-01
1.053803224868585130e+04 7.462056999436218575e+03 5.310567137959873435e+03 3.156352438671926393e+03 2.047674585727730346e+03 1.210812628673725158e+03 6.592368253545120069e+02 3.743716778958362283e+02 1.500093213049468375e+02 4.035271842791123618e+02 1.049974045226361952e+01 2.112224756059121411e+00 -6.547673321476636943e-01
1.848204042410301099e+03 1.126830952770983458e+03 8.704767681160167285e+02 4.735703850047939341e+02 2.867417709366920917e+02 2.391580139915592156e+02 1.243059141672135866e+02 5.958106646104771187e+01 3.816767576736375389e+01 1.049974045226361952e+01 6.869676874931428756e+01 2.162333783428173617e-01 -1.316775610645761485e-01
2.881983125781506487e+02 2.717121353323790913e+02 1.156725592516911405e+02 1.116795458689606306e+02 9.784871261532722997e+01 6.586930663225589910e+01 5.039664624678622573e+01 8.193591396878353805e+00 -1.275240788739228748e+00 2.112224756059121411e+00 2.162333783428173617e-01 5.966041937317817734e+00 -1.178807004502374287e-02
9.908156657914311438e+01 4.886168315974613563e+01 4.340325886208852069e+01 6.927885611960992840e+00 6.681314804516365058e+00 -4.187769395960963870e+00 1.108930223308989760e+01 7.750736711785187083e+00 -2.124945851128210161e-01 -6.547673321476636943e-01 -1.316775610645761485e-01 -1.178807004502374287e-02 1.003735490301451705e+00
