1.915190015384858940e+06 1.150602227388515603e+06 7.625085627811350860e+05 4.517451480095945299e+05 2.807953363060128177e+05 1.509492872355947911e+05 8.996843806560580560e+04 3.382560195994517562e+04 1.473075029229623033e+04 4.450605418485592963e+03 6.995300162301226692e+02 2.314507336164745368e+02
1.150602227388515603e+06 9.821834007591964910e+05 5.346491878932111431e+05 3.171988372423013789e+05 1.908219842405256932e+05 1.044274840187956725e+05 6.172581942964265909e+04 2.487664113034363982e+04 9.211426522502340958e+03 3.042599562453914587e+03 4.159767751477901925e+02 1.690510180978480150e+02
7.625085627811350860e+05 5.346491878932111431e+05 4.389662383662348147e+05 2.168715489849094593e+05 1.306672232356094028e+05 7.274210477257960883e+04 3.752183729937792668e+04 1.698384250735040405e+04 6.932078833728266545e+03 2.274476396018255855e+03 3.219447902327981978e+02 1.055316365966373411e+02
4.517451480095945299e+05 3.171988372423013789e+05 2.168715489849094593e+05 1.816877992364370730e+05 7.805218601646246680e+04 4.368545071126850962e+04 2.493488354736372639e+04 9.938613001473020631e+03 4.006817980577020080e+03 1.280748443785871814e+03 2.149284792864176836e+02 6.771691343944934260e+01
2.807953363060128177e+05 1.908219842405256932e+05 1.306672232356094028e+05 7.805218601646246680e+04 7.869751737301482353e+04 2.800372543021601086e+04 1.462595964650292808e+04 6.611665554081962910e+03 2.363361016220367219e+03 7.122883547045530577e+02 5.492346020961337416e+01 2.878585182125468833e+01
1.509492872355947911e+05 1.044274840187956725e+05 7.274210477257960883e+04 4.368545071126850962e+04 2.800372543021601086e+04 2.888973183508822694e+04 9.014361596608277978e+03 4.097796167247291123e+03 1.519324494199362107e+03 4.001113710150198131e+02 5.715063975033243082e+01 4.780884876069049483e+01
8.996843806560580560e+04 6.172581942964265909e+04 3.752183729937792668e+04 2.493488354736372639e+04 1.462595964650292808e+04 9.014361596608277978e+03 1.086064638867656504e+04 2.166453838097956123e+03 7.742877013803763475e+02 3.071386220306588939e+02 2.916274807623426923e+01 1.202854272506427513e+01
3.382560195994517562e+04 2.487664113034363982e+04 1.698384250735040405e+04 9.938613001473020631e+03 6.611665554081962910e+03 4.097796167247291123e+03 2.166453838097956123e+03 3.029302943948097436e+03 3.709909952259670831e+02 1.130793403649069973e+02 1.705540538199767653e+01 1.006693738605196842e+01
1.473075029229623033e+04 9.211426522502340958e+03 6.932078833728266545e+03 4.006817980577020080e+03 2.363361016220367219e+03 1.519324494199362107e+03 7.742877013803763475e+02 3.709909952259670831e+02 7.072731087547383595e+02 4.784454035045212095e+01 1.543427152369037492e+00 1.359861908203351399e+00
4.450605418485592963e+03 3.042599562453914587e+03 2.274476396018255855e+03 1.280748443785871814e+03 7.122883547045530577e+02 4.001113710150198131e+02 3.071386220306588939e+02 1.130793403649069973e+02 4.784454035045212095e+01 1.909442915251370607e+02 4.910714306994821143e+00 -9.676356897611950725e-01
6.995300162301226692e+02 4.159767751477901925e+02 3.219447902327981978e+02 2.149284792864176836e+02 5.492346020961337416e+01 5.715063975033243082e+01 2.916274807623426923e+01 1.705540538199767653e+01 1.543427152369037492e+00 4.910714306994821143e+00 1.762012790805955476e+01 -9.436022596914246663e-02
2.314507336164745368e+02 1.690510180978480150e+02 1.055316365966373411e+02 6.771691343944934260e+01 2.878585182125468833e+01 4.780884876069049483e+01 1.202854272506427513e+01 1.006693738605196842e+01 1.359861908203351399e+00 -9.676356897611950725e-01 -9.436022596914246663e-02 3.000775184898765158e+00
