1.059285544097459409e+06 5.476782579185421346e+05 3.169237903320450569e+05 1.684612285765191191e+05 7.384207448599571944e+04 3.643916567643854069e+04 1.188028628291401037e+04 4.042007628472214947e+03 5.553072117743205354e+02 1.003318813960586340e+02
5.476782579185421346e+05 4.331592478547595092e+05 1.884144197689427237e+05 1.080995717151086283e+05 4.270504044001956208e+04 2.396105716550326542e+04 6.858061363066685772e+03 2.402169920802030902e+03 3.997500752143643581e+02 3.687003618812746453e+01
3.169237903320450569e+05 1.884144197689427237e+05 1.513352549026311026e+05 5.935253163979941019e+04 2.469120986802226980e+04 1.290319629101459941e+04 4.337857789817386220e+03 1.751450687690378345e+03 2.614236231733326008e+02 3.505943906673180521e+01
1.684612285765191191e+05 1.080995717151086283e+05 5.935253163979941019e+04 5.179730987885689683e+04 1.414816746246674484e+04 7.761868053808456352e+03 2.659022041004397124e+03 7.195477496371934194e+02 8.256825377225719365e+01 1.219105057105737089e+01
7.384207448599571944e+04 4.270504044001956208e+04 2.469120986802226980e+04 1.414816746246674484e+04 1.470403085814557744e+04 3.369414925165844579e+03 1.129406437450838439e+03 3.241117006085066805e+02 1.002230881283492359e+01 3.695879580244938456e+00
3.643916567643854069e+04 2.396105716550326542e+04 1.290319629101459941e+04 7.761868053808456352e+03 3.369414925165844579e+03 4.210902087206581200e+03 5.916906038707786593e+02 1.959129927560293538e+02 2.891845431998705251e+01 3.249205075277764809e+00
1.188028628291401037e+04 6.858061363066685772e+03 4.337857789817386220e+03 2.659022041004397124e+03 1.129406437450838439e+03 5.916906038707786593e+02 9.775202326608161911e+02 6.434704646905781544e+01 1.407405688236493901e+01 8.978041113333775414e+00
4.042007628472214947e+03 2.402169920802030902e+03 1.751450687690378345e+03 7.195477496371934194e+02 3.241117006085066805e+02 1.959129927560293538e+02 6.434704646905781544e+01 2.110168407007115263e+02 9.438846899087255382e-02 1.265924280305404936e+00
5.553072117743205354e+02 3.997500752143643581e+02 2.614236231733326008e+02 8.256825377225719365e+01 1.002230881283492359e+01 2.891845431998705251e+01 1.407405688236493901e+01 9.438846899087255382e-02 2.302009695965543656e+01 9.116711743611413121e-01
1.003318813960586340e+02 3.687003618812746453e+01 3.505943906673180521e+01 1.219105057105737089e+01 3.695879580244938456e+00 3.249205075277764809e+00 8.978041113333775414e+00 1.265924280305404936e+00 9.116711743611413121e-01 2.003385713541874225e+00
