2.338948329059211072e+06 1.361730108056652825e+06 9.175364981057940749e+05 6.053876690123002045e+05 4.011318912895095418e+05 2.263032824131979723e+05 1.348831148090411443e+05 7.597300051375296607e+04 3.428481839772229432e+04 1.364374982384367286e+04 4.458865634583571591e+03 4.845142850792288982e+02 1.318348884929207827e+02
1.361730108056652825e+06 1.127179813230848871e+06 6.383487717647772515e+05 4.229880614999515237e+05 2.850315688922501868e+05 1.594110358812069171e+05 9.399679402828331513e+04 4.942941524723700422e+04 2.369655830860105561e+04 9.659959698873697562e+03 3.516324080143220726e+03 3.983497827380061835e+02 1.167043329157278322e+02
9.175364981057940749e+05 6.383487717647772515e+05 5.470079537525846390e+05 2.795349422465891112e+05 1.977098181141252280e+05 1.027857482508604007e+05 6.125085186002690170e+04 3.569915345693806012e+04 1.656026361981255832e+04 6.438775278832789809e+03 1.947940772155549666e+03 1.924031673095748545e+02 8.692830396904837187e+01
6.053876690123002045e+05 4.229880614999515237e+05 2.795349422465891112e+05 2.557730092957320448e+05 1.266092292332280485e+05 6.966559093537158333e+04 4.134603747218319040e+04 2.273609827642166420e+04 1.138346891588222570e+04 4.030023838088884986e+03 1.216851525958928733e+03 1.547632102827650442e+02 7.436762209220867703e+01
4.011318912895095418e+05 2.850315688922501868e+05 1.977098181141252280e+05 1.266092292332280485e+05 1.221822496183512267e+05 5.008923555763711920e+04 2.987388813001349990e+04 1.618077576234564731e+04 7.275151679213763600e+03 3.179113624481814441e+03 9.754829990166982725e+02 1.092693285557155178e+02 3.717193149794347562e+01
2.263032824131979723e+05 1.594110358812069171e+05 1.027857482508604007e+05 6.966559093537158333e+04 5.008923555763711920e+04 5.041939634453520557e+04 1.696104758557718742e+04 8.986779596208025396e+03 4.663815595878073509e+03 1.722562577613649410e+03 5.675641623913752483e+02 7.820029582215225616e+01 5.589046102662521776e+00
1.348831148090411443e+05 9.399679402828331513e+04 6.125085186002690170e+04 4.134603747218319040e+04 2.987388813001349990e+04 1.696104758557718742e+04 1.880149654525671212e+04 5.627985683789701397e+03 2.799798348844402426e+03 8.892344506487095259e+02 3.587256307328067351e+02 5.297229943772628502e+01 3.309857477352828425e+01
7.597300051375296607e+04 4.942941524723700422e+04 3.569915345693806012e+04 2.273609827642166420e+04 1.618077576234564731e+04 8.986779596208025396e+03 5.627985683789701397e+03 7.523750481681643578e+03 1.625537869093144536e+03 5.295731990203269106e+02 2.135060988715249550e+02 2.250026837256356416e+01 8.565332585207654503e+00
3.428481839772229432e+04 2.369655830860105561e+04 1.656026361981255832e+04 1.138346891588222570e+04 7.275151679213763600e+03 4.663815595878073509e+03 2.799798348844402426e+03 1.625537869093144536e+03 2.348936155543572113e+03 2.286284200651479637e+02 8.242969339003983009e+01 -3.682053831984188008e+00 4.535782533585994258e+00
1.364374982384367286e+04 9.659959698873697562e+03 6.438775278832789809e+03 4.030023838088884986e+03 3.179113624481814441e+03 1.722562577613649410e+03 8.892344506487095259e+02 5.295731990203269106e+02 2.286284200651479637e+02 5.708593722819257437e+02 4.339456305632074873e+01 1.708270427292579541e+01 2.143441154040715890e+00
4.458865634583571591e+03 3.516324080143220726e+03 1.947940772155549666e+03 1.216851525958928733e+03 9.754829990166982725e+02 5.675641623913752483e+02 3.587256307328067351e+02 2.135060988715249550e+02 8.242969339003983009e+01 4.339456305632074873e+01 1.300994407779387529e+02 4.417827721375640060e+00 -4.827472082873711101e-01
4.845142850792288982e+02 3.983497827380061835e+02 1.924031673095748545e+02 1.547632102827650442e+02 1.092693285557155178e+02 7.820029582215225616e+01 5.297229943772628502e+01 2.250026837256356416e+01 -3.682053831984188008e+00 1.708270427292579541e+01 4.417827721375640060e+00 1.663840589724150476e+01 -5.886263738223041636e-02
1.318348884929207827e+02 1.167043329157278322e+02 8.692830396904837187e+01 7.436762209220867703e+01 3.717193149794347562e+01 5.589046102662521776e+00 3.309857477352828425e+01 8.565332585207654503e+00 4.535782533585994258e+00 2.143441154040715890e+00 -4.827472082873711101e-01 -5.886263738223041636e-02 2.001105644323068589e+00
