1.290993913215584354e+06 6.740020716646059882e+05 4.625889432003532420e+05 2.642688048927600030e+05 1.424330793306222185e+05 7.234534835689327156e+04 2.925627718269405523e+04 1.200717540412225208e+04 3.346697910386441436e+03 6.598783933629966896e+02
6.740020716646059882e+05 5.474742505272864364e+05 2.975430977570463438e+05 1.672149041242258390e+05 9.049585322387465567e+04 4.730296506679744925e+04 1.965429373751067760e+04 6.902126313199697506e+03 1.997984830198121472e+03 4.832372123756020983e+02
4.625889432003532420e+05 2.975430977570463438e+05 2.675786975313998410e+05 1.118499142939443409e+05 6.218223077081377414e+04 3.370418103052068182e+04 1.356458087498521854e+04 5.223737823641380601e+03 1.648508334571332171e+03 2.305305306929012090e+02
2.642688048927600030e+05 1.672149041242258390e+05 1.118499142939443409e+05 1.074253348874835356e+05 3.623459807921660104e+04 1.993983171281950490e+04 8.373764417080230487e+03 2.928833172129482136e+03 1.013867766161424925e+03 6.661541016184852992e+01
1.424330793306222185e+05 9.049585322387465567e+04 6.218223077081377414e+04 3.623459807921660104e+04 3.944586264764171210e+04 1.061270922635133502e+04 4.086242454723542778e+03 1.818120096568567760e+03 4.983603445924877633e+02 7.997955453658325098e+01
7.234534835689327156e+04 4.730296506679744925e+04 3.370418103052068182e+04 1.993983171281950490e+04 1.061270922635133502e+04 1.258058441145180768e+04 2.730508627037452243e+03 9.079931790577953734e+02 2.154498310536834822e+02 3.765753502919228879e+01
2.925627718269405523e+04 1.965429373751067760e+04 1.356458087498521854e+04 8.373764417080230487e+03 4.086242454723542778e+03 2.730508627037452243e+03 4.326583814261414773e+03 3.723560950852195788e+02 1.006988800145027056e+02 2.063526839878390007e+01
1.200717540412225208e+04 6.902126313199697506e+03 5.223737823641380601e+03 2.928833172129482136e+03 1.818120096568567760e+03 9.079931790577953734e+02 3.723560950852195788e+02 9.466289700797575506e+02 3.109655362928511124e+01 2.239793370042090359e+01
3.346697910386441436e+03 1.997984830198121472e+03 1.648508334571332171e+03 1.013867766161424925e+03 4.983603445924877633e+02 2.154498310536834822e+02 1.006988800145027056e+02 3.109655362928511124e+01 2.012642010128457741e+02 -1.776308110901024140e+00
6.598783933629966896e+02 4.832372123756020983e+02 2.305305306929012090e+02 6.661541016184852992e+01 7.997955453658325098e+01 3.765753502919228879e+01 2.063526839878390007e+01 2.239793370042090359e+01 -1.776308110901024140e+00 2.958289809042832630e+01
