1.773693220831847517e+06 9.946680973645297345e+05 6.791097498390621040e+05 4.809062038734232192e+05 3.083802622361776885e+05 1.824490682436859643e+05 1.016627615108601458e+05 6.651544196051081235e+04 2.200975852244934867e+04 1.089455371032326548e+04 3.018418201340213272e+03 4.609175342689879358e+02
9.946680973645297345e+05 8.720873149378825910e+05 4.680958940760658006e+05 3.327996000299266307e+05 2.068224200378523674e+05 1.265614806747120601e+05 7.026711103785729210e+04 4.488948203336402366e+04 1.622229653194988714e+04 7.038094740531268144e+03 2.597343489055067039e+03 2.109122674185499307e+02
6.791097498390621040e+05 4.680958940760658006e+05 4.217314007714399486e+05 2.245563114071958116e+05 1.427771096693027357e+05 8.619164231414729147e+04 4.711168527373905818e+04 3.200352586020443050e+04 1.073441644897986771e+04 4.342262617998735550e+03 1.933881675501825384e+03 4.405722351073588783e+01
4.809062038734232192e+05 3.327996000299266307e+05 2.245563114071958116e+05 2.186995479488184792e+05 9.774214348089319537e+04 6.191245413242823997e+04 3.347974594392736617e+04 2.275363189970728126e+04 8.119349872553095338e+03 3.689050114403935822e+03 1.091318360218359203e+03 8.550719134172560132e+01
3.083802622361776885e+05 2.068224200378523674e+05 1.427771096693027357e+05 9.774214348089319537e+04 1.041802165361965162e+05 3.900400553949306777e+04 2.340126816179112939e+04 1.461493748675670395e+04 5.072924106814735751e+03 2.410189328436501910e+03 5.581673107918866208e+02 5.649239619643657306e+01
1.824490682436859643e+05 1.265614806747120601e+05 8.619164231414729147e+04 6.191245413242823997e+04 3.900400553949306777e+04 4.194904273435799405e+04 1.341986707494406073e+04 8.358567763171446131e+03 2.560579263253534464e+03 1.571566891771794644e+03 5.681297091515345983e+02 1.266008685699274494e+01
1.016627615108601458e+05 7.026711103785729210e+04 4.711168527373905818e+04 3.347974594392736617e+04 2.340126816179112939e+04 1.341986707494406073e+04 1.782479242989952036e+04 5.409304468025095957e+03 1.965983822382825565e+03 8.717505957378834864e+02 2.356434790240203938e+02 3.742621336986594116e+01
6.651544196051081235e+04 4.488948203336402366e+04 3.200352586020443050e+04 2.275363189970728126e+04 1.461493748675670395e+04 8.358567763171446131e+03 5.409304468025095957e+03 8.099934206186449956e+03 1.191865252573933276e+03 5.460933427096096011e+02 2.324636869999978046e+02 1.689025131728446638e+01
2.200975852244934867e+04 1.622229653194988714e+04 1.073441644897986771e+04 8.119349872553095338e+03 5.072924106814735751e+03 2.560579263253534464e+03 1.965983822382825565e+03 1.191865252573933276e+03 2.036701932888017609e+03 2.514136798932397028e+02 5.375725099369542193e+01 -8.480429502714725842e+00
1.089455371032326548e+04 7.038094740531268144e+03 4.342262617998735550e+03 3.689050114403935822e+03 2.410189328436501910e+03 1.571566891771794644e+03 8.717505957378834864e+02 5.460933427096096011e+02 2.514136798932397028e+02 6.346414799051077580e+02 2.753857448085506476e+01 1.291920588320488328e+01
3.018418201340213272e+03 2.597343489055067039e+03 1.933881675501825384e+03 1.091318360218359203e+03 5.581673107918866208e+02 5.681297091515345983e+02 2.356434790240203938e+02 2.324636869999978046e+02 5.375725099369542193e+01 2.753857448085506476e+01 1.599347573596857330e+02 1.415164278559945532e-01
4.609175342689879358e+02 2.109122674185499307e+02 4.405722351073588783e+01 8.550719134172560132e+01 5.649239619643657306e+01 1.266008685699274494e+01 3.742621336986594116e+01 1.689025131728446638e+01 -8.480429502714725842e+00 1.291920588320488328e+01 1.415164278559945532e-01 1.677007158972362433e+01
