1.535452880526802735e+06 8.225656655420246534e+05 5.531450973303592764e+05 3.573048434097639984e+05 2.121293052646127180e+05 1.251733088644801173e+05 6.074572814901972015e+04 2.340107116624242190e+04 1.178820583560856176e+04 3.312285354299218398e+03 7.718872400152190494e+02
8.225656655420246534e+05 6.971111734406142496e+05 3.641841935347759863e+05 2.465049579313637514e+05 1.449463821599844669e+05 8.494147470329710632e+04 4.026275168982663308e+04 1.532235700690473277e+04 7.397897158788255183e+03 2.152795677099820296e+03 3.156380069009479712e+02
5.531450973303592764e+05 3.641841935347759863e+05 3.265069672373924404e+05 1.629873424810627475e+05 9.232370721618956304e+04 5.424511971078449278e+04 2.841037551173436805e+04 1.280581762477910524e+04 5.138531301580262152e+03 1.492729577475534143e+03 1.396543671324748175e+02
3.573048434097639984e+05 2.465049579313637514e+05 1.629873424810627475e+05 1.606326534594981349e+05 6.418138361908482329e+04 3.847106247295242792e+04 1.991171001949176571e+04 8.098447417097638208e+03 2.981614071637149209e+03 1.427976884279661135e+03 9.447806955395890327e+01
2.121293052646127180e+05 1.449463821599844669e+05 9.232370721618956304e+04 6.418138361908482329e+04 6.600964328414422926e+04 2.332533224060830253e+04 1.173743544180602112e+04 4.156062515079091099e+03 1.894747645727382178e+03 7.082933659108027769e+02 8.845456321015674916e+01
1.251733088644801173e+05 8.494147470329710632e+04 5.424511971078449278e+04 3.847106247295242792e+04 2.332533224060830253e+04 2.814514515492856663e+04 7.195080288448495594e+03 2.806232390347809996e+03 1.292369560471947807e+03 4.840236365516293517e+02 3.785083543644802972e+01
6.074572814901972015e+04 4.026275168982663308e+04 2.841037551173436805e+04 1.991171001949176571e+04 1.173743544180602112e+04 7.195080288448495594e+03 9.359209255478766863e+03 1.748542323290701688e+03 6.911836275136502081e+02 2.482715982245714201e+02 3.995278817100000168e+01
2.340107116624242190e+04 1.532235700690473277e+04 1.280581762477910524e+04 8.098447417097638208e+03 4.156062515079091099e+03 2.806232390347809996e+03 1.748542323290701688e+03 2.912867276090450559e+03 2.249089425974849519e+02 5.581155096679218275e+01 -3.262732602892972622e+00
1.178820583560856176e+04 7.397897158788255183e+03 5.138531301580262152e+03 2.981614071637149209e+03 1.894747645727382178e+03 1.292369560471947807e+03 6.911836275136502081e+02 2.249089425974849519e+02 7.802617177476882944e+02 6.179780255130666689e+01 3.090184244086284338e+00
3.312285354299218398e+03 2.152795677099820296e+03 1.492729577475534143e+03 1.427976884279661135e+03 7.082933659108027769e+02 4.840236365516293517e+02 2.482715982245714201e+02 5.581155096679218275e+01 6.179780255130666689e+01 1.785855905882713444e+02 -1.568621443698509088e-02
7.718872400152190494e+02 3.156380069009479712e+02 1.396543671324748175e+02 9.447806955395890327e+01 8.845456321015674916e+01 3.785083543644802972e+01 3.995278817100000168e+01 -3.262732602892972622e+00 3.090184244086284338e+00 -1.568621443698509088e-02 2.497245338368036016e+01
