1.493765128903748468e+06 7.784252491270671599e+05 5.135960593990223715e+05 2.971649390766870347e+05 1.611445717484393972e+05 7.939503202224303095e+04 2.925806510525693375e+04 1.291551470602142763e+04 4.093376981673213322e+03 2.739747575719550809e+02 1.977872147900016842e+02
7.784252491270671599e+05 6.224889417512421496e+05 3.129178021418048884e+05 1.910322730497439916e+05 1.034691205067709525e+05 4.784737924086870044e+04 1.770134794191545006e+04 7.762389043201220375e+03 2.290748791224430988e+03 3.569394118571667605e+02 1.638820389070835688e+02
5.135960593990223715e+05 3.129178021418048884e+05 2.895844602348524495e+05 1.254667701227877842e+05 6.575567762864555698e+04 3.313807704949459003e+04 1.350915969357379799e+04 6.088768291522727850e+03 1.576840733882341510e+03 2.453316302582394144e+02 1.150979963938045785e+02
2.971649390766870347e+05 1.910322730497439916e+05 1.254667701227877842e+05 1.102370407556095597e+05 4.022548924170459941e+04 1.990185568589539253e+04 7.691654566749964033e+03 3.345512037888838677e+03 1.016638046032201828e+03 1.321762204111460619e+02 3.809216702576775049e+01
1.611445717484393972e+05 1.034691205067709525e+05 6.575567762864555698e+04 4.022548924170459941e+04 3.816761283950178040e+04 1.131297083712442691e+04 4.273297761622780854e+03 1.848166777678892913e+03 6.725362857611057734e+02 6.947820178881438835e+01 2.594410823180811931e+01
7.939503202224303095e+04 4.784737924086870044e+04 3.313807704949459003e+04 1.990185568589539253e+04 1.131297083712442691e+04 1.242740610889839081e+04 2.363662435147346969e+03 1.120305123595205032e+03 3.353548627021111201e+02 2.233709112364131144e+01 1.994468423659343514e+01
2.925806510525693375e+04 1.770134794191545006e+04 1.350915969357379799e+04 7.691654566749964033e+03 4.273297761622780854e+03 2.363662435147346969e+03 3.631152616664227025e+03 4.274937849397851437e+02 7.467549590751794142e+01 1.712086283303252188e+01 7.299385807955869332e+00
1.291551470602142763e+04 7.762389043201220375e+03 6.088768291522727850e+03 3.345512037888838677e+03 1.848166777678892913e+03 1.120305123595205032e+03 4.274937849397851437e+02 9.124821026935043164e+02 4.730782718835529010e+01 7.233500483900571432e+00 2.059366124797665343e+00
4.093376981673213322e+03 2.290748791224430988e+03 1.576840733882341510e+03 1.016638046032201828e+03 6.725362857611057734e+02 3.353548627021111201e+02 7.467549590751794142e+01 4.730782718835529010e+01 1.786557335418492301e+02 -3.143389189912907389e-01 6.756288731988264740e-01
2.739747575719550809e+02 3.569394118571667605e+02 2.453316302582394144e+02 1.321762204111460619e+02 6.947820178881438835e+01 2.233709112364131144e+01 1.712086283303252188e+01 7.233500483900571432e+00 -3.143389189912907389e-01 1.558630423956923217e+01 -1.256588410464602457e-01
1.977872147900016842e+02 1.638820389070835688e+02 1.150979963938045785e+02 3.809216702576775049e+01 2.594410823180811931e+01 1.994468423659343514e+01 7.299385807955869332e+00 2.059366124797665343e+00 6.756288731988264740e-01 -1.256588410464602457e-01 3.988488693923285755e+00
