2.001450381527040852e+06 1.155091926875666017e+06 7.753828016783618368e+05 5.010783730288644438e+05 3.535360921761716600e+05 1.918484385610508616e+05 9.956670025216935028e+04 5.187426763696242415e+04 2.164030977459087444e+04 8.155097752681498605e+03 1.454848198819752952e+03 1.229149152926840145e+02
1.155091926875666017e+06 9.557845231705132173e+05 5.363019400984091917e+05 3.429734826849040692e+05 2.386761811522611533e+05 1.290198151740859757e+05 6.656763885266635043e+04 3.329177012732984440e+04 1.555982532463432653e+04 4.958897291086829682e+03 1.012602475141585046e+03 3.420916953691863682e+01
7.753828016783618368e+05 5.363019400984091917e+05 4.799217439427120262e+05 2.381692703705742606e+05 1.665702356619262428e+05 8.796647269259371387e+04 4.398599306951557082e+04 2.344977101945246977e+04 1.034200035703928188e+04 3.496190881074618574e+03 8.968029092031434857e+02 7.113408489815036262e+01
5.010783730288644438e+05 3.429734826849040692e+05 2.381692703705742606e+05 2.131629255818829988e+05 1.071799285504174622e+05 5.929810070681811339e+04 2.901079644840111723e+04 1.583458099592615690e+04 6.477065436215403679e+03 1.881704104423369699e+03 5.312770340235242656e+02 1.191886960093522845e+02
3.535360921761716600e+05 2.386761811522611533e+05 1.665702356619262428e+05 1.071799285504174622e+05 1.062061512494337512e+05 4.098324630102567608e+04 2.091505356240451147e+04 1.131132761326743639e+04 4.921588932742649376e+03 1.570073764954283206e+03 3.923463953714719423e+02 4.656587682495301550e+01
1.918484385610508616e+05 1.290198151740859757e+05 8.796647269259371387e+04 5.929810070681811339e+04 4.098324630102567608e+04 3.931748446294974565e+04 1.272663211086275624e+04 5.859227324004851653e+03 2.627671163875555976e+03 7.489926736941381478e+02 2.749869534193642266e+02 3.811952020011457876e+01
9.956670025216935028e+04 6.656763885266635043e+04 4.398599306951557082e+04 2.901079644840111723e+04 2.091505356240451147e+04 1.272663211086275624e+04 1.401459700900632924e+04 3.507819129330854139e+03 1.502122597514763356e+03 5.249295219974933389e+02 1.248974313117127366e+02 9.925027093568903780e+00
5.187426763696242415e+04 3.329177012732984440e+04 2.344977101945246977e+04 1.583458099592615690e+04 1.131132761326743639e+04 5.859227324004851653e+03 3.507819129330854139e+03 5.311665038826628916e+03 7.686849392868792847e+02 2.493208948513278074e+02 7.047827619549701694e+01 9.917906009024424208e+00
2.164030977459087444e+04 1.555982532463432653e+04 1.034200035703928188e+04 6.477065436215403679e+03 4.921588932742649376e+03 2.627671163875555976e+03 1.502122597514763356e+03 7.686849392868792847e+02 1.543287490683748047e+03 1.241055231631203810e+02 3.268630477925697875e+01 1.035294776162042929e+01
8.155097752681498605e+03 4.958897291086829682e+03 3.496190881074618574e+03 1.881704104423369699e+03 1.570073764954283206e+03 7.489926736941381478e+02 5.249295219974933389e+02 2.493208948513278074e+02 1.241055231631203810e+02 3.721880227862139918e+02 8.556527745695694520e+00 8.951658227302984328e-01
1.454848198819752952e+03 1.012602475141585046e+03 8.968029092031434857e+02 5.312770340235242656e+02 3.923463953714719423e+02 2.749869534193642266e+02 1.248974313117127366e+02 7.047827619549701694e+01 3.268630477925697875e+01 8.556527745695694520e+00 5.256801882683346605e+01 1.570107314800044951e-01
1.229149152926840145e+02 3.420916953691863682e+01 7.113408489815036262e+01 1.191886960093522845e+02 4.656587682495301550e+01 3.811952020011457876e+01 9.925027093568903780e+00 9.917906009024424208e+00 1.035294776162042929e+01 8.951658227302984328e-01 1.570107314800044951e-01 7.912034752762862944e+00
