2.138577603902349714e+06 1.253401482170926407e+06 8.254097159731780412e+05 5.485951099373677280e+05 3.740670299242887413e+05 2.350894536111459602e+05 1.192858112361408421e+05 6.498853477629868576e+04 3.101753500915065160e+04 1.294897663170790292e+04 2.578398265154241471e+03 4.997954702204484647e+02 -3.750626493596682565e+01
1.253401482170926407e+06 1.035645516652985010e+06 5.771790263756085187e+05 3.812543243286078796e+05 2.550740050614128995e+05 1.639185531194854702e+05 7.819172037629054103e+04 4.537946958841868764e+04 2.163034136729279635e+04 8.305406927132993587e+03 1.202585001058715306e+03 4.447761285396700259e+02 2.161719060330496944e+01
8.254097159731780412e+05 5.771790263756085187e+05 5.237054594726869836e+05 2.567882846903345489e+05 1.779538915701144433e+05 1.069876544596770254e+05 5.475240944051007682e+04 3.001156985707593776e+04 1.450497673673084682e+04 5.923139029430597475e+03 9.393094317675811453e+02 3.248583506066983091e+02 -2.560396451008777063e+01
5.485951099373677280e+05 3.812543243286078796e+05 2.567882846903345489e+05 2.372435814412867185e+05 1.178543921327553253e+05 7.111555526235386787e+04 3.421823415921310516e+04 1.861783989298806046e+04 8.616627715601727687e+03 3.762945709613123199e+03 6.560572728624883894e+02 2.386569460114930052e+02 7.961963882167745865e+00
3.740670299242887413e+05 2.550740050614128995e+05 1.779538915701144433e+05 1.178543921327553253e+05 1.171620737650156079e+05 5.243223544598651642e+04 2.420205881042333203e+04 1.340048953935884310e+04 7.169300358398782009e+03 2.728704256448133492e+03 4.398469865950016811e+02 1.525148097880289129e+02 -1.109219792696187845e+01
2.350894536111459602e+05 1.639185531194854702e+05 1.069876544596770254e+05 7.111555526235386787e+04 5.243223544598651642e+04 5.247210066550649935e+04 1.523605300519357479e+04 8.638268496328741094e+03 4.265029899701322393e+03 1.665110461105823561e+03 3.604488458826151032e+02 1.341477725474365741e+02 -6.100611330465422810e+00
1.192858112361408421e+05 7.819172037629054103e+04 5.475240944051007682e+04 3.421823415921310516e+04 2.420205881042333203e+04 1.523605300519357479e+04 1.898393020555450130e+04 4.711708999727005903e+03 2.313361480155464051e+03 8.824854456290053122e+02 2.504237954781887652e+02 4.967133217162378145e+01 -9.729240255044494745e+00
6.498853477629868576e+04 4.537946958841868764e+04 3.001156985707593776e+04 1.861783989298806046e+04 1.340048953935884310e+04 8.638268496328741094e+03 4.711708999727005903e+03 7.170675412569878972e+03 1.249104037643805441e+03 6.069405056341862519e+02 1.113537317751101199e+02 1.955259069628609581e+01 2.542061171823377652e+00
3.101753500915065160e+04 2.163034136729279635e+04 1.450497673673084682e+04 8.616627715601727687e+03 7.169300358398782009e+03 4.265029899701322393e+03 2.313361480155464051e+03 1.249104037643805441e+03 2.262774295778899159e+03 3.111151728635455811e+02 4.397500663209013538e+01 2.356460243314128622e+00 -1.668997075831640808e-01
1.294897663170790292e+04 8.305406927132993587e+03 5.923139029430597475e+03 3.762945709613123199e+03 2.728704256448133492e+03 1.665110461105823561e+03 8.824854456290053122e+02 6.069405056341862519e+02 3.111151728635455811e+02 5.670916667768914294e+02 2.726728947459895736e+01 6.030461139077011978e+00 6.281119690378220155e-02
2.578398265154241471e+03 1.202585001058715306e+03 9.393094317675811453e+02 6.560572728624883894e+02 4.398469865950016811e+02 3.604488458826151032e+02 2.504237954781887652e+02 1.113537317751101199e+02 4.397500663209013538e+01 2.726728947459895736e+01 1.057694262889529000e+02 -1.067643528241945861e+00 -1.923141443249498095e-01
4.997954702204484647e+02 4.447761285396700259e+02 3.248583506066983091e+02 2.386569460114930052e+02 1.525148097880289129e+02 1.341477725474365741e+02 4.967133217162378145e+01 1.955259069628609581e+01 2.356460243314128622e+00 6.030461139077011978e+00 -1.067643528241945861e+00 1.557241905862687403e+01 -3.139295408177225633e-02
-3.750626493596682565e+01 2.161719060330496944e+01 -2.560396451008777063e+01 7.961963882167745865e+00 -1.109219792696187845e+01 -6.100611330465422810e+00 -9.729240255044494745e+00 2.542061171823377652e+00 -1.668997075831640808e-01 6.281119690378220155e-02 -1.923141443249498095e-01 -3.139295408177225633e-02 1.002515004503731877e+00
