# M_low [Msun/h] M_high[Msun/h] Number M_mean[Msun/h]
1.283051000000000030e+01 1.294278000000000084e+01 1.302400000000000000e+04 7.632945331695332031e+12
1.294278000000000084e+01 1.305504999999999960e+01 7.372000000000000000e+03 9.889982365708083984e+12
1.305504999999999960e+01 1.316732000000000014e+01 3.993000000000000000e+03 1.281636864512897656e+13
1.316732000000000014e+01 1.327959000000000067e+01 1.973000000000000000e+03 1.650938165230613281e+13
1.327959000000000067e+01 1.339185999999999943e+01 9.950000000000000000e+02 2.130123618090452344e+13
1.339185999999999943e+01 1.350412999999999997e+01 4.360000000000000000e+02 2.778096330275229297e+13
1.350412999999999997e+01 1.361640000000000050e+01 1.800000000000000000e+02 3.557216666666666406e+13
1.361640000000000050e+01 1.372866999999999926e+01 5.800000000000000000e+01 4.664375862068965625e+13
1.372866999999999926e+01 1.384093999999999980e+01 2.700000000000000000e+01 6.046055555555555469e+13
1.384093999999999980e+01 1.395321000000000033e+01 6.000000000000000000e+00 7.685833333333332812e+13
