# M_low [Msun/h] M_high[Msun/h] Number M_mean[Msun/h]
1.283051000000000030e+01 1.311539999999999928e+01 3.973420000000000000e+05 9.260266974042511719e+12
1.311539999999999928e+01 1.340029000000000003e+01 2.188700000000000000e+05 1.783994608671814453e+13
1.340029000000000003e+01 1.368518000000000079e+01 1.179990000000000000e+05 3.427748540241866406e+13
1.368518000000000079e+01 1.397007999999999939e+01 6.088200000000000000e+04 6.589453368811800000e+13
1.397007999999999939e+01 1.425497000000000014e+01 2.886900000000000000e+04 1.263799923793688750e+14
1.425497000000000014e+01 1.453985999999999912e+01 1.250200000000000000e+04 2.414107342825148125e+14
1.453985999999999912e+01 1.482475999999999949e+01 4.482000000000000000e+03 4.597443105756358750e+14
1.482475999999999949e+01 1.510965000000000025e+01 1.200000000000000000e+03 8.741208333333333750e+14
1.510965000000000025e+01 1.539453999999999922e+01 2.300000000000000000e+02 1.626229565217391250e+15
1.539453999999999922e+01 1.567943999999999960e+01 1.100000000000000000e+01 3.123681818181818000e+15
