# M_low [Msun/h] M_high[Msun/h] Number M_mean[Msun/h]
1.283051000000000030e+01 1.305353000000000030e+01 2.747820000000000000e+05 8.640278475300419922e+12
1.305353000000000030e+01 1.327655000000000030e+01 1.586560000000000000e+05 1.443742436466316992e+13
1.327655000000000030e+01 1.349957000000000029e+01 8.906400000000000000e+04 2.408135722626425781e+13
1.349957000000000029e+01 1.372259999999999991e+01 4.735200000000000000e+04 4.006901503632370312e+13
1.372259999999999991e+01 1.394561999999999991e+01 2.329100000000000000e+04 6.682989137435060938e+13
1.394561999999999991e+01 1.416863999999999990e+01 1.036300000000000000e+04 1.112526295474283438e+14
1.416863999999999990e+01 1.439166999999999952e+01 4.001000000000000000e+03 1.844712321919520000e+14
1.439166999999999952e+01 1.461468999999999951e+01 1.316000000000000000e+03 3.059282674772036250e+14
1.461468999999999951e+01 1.483770999999999951e+01 3.220000000000000000e+02 5.073065217391304375e+14
1.483770999999999951e+01 1.506073999999999913e+01 5.100000000000000000e+01 8.198223529411765000e+14
