# M_low [Msun/h] M_high[Msun/h] Number M_mean[Msun/h]
1.283051000000000030e+01 1.304263000000000083e+01 2.457420000000000000e+05 8.525327375865745117e+12
1.304263000000000083e+01 1.325475999999999921e+01 1.435880000000000000e+05 1.389671838872329102e+13
1.325475999999999921e+01 1.346688999999999936e+01 8.052100000000000000e+04 2.263856633673203125e+13
1.346688999999999936e+01 1.367901999999999951e+01 4.286300000000000000e+04 3.673412966894524219e+13
1.367901999999999951e+01 1.389114999999999966e+01 2.100200000000000000e+04 5.972521664603371094e+13
1.389114999999999966e+01 1.410327999999999982e+01 9.329000000000000000e+03 9.684280201522135938e+13
1.410327999999999982e+01 1.431540999999999997e+01 3.700000000000000000e+03 1.571392972972973125e+14
1.431540999999999997e+01 1.452754000000000012e+01 1.238000000000000000e+03 2.534812600969305312e+14
1.452754000000000012e+01 1.473967000000000027e+01 3.030000000000000000e+02 4.093594059405940625e+14
1.473967000000000027e+01 1.495180000000000042e+01 5.300000000000000000e+01 6.555745283018867500e+14
