# M_low [Msun/h] M_high[Msun/h] Number M_mean[Msun/h]
1.283051000000000030e+01 1.308248999999999995e+01 3.480910000000000000e+05 8.933367998598068359e+12
1.308248999999999995e+01 1.333446999999999960e+01 1.994370000000000000e+05 1.596644554420694336e+13
1.333446999999999960e+01 1.358644999999999925e+01 1.123300000000000000e+05 2.844358586308199219e+13
1.358644999999999925e+01 1.383843000000000067e+01 6.042600000000000000e+04 5.070845331479826562e+13
1.383843000000000067e+01 1.409041999999999994e+01 3.015800000000000000e+04 9.027326082631475000e+13
1.409041999999999994e+01 1.434239999999999959e+01 1.408300000000000000e+04 1.601786551160974375e+14
1.434239999999999959e+01 1.459437999999999924e+01 5.540000000000000000e+03 2.841837545126353750e+14
1.459437999999999924e+01 1.484636000000000067e+01 1.825000000000000000e+03 5.018082739726027500e+14
1.484636000000000067e+01 1.509834000000000032e+01 4.620000000000000000e+02 8.865002164502165000e+14
1.509834000000000032e+01 1.535032999999999959e+01 6.600000000000000000e+01 1.499728787878788000e+15
