# M_low [Msun/h] M_high[Msun/h] Number M_mean[Msun/h]
1.283051000000000030e+01 1.303875000000000028e+01 2.234950000000000000e+05 8.493210138929282227e+12
1.303875000000000028e+01 1.324699000000000026e+01 1.271980000000000000e+05 1.371986980927373047e+13
1.324699000000000026e+01 1.345523000000000025e+01 7.075700000000000000e+04 2.209959438642113281e+13
1.345523000000000025e+01 1.366347000000000023e+01 3.656200000000000000e+04 3.554381598380832812e+13
1.366347000000000023e+01 1.387171999999999983e+01 1.747600000000000000e+04 5.719384870679789062e+13
1.387171999999999983e+01 1.407995999999999981e+01 7.415000000000000000e+03 9.212114632501685938e+13
1.407995999999999981e+01 1.428819999999999979e+01 2.795000000000000000e+03 1.483784257602862188e+14
1.428819999999999979e+01 1.449643999999999977e+01 8.480000000000000000e+02 2.372877358490565938e+14
1.449643999999999977e+01 1.470468999999999937e+01 1.940000000000000000e+02 3.812380412371133750e+14
1.470468999999999937e+01 1.491292999999999935e+01 2.800000000000000000e+01 5.910560714285713750e+14
