# M_low [Msun/h] M_high[Msun/h] Number M_mean[Msun/h]
1.283051000000000030e+01 1.299146999999999963e+01 7.553800000000000000e+04 8.034344303529349609e+12
1.299146999999999963e+01 1.315243000000000073e+01 4.171400000000000000e+04 1.164159035335858398e+13
1.315243000000000073e+01 1.331339999999999968e+01 2.181300000000000000e+04 1.680496492917067773e+13
1.331339999999999968e+01 1.347436000000000078e+01 1.047600000000000000e+04 2.432388316151202734e+13
1.347436000000000078e+01 1.363532999999999973e+01 4.830000000000000000e+03 3.512211180124223438e+13
1.363532999999999973e+01 1.379629000000000083e+01 1.922000000000000000e+03 5.063936524453693750e+13
1.379629000000000083e+01 1.395725999999999978e+01 6.610000000000000000e+02 7.321314674735250000e+13
1.395725999999999978e+01 1.411822000000000088e+01 1.990000000000000000e+02 1.049063316582914531e+14
1.411822000000000088e+01 1.427918999999999983e+01 5.000000000000000000e+01 1.503466000000000000e+14
1.427918999999999983e+01 1.444014999999999915e+01 9.000000000000000000e+00 2.225277777777777812e+14
