# M_low [Msun/h] M_high[Msun/h] Number M_mean[Msun/h]
1.283051000000000030e+01 1.310336999999999996e+01 3.789010000000000000e+05 9.129453340054525391e+12
1.310336999999999996e+01 1.337623999999999924e+01 2.128470000000000000e+05 1.711088716307958203e+13
1.337623999999999924e+01 1.364911000000000030e+01 1.158990000000000000e+05 3.202892173357837500e+13
1.364911000000000030e+01 1.392197999999999958e+01 6.056200000000000000e+04 5.990487434364782812e+13
1.392197999999999958e+01 1.419485000000000063e+01 2.909300000000000000e+04 1.117858591413742188e+14
1.419485000000000063e+01 1.446771999999999991e+01 1.296600000000000000e+04 2.073840043189881250e+14
1.446771999999999991e+01 1.474057999999999957e+01 4.816000000000000000e+03 3.846827242524916875e+14
1.474057999999999957e+01 1.501345000000000063e+01 1.321000000000000000e+03 7.146386071158213750e+14
1.501345000000000063e+01 1.528631999999999991e+01 3.110000000000000000e+02 1.303706109324758750e+15
1.528631999999999991e+01 1.555918999999999919e+01 2.200000000000000000e+01 2.174368181818181750e+15
