9.746210185162427370e+05 5.026092340025943704e+05 3.038095482783609186e+05 1.709978392545874231e+05 8.240414520470943535e+04 3.471476901512930635e+04 1.198708938767769905e+04 4.158586034826455034e+03 5.465743773958606653e+02 9.796040915884091760e+00
5.026092340025943704e+05 3.997874081670722226e+05 1.860628227373410773e+05 1.038002299317115685e+05 5.481459596125693497e+04 2.148307066838634637e+04 8.596820018305517806e+03 2.601407684560015696e+03 4.947000662527959207e+02 5.312136519084870656e+01
3.038095482783609186e+05 1.860628227373410773e+05 1.659226567300122697e+05 6.105855832353236474e+04 3.248284619007902802e+04 1.329932161718062343e+04 5.309860057214747940e+03 1.483098241811256912e+03 2.874067424680430349e+02 7.875263958088171989e+01
1.709978392545874231e+05 1.038002299317115685e+05 6.105855832353236474e+04 5.675297481244005030e+04 1.785608848005249092e+04 8.124957119495909865e+03 2.970121958785335664e+03 9.113376863599581839e+02 1.535366669092063034e+02 1.392935842004241387e+01
8.240414520470943535e+04 5.481459596125693497e+04 3.248284619007902802e+04 1.785608848005249092e+04 1.907642694382992704e+04 3.659891866222795215e+03 1.558588148789253410e+03 4.827491316286358369e+02 1.011956908866006302e+02 1.804698970975083228e+01
3.471476901512930635e+04 2.148307066838634637e+04 1.329932161718062343e+04 8.124957119495909865e+03 3.659891866222795215e+03 5.209203579949287814e+03 6.001388781446066787e+02 2.416147609728820385e+02 2.701166126048757121e+01 4.831354046591277651e+00
1.198708938767769905e+04 8.596820018305517806e+03 5.309860057214747940e+03 2.970121958785335664e+03 1.558588148789253410e+03 6.001388781446066787e+02 1.257906947353937994e+03 8.588006326569222892e+01 8.098008203093375101e+00 5.027431727053761179e+00
4.158586034826455034e+03 2.601407684560015696e+03 1.483098241811256912e+03 9.113376863599581839e+02 4.827491316286358369e+02 2.416147609728820385e+02 8.588006326569222892e+01 2.961223953646144764e+02 3.486261158620093781e+00 8.235262579417490514e-01
5.465743773958606653e+02 4.947000662527959207e+02 2.874067424680430349e+02 1.535366669092063034e+02 1.011956908866006302e+02 2.701166126048757121e+01 8.098008203093375101e+00 3.486261158620093781e+00 3.186654462873533333e+01 7.372520785383019915e-01
9.796040915884091760e+00 5.312136519084870656e+01 7.875263958088171989e+01 1.392935842004241387e+01 1.804698970975083228e+01 4.831354046591277651e+00 5.027431727053761179e+00 8.235262579417490514e-01 7.372520785383019915e-01 3.984298466994228960e+00
