1.764580156350196106e+06 9.655325825474560261e+05 6.883137642043741653e+05 4.283010160199959064e+05 2.902991973645160906e+05 1.597118509219899715e+05 7.993633956186310388e+04 3.448510869382158853e+04 1.850070979848247589e+04 5.022208196733378827e+03 2.947651764169806370e+02 2.114509488896512579e+01 1.696593254754377611e+01
9.655325825474560261e+05 7.832759005048023537e+05 4.452321494179845904e+05 2.919356162858115276e+05 1.879618700720549095e+05 1.091387855360147369e+05 5.604854948628825514e+04 2.315479428338438811e+04 1.227894935714059284e+04 3.582242692808087668e+03 3.119548370623688243e+02 -2.638649203606585303e+01 1.091112556894574048e+01
6.883137642043741653e+05 4.452321494179845904e+05 4.086919147466889117e+05 2.009624716420758341e+05 1.337962081961241201e+05 7.915827048610604834e+04 3.726615010089935822e+04 1.628585695737969218e+04 8.752458506097731515e+03 2.026590521136427924e+03 2.656345292682491390e+02 -2.649763050390860908e+00 -6.632444706015025560e+00
4.283010160199959064e+05 2.919356162858115276e+05 2.009624716420758341e+05 1.805724263945374696e+05 8.638260938571419683e+04 4.924206525563860487e+04 2.449988171779225013e+04 1.085693611032327863e+04 6.073133477908258101e+03 1.968973377050284171e+03 1.692136828738291570e+02 2.730332003625520976e+00 1.584251321545512736e+00
2.902991973645160906e+05 1.879618700720549095e+05 1.337962081961241201e+05 8.638260938571419683e+04 8.689366499015707814e+04 3.339123196943345101e+04 1.879170117614175251e+04 7.281356879142698745e+03 3.284075685901109864e+03 1.104303808970127193e+03 1.046820458245272789e+02 6.830591405659007798e+00 6.313269083790546077e+00
1.597118509219899715e+05 1.091387855360147369e+05 7.915827048610604834e+04 4.924206525563860487e+04 3.339123196943345101e+04 3.554081544346937881e+04 1.021162538879154090e+04 4.112437311475207935e+03 2.571872299085528539e+03 6.214288734631006719e+02 6.781280988461026027e+01 8.828028012987482853e+00 5.965261473214859222e+00
7.993633956186310388e+04 5.604854948628825514e+04 3.726615010089935822e+04 2.449988171779225013e+04 1.879170117614175251e+04 1.021162538879154090e+04 1.247083046968564486e+04 2.637963786522659120e+03 1.222761661270943250e+03 3.517274045776182447e+02 1.117038694299837509e+01 7.440452041365278824e+00 3.821965370107884841e+00
3.448510869382158853e+04 2.315479428338438811e+04 1.628585695737969218e+04 1.085693611032327863e+04 7.281356879142698745e+03 4.112437311475207935e+03 2.637963786522659120e+03 3.532283256010642617e+03 4.820359170522123122e+02 1.092304397560828022e+02 2.833799801504558147e+01 3.104483131726574197e-01 2.785805179153163724e+00
1.850070979848247589e+04 1.227894935714059284e+04 8.752458506097731515e+03 6.073133477908258101e+03 3.284075685901109864e+03 2.571872299085528539e+03 1.222761661270943250e+03 4.820359170522123122e+02 1.218030139212254880e+03 8.173508879026218210e+01 1.008417500744974227e+01 -2.126871632040086890e+00 -7.088630142547317492e-01
5.022208196733378827e+03 3.582242692808087668e+03 2.026590521136427924e+03 1.968973377050284171e+03 1.104303808970127193e+03 6.214288734631006719e+02 3.517274045776182447e+02 1.092304397560828022e+02 8.173508879026218210e+01 2.712601594500625879e+02 3.750304875124376824e+00 1.572512243822761446e+00 1.529118949574002961e+00
2.947651764169806370e+02 3.119548370623688243e+02 2.656345292682491390e+02 1.692136828738291570e+02 1.046820458245272789e+02 6.781280988461026027e+01 1.117038694299837509e+01 2.833799801504558147e+01 1.008417500744974227e+01 3.750304875124376824e+00 3.391384433460596881e+01 -2.001991877529269992e-01 -6.672419601824566837e-02
2.114509488896512579e+01 -2.638649203606585303e+01 -2.649763050390860908e+00 2.730332003625520976e+00 6.830591405659007798e+00 8.828028012987482853e+00 7.440452041365278824e+00 3.104483131726574197e-01 -2.126871632040086890e+00 1.572512243822761446e+00 -2.001991877529269992e-01 2.996604923593016334e+00 -5.886457320610290374e-03
1.696593254754377611e+01 1.091112556894574048e+01 -6.632444706015025560e+00 1.584251321545512736e+00 6.313269083790546077e+00 5.965261473214859222e+00 3.821965370107884841e+00 2.785805179153163724e+00 -7.088630142547317492e-01 1.529118949574002961e+00 -6.672419601824566837e-02 -5.886457320610290374e-03 1.002526677369263375e+00
