1.367376746267473558e+06 7.562618744635713520e+05 4.810663350760685862e+05 3.122792155673165107e+05 1.722355909172118700e+05 8.209488311389146838e+04 3.889306003884264646e+04 1.323829213412766148e+04 4.057507849185450596e+03 6.743257936809541206e+02 1.671294111512123948e+02
7.562618744635713520e+05 6.402709720301177585e+05 3.210138514339435496e+05 2.020416452693640604e+05 1.143690712592743075e+05 5.531425686085390043e+04 2.724934510644357579e+04 9.204059552727912887e+03 2.207122693119096766e+03 4.621273448853523860e+02 9.013529092645610774e+01
4.810663350760685862e+05 3.210138514339435496e+05 2.711695371395420516e+05 1.263837806611855340e+05 7.321762751172042044e+04 3.476633630398471723e+04 1.633618150368348506e+04 6.699506704487118441e+03 1.796775612017248932e+03 3.344303664584367084e+02 7.097853448943689614e+01
3.122792155673165107e+05 2.020416452693640604e+05 1.263837806611855340e+05 1.145980518768751936e+05 4.383459654231955210e+04 2.217651658606049386e+04 1.044231817524695907e+04 3.660043048795553204e+03 1.119362298598656707e+03 2.384236610226154198e+02 6.840399841187210939e+01
1.722355909172118700e+05 1.143690712592743075e+05 7.321762751172042044e+04 4.383459654231955210e+04 4.522417056446545757e+04 1.350076054354934604e+04 6.782021584898388028e+03 2.286707372769747963e+03 4.335555861631860353e+02 1.389213465528243319e+02 1.837332208273933887e+01
8.209488311389146838e+04 5.531425686085390043e+04 3.476633630398471723e+04 2.217651658606049386e+04 1.350076054354934604e+04 1.576077113622912657e+04 3.254948918778157804e+03 1.228939951463588159e+03 3.607948963683528518e+02 1.792728933204774577e+01 2.875107602935310069e+01
3.889306003884264646e+04 2.724934510644357579e+04 1.633618150368348506e+04 1.044231817524695907e+04 6.782021584898388028e+03 3.254948918778157804e+03 4.326687398988902714e+03 5.655546808746642000e+02 1.392945353120359755e+02 3.325192029838112973e+01 5.529216568411024824e+00
1.323829213412766148e+04 9.204059552727912887e+03 6.699506704487118441e+03 3.660043048795553204e+03 2.286707372769747963e+03 1.228939951463588159e+03 5.655546808746642000e+02 1.174054802223073011e+03 9.189899884061804869e+01 7.734061583992963840e+00 -1.562459802543198606e+00
4.057507849185450596e+03 2.207122693119096766e+03 1.796775612017248932e+03 1.119362298598656707e+03 4.335555861631860353e+02 3.607948963683528518e+02 1.392945353120359755e+02 9.189899884061804869e+01 2.545477505856421487e+02 1.327625040362806041e+00 1.689075934751024244e+00
6.743257936809541206e+02 4.621273448853523860e+02 3.344303664584367084e+02 2.384236610226154198e+02 1.389213465528243319e+02 1.792728933204774577e+01 3.325192029838112973e+01 7.734061583992963840e+00 1.327625040362806041e+00 3.136906443509345621e+01 1.831662809230142352e+00
1.671294111512123948e+02 9.013529092645610774e+01 7.097853448943689614e+01 6.840399841187210939e+01 1.837332208273933887e+01 2.875107602935310069e+01 5.529216568411024824e+00 -1.562459802543198606e+00 1.689075934751024244e+00 1.831662809230142352e+00 3.002487662060904228e+00
