# M_low [Msun/h] M_high[Msun/h] Number M_mean[Msun/h]
1.284674000000000049e+01 1.295138999999999996e+01 9.621000000000000000e+03 7.842066313273048828e+12
1.295138999999999996e+01 1.305603999999999942e+01 5.510000000000000000e+03 9.990607985480943359e+12
1.305603999999999942e+01 1.316069000000000067e+01 3.063000000000000000e+03 1.269423767548155469e+13
1.316069000000000067e+01 1.326534000000000013e+01 1.558000000000000000e+03 1.622874197689345312e+13
1.326534000000000013e+01 1.336998999999999960e+01 7.590000000000000000e+02 2.053656126482213281e+13
1.336998999999999960e+01 1.347464000000000084e+01 3.600000000000000000e+02 2.599024722222222266e+13
1.347464000000000084e+01 1.357929000000000030e+01 1.590000000000000000e+02 3.303418867924528125e+13
1.357929000000000030e+01 1.368393999999999977e+01 5.900000000000000000e+01 4.178522033898305469e+13
1.368393999999999977e+01 1.378857999999999961e+01 3.200000000000000000e+01 5.293934375000000000e+13
1.378857999999999961e+01 1.389323000000000086e+01 8.000000000000000000e+00 6.851737500000000000e+13
