# M_low [Msun/h] M_high[Msun/h] Number M_mean[Msun/h]
1.284674000000000049e+01 1.309412000000000020e+01 3.208910000000000000e+05 9.214434184816650391e+12
1.309412000000000020e+01 1.334150999999999954e+01 1.828400000000000000e+05 1.628219754977029102e+13
1.334150999999999954e+01 1.358888999999999925e+01 1.003340000000000000e+05 2.872091215340761719e+13
1.358888999999999925e+01 1.383628000000000036e+01 5.241500000000000000e+04 5.056525803682152344e+13
1.383628000000000036e+01 1.408366000000000007e+01 2.573800000000000000e+04 8.906632216955475000e+13
1.408366000000000007e+01 1.433104999999999940e+01 1.131900000000000000e+04 1.566391907412315625e+14
1.433104999999999940e+01 1.457843000000000089e+01 4.107000000000000000e+03 2.746403700998295625e+14
1.457843000000000089e+01 1.482581000000000060e+01 1.157000000000000000e+03 4.780210890233361875e+14
1.482581000000000060e+01 1.507319999999999993e+01 2.660000000000000000e+02 8.211375939849623750e+14
1.507319999999999993e+01 1.532057999999999964e+01 3.800000000000000000e+01 1.433850000000000000e+15
