# M_low [Msun/h] M_high[Msun/h] Number M_mean[Msun/h]
1.284674000000000049e+01 1.299823999999999913e+01 6.262000000000000000e+04 8.267034493771958008e+12
1.299823999999999913e+01 1.314973999999999954e+01 3.542400000000000000e+04 1.172258638211382031e+13
1.314973999999999954e+01 1.330123999999999995e+01 1.934500000000000000e+04 1.654303437580770312e+13
1.330123999999999995e+01 1.345274000000000036e+01 9.445000000000000000e+03 2.343149814716781250e+13
1.345274000000000036e+01 1.360424000000000078e+01 4.395000000000000000e+03 3.310288964732650781e+13
1.360424000000000078e+01 1.375573999999999941e+01 1.874000000000000000e+03 4.670218783351120312e+13
1.375573999999999941e+01 1.390723999999999982e+01 6.480000000000000000e+02 6.602456790123457031e+13
1.390723999999999982e+01 1.405874999999999986e+01 2.390000000000000000e+02 9.377732217573221875e+13
1.405874999999999986e+01 1.421025000000000027e+01 4.900000000000000000e+01 1.313973469387755156e+14
1.421025000000000027e+01 1.436175000000000068e+01 1.500000000000000000e+01 1.861053333333333438e+14
