# M_low [Msun/h] M_high[Msun/h] Number M_mean[Msun/h]
1.284674000000000049e+01 1.307757999999999932e+01 2.710940000000000000e+05 9.039469704235431641e+12
1.307757999999999932e+01 1.330841999999999992e+01 1.526970000000000000e+05 1.538043969429654883e+13
1.330841999999999992e+01 1.353924999999999912e+01 8.289600000000000000e+04 2.613364939200926562e+13
1.353924999999999912e+01 1.377008999999999972e+01 4.230300000000000000e+04 4.425513556958135156e+13
1.377008999999999972e+01 1.400093000000000032e+01 2.014300000000000000e+04 7.501995730526734375e+13
1.400093000000000032e+01 1.423176999999999914e+01 8.332000000000000000e+03 1.271699471915506406e+14
1.423176999999999914e+01 1.446260999999999974e+01 2.864000000000000000e+03 2.130789804469273750e+14
1.446260999999999974e+01 1.469345000000000034e+01 7.940000000000000000e+02 3.595515113350126250e+14
1.469345000000000034e+01 1.492427999999999955e+01 1.590000000000000000e+02 5.963177987421383750e+14
1.492427999999999955e+01 1.515512000000000015e+01 2.100000000000000000e+01 1.023805714285714250e+15
