# M_low [Msun/h] M_high[Msun/h] Number M_mean[Msun/h]
1.284674000000000049e+01 1.312078999999999951e+01 3.727080000000000000e+05 9.486109769578330078e+12
1.312078999999999951e+01 1.339484999999999992e+01 2.087280000000000000e+05 1.783031984209114062e+13
1.339484999999999992e+01 1.366891000000000034e+01 1.127640000000000000e+05 3.348667127806746875e+13
1.366891000000000034e+01 1.394295999999999935e+01 5.787400000000000000e+04 6.273305802260082031e+13
1.394295999999999935e+01 1.421701999999999977e+01 2.803200000000000000e+04 1.175508347602739688e+14
1.421701999999999977e+01 1.449107000000000056e+01 1.226100000000000000e+04 2.189575891036620312e+14
1.449107000000000056e+01 1.476512999999999920e+01 4.381000000000000000e+03 4.070723579091531875e+14
1.476512999999999920e+01 1.503917999999999999e+01 1.205000000000000000e+03 7.580003319502075000e+14
1.503917999999999999e+01 1.531324000000000041e+01 2.190000000000000000e+02 1.379771232876712250e+15
1.531324000000000041e+01 1.558730000000000082e+01 2.800000000000000000e+01 2.483928571428571500e+15
