# M_low [Msun/h] M_high[Msun/h] Number M_mean[Msun/h]
1.284674000000000049e+01 1.312673000000000023e+01 3.857260000000000000e+05 9.561066663901318359e+12
1.312673000000000023e+01 1.340671000000000035e+01 2.142880000000000000e+05 1.822251362652131641e+13
1.340671000000000035e+01 1.368670000000000009e+01 1.164410000000000000e+05 3.464572616174715234e+13
1.368670000000000009e+01 1.396668000000000021e+01 6.010500000000000000e+04 6.587017718991764062e+13
1.396668000000000021e+01 1.424666999999999994e+01 2.927000000000000000e+04 1.250507345404851406e+14
1.424666999999999994e+01 1.452665999999999968e+01 1.306100000000000000e+04 2.363458387566036250e+14
1.452665999999999968e+01 1.480663999999999980e+01 4.705000000000000000e+03 4.441681190223166875e+14
1.480663999999999980e+01 1.508662999999999954e+01 1.307000000000000000e+03 8.403091048201988750e+14
1.508662999999999954e+01 1.536660999999999966e+01 2.610000000000000000e+02 1.552565134099616750e+15
1.536660999999999966e+01 1.564659999999999940e+01 3.000000000000000000e+01 2.768920000000000000e+15
