# M_low [Msun/h] M_high[Msun/h] Number M_mean[Msun/h]
1.284674000000000049e+01 1.306457999999999942e+01 2.193050000000000000e+05 8.901894621645652344e+12
1.306457999999999942e+01 1.328241000000000049e+01 1.204470000000000000e+05 1.469325927586407227e+13
1.328241000000000049e+01 1.350024999999999942e+01 6.372900000000000000e+04 2.420533822906369141e+13
1.350024999999999942e+01 1.371808000000000050e+01 3.148000000000000000e+04 3.979240787801778906e+13
1.371808000000000050e+01 1.393591999999999942e+01 1.413000000000000000e+04 6.548343241330502344e+13
1.393591999999999942e+01 1.415376000000000012e+01 5.379000000000000000e+03 1.073929168990518750e+14
1.415376000000000012e+01 1.437158999999999942e+01 1.743000000000000000e+03 1.758101549053356250e+14
1.437158999999999942e+01 1.458943000000000012e+01 4.330000000000000000e+02 2.870293302540415625e+14
1.458943000000000012e+01 1.480725999999999942e+01 7.600000000000000000e+01 4.578017105263158125e+14
1.480725999999999942e+01 1.502510000000000012e+01 8.000000000000000000e+00 7.620337500000000000e+14
