# M_low [Msun/h] M_high[Msun/h] Number M_mean[Msun/h]
1.284674000000000049e+01 1.308674000000000071e+01 2.981260000000000000e+05 9.138693035830488281e+12
1.308674000000000071e+01 1.332675000000000054e+01 1.679670000000000000e+05 1.586403281596980273e+13
1.332675000000000054e+01 1.356675000000000075e+01 9.197200000000000000e+04 2.750655634323489844e+13
1.356675000000000075e+01 1.380674999999999919e+01 4.733200000000000000e+04 4.765376489478576562e+13
1.380674999999999919e+01 1.404674999999999940e+01 2.258900000000000000e+04 8.241679578555934375e+13
1.404674999999999940e+01 1.428675999999999924e+01 9.665000000000000000e+03 1.423967925504397188e+14
1.428675999999999924e+01 1.452675999999999945e+01 3.438000000000000000e+03 2.447419429901105312e+14
1.452675999999999945e+01 1.476675999999999966e+01 9.210000000000000000e+02 4.211722041259500625e+14
1.476675999999999966e+01 1.500676999999999950e+01 1.970000000000000000e+02 7.173837563451776250e+14
1.500676999999999950e+01 1.524676999999999971e+01 2.400000000000000000e+01 1.233895833333333250e+15
