# M_low [Msun/h] M_high[Msun/h] Number M_mean[Msun/h]
1.284674000000000049e+01 1.307403000000000048e+01 2.473620000000000000e+05 8.996527356667556641e+12
1.307403000000000048e+01 1.330133000000000010e+01 1.369150000000000000e+05 1.517164664207720117e+13
1.330133000000000010e+01 1.352862000000000009e+01 7.308200000000000000e+04 2.553898360745464062e+13
1.352862000000000009e+01 1.375591999999999970e+01 3.603500000000000000e+04 4.298157347023726562e+13
1.375591999999999970e+01 1.398320999999999970e+01 1.642800000000000000e+04 7.214694424153884375e+13
1.398320999999999970e+01 1.421050999999999931e+01 6.335000000000000000e+03 1.210837884767166562e+14
1.421050999999999931e+01 1.443779999999999930e+01 2.052000000000000000e+03 2.018154970760234062e+14
1.443779999999999930e+01 1.466510000000000069e+01 5.360000000000000000e+02 3.371949626865671875e+14
1.466510000000000069e+01 1.489239000000000068e+01 8.400000000000000000e+01 5.524902380952381250e+14
1.489239000000000068e+01 1.511968000000000067e+01 1.000000000000000000e+01 8.769600000000000000e+14
