# M_low [Msun/h] M_high[Msun/h] Number M_mean[Msun/h]
1.288090000000000046e+01 1.313216000000000072e+01 3.603540000000000000e+05 1.000627438574290820e+13
1.313216000000000072e+01 1.338341999999999921e+01 2.013890000000000000e+05 1.784231015596680859e+13
1.338341999999999921e+01 1.363467999999999947e+01 1.082970000000000000e+05 3.177859959186311719e+13
1.363467999999999947e+01 1.388593000000000011e+01 5.536400000000000000e+04 5.639964597933675000e+13
1.388593000000000011e+01 1.413719000000000037e+01 2.593200000000000000e+04 1.000856085145765781e+14
1.413719000000000037e+01 1.438845000000000063e+01 1.053100000000000000e+04 1.772998765549330625e+14
1.438845000000000063e+01 1.463970999999999911e+01 3.581000000000000000e+03 3.128237922368053750e+14
1.463970999999999911e+01 1.489096999999999937e+01 9.490000000000000000e+02 5.500554267650158125e+14
1.489096999999999937e+01 1.514222999999999963e+01 1.640000000000000000e+02 9.541792682926828750e+14
1.514222999999999963e+01 1.539348999999999990e+01 1.700000000000000000e+01 1.668594117647058750e+15
