# M_low [Msun/h] M_high[Msun/h] Number M_mean[Msun/h]
1.288090000000000046e+01 1.301737999999999928e+01 2.877900000000000000e+04 8.783123110601480469e+12
1.301737999999999928e+01 1.315386999999999951e+01 1.523500000000000000e+04 1.200662947161142188e+13
1.315386999999999951e+01 1.329035000000000011e+01 7.711000000000000000e+03 1.641963428867851172e+13
1.329035000000000011e+01 1.342683000000000071e+01 3.623000000000000000e+03 2.244274082252276953e+13
1.342683000000000071e+01 1.356331999999999915e+01 1.533000000000000000e+03 3.061707110241356641e+13
1.356331999999999915e+01 1.369979999999999976e+01 5.890000000000000000e+02 4.203772495755517969e+13
1.369979999999999976e+01 1.383628000000000036e+01 2.050000000000000000e+02 5.660078048780487500e+13
1.383628000000000036e+01 1.397277000000000058e+01 6.600000000000000000e+01 7.837175757575757812e+13
1.397277000000000058e+01 1.410924999999999940e+01 1.700000000000000000e+01 1.067830588235294062e+14
1.410924999999999940e+01 1.424573000000000000e+01 5.000000000000000000e+00 1.494540000000000000e+14
