# M_low [Msun/h] M_high[Msun/h] Number M_mean[Msun/h]
1.288090000000000046e+01 1.311462000000000039e+01 3.042230000000000000e+05 9.806651699575640625e+12
1.311462000000000039e+01 1.334834000000000032e+01 1.696270000000000000e+05 1.678672616977250000e+13
1.334834000000000032e+01 1.358206000000000024e+01 9.139700000000000000e+04 2.869842555007275781e+13
1.358206000000000024e+01 1.381578000000000017e+01 4.614000000000000000e+04 4.895322930212396875e+13
1.381578000000000017e+01 1.404949000000000048e+01 2.101000000000000000e+04 8.340214183722037500e+13
1.404949000000000048e+01 1.428321000000000041e+01 8.402000000000000000e+03 1.419559628659842812e+14
1.428321000000000041e+01 1.451693000000000033e+01 2.870000000000000000e+03 2.421026480836236875e+14
1.451693000000000033e+01 1.475065000000000026e+01 7.260000000000000000e+02 4.115359504132231250e+14
1.475065000000000026e+01 1.498437000000000019e+01 1.280000000000000000e+02 6.808506250000000000e+14
1.498437000000000019e+01 1.521809000000000012e+01 1.200000000000000000e+01 1.168491666666666750e+15
