# M_low [Msun/h] M_high[Msun/h] Number M_mean[Msun/h]
1.288090000000000046e+01 1.309845999999999933e+01 2.127710000000000000e+05 9.625038186594978516e+12
1.309845999999999933e+01 1.331601999999999997e+01 1.129610000000000000e+05 1.584893016173723633e+13
1.331601999999999997e+01 1.353358000000000061e+01 5.728800000000000000e+04 2.606593003770423047e+13
1.353358000000000061e+01 1.375112999999999985e+01 2.641900000000000000e+04 4.284586850372837500e+13
1.375112999999999985e+01 1.396869000000000050e+01 1.065900000000000000e+04 7.038022328548643750e+13
1.396869000000000050e+01 1.418624999999999936e+01 3.742000000000000000e+03 1.154801977552111094e+14
1.418624999999999936e+01 1.440381000000000000e+01 1.104000000000000000e+03 1.877790760869565312e+14
1.440381000000000000e+01 1.462137000000000064e+01 2.070000000000000000e+02 3.099098067632850000e+14
1.462137000000000064e+01 1.483892999999999951e+01 3.100000000000000000e+01 4.851000000000000000e+14
1.483892999999999951e+01 1.505649000000000015e+01 2.000000000000000000e+00 8.547900000000000000e+14
