# M_low [Msun/h] M_high[Msun/h] Number M_mean[Msun/h]
1.288090000000000046e+01 1.308990000000000009e+01 1.813980000000000000e+05 9.520474316144609375e+12
1.308990000000000009e+01 1.329889999999999972e+01 9.562700000000000000e+04 1.536739623746431445e+13
1.329889999999999972e+01 1.350789999999999935e+01 4.776300000000000000e+04 2.478634089148503906e+13
1.350789999999999935e+01 1.371691000000000038e+01 2.180400000000000000e+04 4.004064391854705469e+13
1.371691000000000038e+01 1.392591000000000001e+01 8.672000000000000000e+03 6.460773754612546094e+13
1.392591000000000001e+01 1.413490999999999964e+01 2.943000000000000000e+03 1.037543662928984062e+14
1.413490999999999964e+01 1.434390999999999927e+01 8.450000000000000000e+02 1.643571597633136250e+14
1.434390999999999927e+01 1.455291000000000068e+01 1.810000000000000000e+02 2.668200000000000000e+14
1.455291000000000068e+01 1.476191000000000031e+01 2.300000000000000000e+01 4.171313043478260625e+14
1.476191000000000031e+01 1.497090999999999994e+01 2.000000000000000000e+00 6.705500000000000000e+14
