# M_low [Msun/h] M_high[Msun/h] Number M_mean[Msun/h]
1.288090000000000046e+01 1.310440000000000005e+01 2.425220000000000000e+05 9.680466102044351562e+12
1.310440000000000005e+01 1.332789999999999964e+01 1.322460000000000000e+05 1.617237572402946094e+13
1.332789999999999964e+01 1.355139999999999922e+01 6.800600000000000000e+04 2.698417786665882422e+13
1.355139999999999922e+01 1.377490000000000059e+01 3.241500000000000000e+04 4.495215178158260156e+13
1.377490000000000059e+01 1.399840000000000018e+01 1.347700000000000000e+04 7.481301476589745312e+13
1.399840000000000018e+01 1.422190999999999939e+01 4.954000000000000000e+03 1.246161889382317344e+14
1.422190999999999939e+01 1.444541000000000075e+01 1.517000000000000000e+03 2.059448912326961250e+14
1.444541000000000075e+01 1.466891000000000034e+01 3.160000000000000000e+02 3.394518987341771875e+14
1.466891000000000034e+01 1.489240999999999993e+01 4.900000000000000000e+01 5.373667346938775625e+14
1.489240999999999993e+01 1.511590999999999951e+01 3.000000000000000000e+00 1.025586666666666625e+15
