# M_low [Msun/h] M_high[Msun/h] Number M_mean[Msun/h]
1.288090000000000046e+01 1.312317000000000000e+01 3.363830000000000000e+05 9.908812276482462891e+12
1.312317000000000000e+01 1.336542999999999992e+01 1.885080000000000000e+05 1.730884100409531641e+13
1.336542999999999992e+01 1.360769999999999946e+01 1.021250000000000000e+05 3.016146878824969531e+13
1.360769999999999946e+01 1.384995999999999938e+01 5.234100000000000000e+04 5.248149634130032031e+13
1.384995999999999938e+01 1.409223000000000070e+01 2.455200000000000000e+04 9.124413489736070312e+13
1.409223000000000070e+01 1.433450000000000024e+01 9.994000000000000000e+03 1.583983390034020312e+14
1.433450000000000024e+01 1.457676000000000016e+01 3.442000000000000000e+03 2.752499709471237500e+14
1.457676000000000016e+01 1.481902999999999970e+01 9.140000000000000000e+02 4.745606126914660625e+14
1.481902999999999970e+01 1.506129999999999924e+01 1.760000000000000000e+02 8.097414772727272500e+14
1.506129999999999924e+01 1.530355999999999916e+01 1.500000000000000000e+01 1.378206666666666750e+15
