1.610747184343518224e+06 8.576238526966392528e+05 5.446509408125866903e+05 3.064644787226469489e+05 1.559153981526406133e+05 8.055178081033000490e+04 3.341072606202032330e+04 1.100887883354873702e+04 2.988996788169636147e+03 4.933598157970376406e+02 3.622203589400017165e+01
8.576238526966392528e+05 6.572873385784700513e+05 3.475489585305940127e+05 1.892060790982393955e+05 1.014943744233667239e+05 5.102760032671102817e+04 2.188631328391694115e+04 7.395763353150305193e+03 1.580404807250841486e+03 2.513621576961224093e+02 3.135073825567651795e+01
5.446509408125866903e+05 3.475489585305940127e+05 2.772171572635567863e+05 1.222080081730013335e+05 6.691918310408249090e+04 3.345461077440928057e+04 1.355209518410849341e+04 4.753055251486447560e+03 1.329233508027773723e+03 1.613194866766104951e+02 4.085467002261874114e+01
3.064644787226469489e+05 1.892060790982393955e+05 1.222080081730013335e+05 9.960136422540854255e+04 3.505930948643026932e+04 1.959223914302753474e+04 7.989017654903195762e+03 2.643791858377411245e+03 6.830784082324490782e+02 8.662364615667253531e+01 2.017326548282509080e+01
1.559153981526406133e+05 1.014943744233667239e+05 6.691918310408249090e+04 3.505930948643026932e+04 3.526419068238221371e+04 1.038648867511974277e+04 4.430382329724136071e+03 1.775198538121950833e+03 4.181446481951400074e+02 3.410278637402404200e+01 6.380848137596958125e+00
8.055178081033000490e+04 5.102760032671102817e+04 3.345461077440928057e+04 1.959223914302753474e+04 1.038648867511974277e+04 1.072215537434543148e+04 2.380828269935047047e+03 6.941389399282885506e+02 2.415349947676729983e+02 4.575762874463044483e+01 1.183138440281812365e+00
3.341072606202032330e+04 2.188631328391694115e+04 1.355209518410849341e+04 7.989017654903195762e+03 4.430382329724136071e+03 2.380828269935047047e+03 3.176034071100621532e+03 3.666625835514088294e+02 4.855119950447542010e+01 1.634245091004444106e+01 -1.212920039239827386e+00
1.100887883354873702e+04 7.395763353150305193e+03 4.753055251486447560e+03 2.643791858377411245e+03 1.775198538121950833e+03 6.941389399282885506e+02 3.666625835514088294e+02 7.604910638946317931e+02 2.720942310815276954e+01 5.074874927261105562e+00 1.806529148780314564e+00
2.988996788169636147e+03 1.580404807250841486e+03 1.329233508027773723e+03 6.830784082324490782e+02 4.181446481951400074e+02 2.415349947676729983e+02 4.855119950447542010e+01 2.720942310815276954e+01 1.384622507933802069e+02 8.487103033103816641e-01 1.742019462724869738e+00
4.933598157970376406e+02 2.513621576961224093e+02 1.613194866766104951e+02 8.662364615667253531e+01 3.410278637402404200e+01 4.575762874463044483e+01 1.634245091004444106e+01 5.074874927261105562e+00 8.487103033103816641e-01 1.843567804707201674e+01 -3.738003672251744708e-02
3.622203589400017165e+01 3.135073825567651795e+01 4.085467002261874114e+01 2.017326548282509080e+01 6.380848137596958125e+00 1.183138440281812365e+00 -1.212920039239827386e+00 1.806529148780314564e+00 1.742019462724869738e+00 -3.738003672251744708e-02 1.004927082909484737e+00
