2.330396343816174660e+06 1.419170703109084629e+06 9.792987021390738664e+05 6.572022855265145190e+05 4.946070341423440841e+05 2.853717216599737876e+05 1.962490619504213391e+05 1.013349599940719636e+05 4.887656346871967980e+04 2.486160700719476517e+04 8.164128865180914545e+03 1.153924364340975444e+03 2.421437087991053261e+02
1.419170703109084629e+06 1.204369332193812355e+06 6.967534585339410696e+05 4.703032765819922206e+05 3.337835805524775642e+05 1.966630552552150621e+05 1.428686885202855337e+05 6.935817265602429688e+04 3.637514335043619940e+04 1.675031645898907300e+04 5.944961314076613235e+03 7.930578944799611918e+02 7.326371417874041470e+01
9.792987021390738664e+05 6.967534585339410696e+05 6.184012564496756531e+05 3.143199788777586655e+05 2.332843243548168975e+05 1.357478427814997267e+05 9.283478802238751086e+04 4.745214304165501380e+04 2.443216714225990290e+04 1.179751822577130224e+04 3.883997602336528416e+03 4.702054455676404245e+02 1.179509370370897159e+01
6.572022855265145190e+05 4.703032765819922206e+05 3.143199788777586655e+05 2.863375433299549622e+05 1.604465632855133736e+05 8.879007565058590262e+04 6.584524714831568417e+04 3.281859652533257758e+04 1.708528925350358986e+04 7.453333086635248037e+03 2.300659997501346879e+03 2.348251699130715906e+02 2.883381547745000972e+01
4.946070341423440841e+05 3.337835805524775642e+05 2.332843243548168975e+05 1.604465632855133736e+05 1.594394648323378933e+05 6.819956381466980383e+04 4.683685175662922120e+04 2.472942700641136980e+04 1.237202047118961855e+04 5.709832991090559517e+03 1.952951069790108932e+03 1.928410234279760402e+02 5.794547350091678872e+00
2.853717216599737876e+05 1.966630552552150621e+05 1.357478427814997267e+05 8.879007565058590262e+04 6.819956381466980383e+04 6.335639241174683411e+04 2.727342847825419085e+04 1.496712044258978858e+04 7.049715154892035571e+03 3.753292828463017031e+03 1.212146050828691386e+03 1.850965214649861821e+02 5.808514909283923799e+01
1.962490619504213391e+05 1.428686885202855337e+05 9.283478802238751086e+04 6.584524714831568417e+04 4.683685175662922120e+04 2.727342847825419085e+04 3.520237954418671870e+04 1.066679107103926981e+04 5.801866435920772346e+03 2.733448253805736385e+03 7.331344260121430807e+02 1.173597924886886688e+02 -2.731423935143014514e+00
1.013349599940719636e+05 6.935817265602429688e+04 4.745214304165501380e+04 3.281859652533257758e+04 2.472942700641136980e+04 1.496712044258978858e+04 1.066679107103926981e+04 1.137785840204007582e+04 3.089548843564374693e+03 1.392401726263999990e+03 4.971824157330943876e+02 3.208061270017478250e+01 2.285503549177820304e+01
4.887656346871967980e+04 3.637514335043619940e+04 2.443216714225990290e+04 1.708528925350358986e+04 1.237202047118961855e+04 7.049715154892035571e+03 5.801866435920772346e+03 3.089548843564374693e+03 3.956268391249464003e+03 6.130447709952768491e+02 2.652001245688518338e+02 2.137741730490703418e+01 1.284812620969730368e+01
2.486160700719476517e+04 1.675031645898907300e+04 1.179751822577130224e+04 7.453333086635248037e+03 5.709832991090559517e+03 3.753292828463017031e+03 2.733448253805736385e+03 1.392401726263999990e+03 6.130447709952768491e+02 1.252332025037173707e+03 1.273781016290411685e+02 1.371206846218108311e+01 1.049712504237332489e+01
8.164128865180914545e+03 5.944961314076613235e+03 3.883997602336528416e+03 2.300659997501346879e+03 1.952951069790108932e+03 1.212146050828691386e+03 7.331344260121430807e+02 4.971824157330943876e+02 2.652001245688518338e+02 1.273781016290411685e+02 3.315855689563678084e+02 6.630830494917252516e+00 2.884409963606026750e+00
1.153924364340975444e+03 7.930578944799611918e+02 4.702054455676404245e+02 2.348251699130715906e+02 1.928410234279760402e+02 1.850965214649861821e+02 1.173597924886886688e+02 3.208061270017478250e+01 2.137741730490703418e+01 1.371206846218108311e+01 6.630830494917252516e+00 6.813171726012699025e+01 -1.198176199127247044e+00
2.421437087991053261e+02 7.326371417874041470e+01 1.179509370370897159e+01 2.883381547745000972e+01 5.794547350091678872e+00 5.808514909283923799e+01 -2.731423935143014514e+00 2.285503549177820304e+01 1.284812620969730368e+01 1.049712504237332489e+01 2.884409963606026750e+00 -1.198176199127247044e+00 9.858314165714892496e+00
