1.940505481072447263e+06 1.096020582509988686e+06 8.125449517070396105e+05 4.750177575943052070e+05 3.190158465195200988e+05 1.868175601498499746e+05 1.104076919832492713e+05 5.357126086279276933e+04 2.650430386385965176e+04 8.265594362146195635e+03 2.497209926355071275e+03 9.870488550099353233e+02 1.233535501458890735e+02
1.096020582509988686e+06 9.079126231046288740e+05 5.358957267724749399e+05 3.307815452574514784e+05 2.108459999665722717e+05 1.283442177551654459e+05 7.698399714011207107e+04 3.741787298516733426e+04 1.692261984335359739e+04 4.320047451443569116e+03 1.296687668089446333e+03 4.729671821217322076e+02 1.162292381094394500e+02
8.125449517070396105e+05 5.358957267724749399e+05 4.965109236278475146e+05 2.432171689080981887e+05 1.609179616605510819e+05 9.773132155865096138e+04 5.523492783281349693e+04 2.585456463121524212e+04 1.176328291746976356e+04 3.908923317296982987e+03 1.023333139467735123e+03 4.443154252593064371e+02 6.865369658406466158e+01
4.750177575943052070e+05 3.307815452574514784e+05 2.432171689080981887e+05 2.106445635309475765e+05 9.835407947961009631e+04 6.343838873315715318e+04 3.479944638765086711e+04 1.639735454627958097e+04 7.632980652924763490e+03 1.996552186758243124e+03 8.610946405091220868e+02 2.450952096036932346e+02 5.180348785252235189e+01
3.190158465195200988e+05 2.108459999665722717e+05 1.609179616605510819e+05 9.835407947961009631e+04 9.947549170935580332e+04 4.032963708768676588e+04 2.405832271195651265e+04 1.101170985755601941e+04 4.938724710754950138e+03 1.630991299791161055e+03 4.010024310905261586e+02 1.204079882741363292e+02 1.549732603121890939e+01
1.868175601498499746e+05 1.283442177551654459e+05 9.773132155865096138e+04 6.343838873315715318e+04 4.032963708768676588e+04 4.246724896212189924e+04 1.403590223695621899e+04 6.972475155016073586e+03 2.944507125235727926e+03 1.152016158281837534e+03 1.311929017354411258e+02 9.760980788010650144e+01 2.934111795413038237e+01
1.104076919832492713e+05 7.698399714011207107e+04 5.523492783281349693e+04 3.479944638765086711e+04 2.405832271195651265e+04 1.403590223695621899e+04 1.706699887046413642e+04 4.308452943954760485e+03 1.808329047129530636e+03 4.800782594183425545e+02 1.388220832262906015e+02 8.535209481951893906e+01 1.277447231085592527e+01
5.357126086279276933e+04 3.741787298516733426e+04 2.585456463121524212e+04 1.639735454627958097e+04 1.101170985755601941e+04 6.972475155016073586e+03 4.308452943954760485e+03 5.587072620363271199e+03 7.389861749887172664e+02 2.136082984642585529e+02 1.021389298999831254e+02 2.552035008059585408e+01 1.657529438846021774e+00
2.650430386385965176e+04 1.692261984335359739e+04 1.176328291746976356e+04 7.632980652924763490e+03 4.938724710754950138e+03 2.944507125235727926e+03 1.808329047129530636e+03 7.389861749887172664e+02 1.824707428685918785e+03 1.147268509874970732e+02 3.323112316868141392e+01 1.681073690321479930e+01 7.281644276697060825e+00
8.265594362146195635e+03 4.320047451443569116e+03 3.908923317296982987e+03 1.996552186758243124e+03 1.630991299791161055e+03 1.152016158281837534e+03 4.800782594183425545e+02 2.136082984642585529e+02 1.147268509874970732e+02 4.971959295430750103e+02 1.512224337551322151e+01 3.901219185917482069e+00 1.808481389089161007e-01
2.497209926355071275e+03 1.296687668089446333e+03 1.023333139467735123e+03 8.610946405091220868e+02 4.010024310905261586e+02 1.311929017354411258e+02 1.388220832262906015e+02 1.021389298999831254e+02 3.323112316868141392e+01 1.512224337551322151e+01 9.272959854774138932e+01 4.591307943606060427e+00 -1.532589054208126633e-01
9.870488550099353233e+02 4.729671821217322076e+02 4.443154252593064371e+02 2.450952096036932346e+02 1.204079882741363292e+02 9.760980788010650144e+01 8.535209481951893906e+01 2.552035008059585408e+01 1.681073690321479930e+01 3.901219185917482069e+00 4.591307943606060427e+00 1.559269119380111412e+01 -3.142729009656620304e-02
1.233535501458890735e+02 1.162292381094394500e+02 6.865369658406466158e+01 5.180348785252235189e+01 1.549732603121890939e+01 2.934111795413038237e+01 1.277447231085592527e+01 1.657529438846021774e+00 7.281644276697060825e+00 1.808481389089161007e-01 -1.532589054208126633e-01 -3.142729009656620304e-02 1.003402976116930745e+00
