# logM_lo logM_hi N Mave
1.280820552130574619e+01 1.301779524524045861e+01 9.831400000000000000e+04 8.019374898793000000e+12
1.301779524524045861e+01 1.322738496917517104e+01 4.600000000000000000e+04 1.293686060869500000e+13
1.322738496917517104e+01 1.343697469310988524e+01 1.930600000000000000e+04 2.091965782658200000e+13
1.343697469310988524e+01 1.364656441704459766e+01 7.194000000000000000e+03 3.370814831804200000e+13
1.364656441704459766e+01 1.385615414097931009e+01 2.217000000000000000e+03 5.393708750563800000e+13
1.385615414097931009e+01 1.406574386491402251e+01 5.460000000000000000e+02 8.647988827838800000e+13
1.406574386491402251e+01 1.427533358884873493e+01 1.000000000000000000e+02 1.424539000000000000e+14
1.427533358884873493e+01 1.448492331278344736e+01 1.100000000000000000e+01 2.238072727272720000e+14
1.448492331278344736e+01 1.469451303671815978e+01 1.000000000000000000e+00 4.082000000000000000e+14
