1.512513361069367500e+06 8.637088032584136818e+05 5.260868467769784620e+05 3.295138145290425746e+05 1.802115029066198331e+05 1.001527711687932897e+05 4.566499265610430302e+04 1.763846117343396691e+04 5.208531108264710383e+03 1.001808174952854074e+03 2.130380928060406234e+02
8.637088032584136818e+05 7.169443985882103443e+05 3.526941813951476361e+05 2.209813094647636171e+05 1.186652278855752229e+05 6.468324713324001641e+04 3.038504071939214191e+04 1.095416799562462256e+04 2.682211500473203159e+03 7.084174971020753446e+02 1.194267369401845826e+02
5.260868467769784620e+05 3.526941813951476361e+05 2.982957900389615679e+05 1.380620905338544981e+05 7.305655876572223497e+04 4.050770151896708558e+04 1.809080137042823480e+04 7.877150865084049656e+03 1.947053113169444714e+03 4.363280456269562251e+02 1.540208393077542723e+02
3.295138145290425746e+05 2.209813094647636171e+05 1.380620905338544981e+05 1.275917007856788987e+05 4.828183710128162784e+04 2.829524407900002552e+04 1.081628662729448479e+04 4.688501912102270580e+03 1.373742341068404812e+03 1.879441085354604013e+02 2.655720344096498664e+01
1.802115029066198331e+05 1.186652278855752229e+05 7.305655876572223497e+04 4.828183710128162784e+04 4.530138568423288234e+04 1.314422274521826330e+04 6.465936068756960594e+03 2.689518987406451288e+03 5.256251288542238171e+02 1.584881244225989860e+02 1.712326052340252147e+01
1.001527711687932897e+05 6.468324713324001641e+04 4.050770151896708558e+04 2.829524407900002552e+04 1.314422274521826330e+04 1.627459402686621252e+04 4.210627196049480517e+03 1.719578310741103905e+03 4.651229589128739121e+02 6.952835327322732439e+01 2.982819892212874890e+01
4.566499265610430302e+04 3.038504071939214191e+04 1.809080137042823480e+04 1.081628662729448479e+04 6.465936068756960594e+03 4.210627196049480517e+03 4.894711219152404738e+03 6.685406348070684999e+02 1.789724028348238107e+02 3.654393090569899982e+01 3.289548468759283750e+00
1.763846117343396691e+04 1.095416799562462256e+04 7.877150865084049656e+03 4.688501912102270580e+03 2.689518987406451288e+03 1.719578310741103905e+03 6.685406348070684999e+02 1.265715229459677403e+03 1.028907312589554266e+02 2.537015419786728287e+01 7.237612906498135601e+00
5.208531108264710383e+03 2.682211500473203159e+03 1.947053113169444714e+03 1.373742341068404812e+03 5.256251288542238171e+02 4.651229589128739121e+02 1.789724028348238107e+02 1.028907312589554266e+02 3.626707111425056382e+02 2.867100182633395278e+00 3.464232433706183389e+00
1.001808174952854074e+03 7.084174971020753446e+02 4.363280456269562251e+02 1.879441085354604013e+02 1.584881244225989860e+02 6.952835327322732439e+01 3.654393090569899982e+01 2.537015419786728287e+01 2.867100182633395278e+00 4.436403810788231539e+01 5.468610811946895689e-01
2.130380928060406234e+02 1.194267369401845826e+02 1.540208393077542723e+02 2.655720344096498664e+01 1.712326052340252147e+01 2.982819892212874890e+01 3.289548468759283750e+00 7.237612906498135601e+00 3.464232433706183389e+00 5.468610811946895689e-01 5.969622248332688841e+00
