1.766291849103861023e+06 1.038549282237208798e+06 7.037632019260028610e+05 4.347727411666681292e+05 2.631616681455140351e+05 1.560078005600145261e+05 7.804549437555094482e+04 4.413318197821142530e+04 1.260673052710132833e+04 4.992044620519181990e+03 1.450093872852723507e+03 2.557107597856087864e+02
1.038549282237208798e+06 8.529359952493973542e+05 4.775981640978724463e+05 3.072027921521829558e+05 1.874094174215954554e+05 1.094336120658777363e+05 5.643506732211701456e+04 3.093287658268453379e+04 8.542063315641002191e+03 3.225384710243965401e+03 9.327279003012204157e+02 2.031848023605414824e+02
7.037632019260028610e+05 4.775981640978724463e+05 4.181839651087269303e+05 2.036867878647649777e+05 1.255327687966404628e+05 7.399096606266195886e+04 3.609677294656977756e+04 2.080961800214316463e+04 4.909307726086402909e+03 2.341997186191251785e+03 5.650899738629401554e+02 1.515438140024431561e+02
4.347727411666681292e+05 3.072027921521829558e+05 2.036867878647649777e+05 1.850148151728878729e+05 8.454441394559467153e+04 4.931934360200440278e+04 2.365107064455863292e+04 1.300775217370195423e+04 3.480268787083639836e+03 1.331690317329052277e+03 4.881182767427702629e+02 1.193389994010607609e+02
2.631616681455140351e+05 1.874094174215954554e+05 1.255327687966404628e+05 8.454441394559467153e+04 8.156548127716277668e+04 3.139758219086180543e+04 1.512454346245372653e+04 8.804131413160494048e+03 2.369249098785445767e+03 6.775953532776580914e+02 2.651675477595354664e+02 2.296339393330368139e+01
1.560078005600145261e+05 1.094336120658777363e+05 7.399096606266195886e+04 4.931934360200440278e+04 3.139758219086180543e+04 3.168970418040941149e+04 8.736827656729630689e+03 5.069024863411526894e+03 1.574944107107722630e+03 4.828273088966167279e+02 2.270242843501652601e+02 3.239878663460898878e+01
7.804549437555094482e+04 5.643506732211701456e+04 3.609677294656977756e+04 2.365107064455863292e+04 1.512454346245372653e+04 8.736827656729630689e+03 1.088707001391864833e+04 2.413266332715136286e+03 7.584585425577827209e+02 1.467591101302210177e+02 8.984664728318544746e+01 1.006525524450077391e+01
4.413318197821142530e+04 3.093287658268453379e+04 2.080961800214316463e+04 1.300775217370195423e+04 8.804131413160494048e+03 5.069024863411526894e+03 2.413266332715136286e+03 4.028192958370819724e+03 4.466628320644660448e+02 1.560330618002764993e+02 4.024913862052705582e+01 9.846067895468193498e+00
1.260673052710132833e+04 8.542063315641002191e+03 4.909307726086402909e+03 3.480268787083639836e+03 2.369249098785445767e+03 1.574944107107722630e+03 7.584585425577827209e+02 4.466628320644660448e+02 8.639260067408886243e+02 6.541231355491649424e+01 1.724276609184735420e+01 5.623627892400785200e+00
4.992044620519181990e+03 3.225384710243965401e+03 2.341997186191251785e+03 1.331690317329052277e+03 6.775953532776580914e+02 4.828273088966167279e+02 1.467591101302210177e+02 1.560330618002764993e+02 6.541231355491649424e+01 2.682236056374496229e+02 1.217401373991345359e+01 3.211341541790617704e+00
1.450093872852723507e+03 9.327279003012204157e+02 5.650899738629401554e+02 4.881182767427702629e+02 2.651675477595354664e+02 2.270242843501652601e+02 8.984664728318544746e+01 4.024913862052705582e+01 1.724276609184735420e+01 1.217401373991345359e+01 3.705511685725783622e+01 1.750512421771199811e+00
2.557107597856087864e+02 2.031848023605414824e+02 1.515438140024431561e+02 1.193389994010607609e+02 2.296339393330368139e+01 3.239878663460898878e+01 1.006525524450077391e+01 9.846067895468193498e+00 5.623627892400785200e+00 3.211341541790617704e+00 1.750512421771199811e+00 3.987082186270309858e+00
