2.151686690339753870e+06 1.227395737451095134e+06 9.461835480998749845e+05 5.877034552300034557e+05 4.366462587743708864e+05 2.932287774691296509e+05 1.963427053780478309e+05 1.276056983190417377e+05 7.341353687952501059e+04 3.548762194601557712e+04 1.815947889407486218e+04 6.680741061229144179e+03 1.797072681524919517e+03 5.664306375639384896e+02
1.227395737451095134e+06 1.049190518043436343e+06 6.419855098038875731e+05 4.058103632327573723e+05 2.937767170265301247e+05 1.983892855744526314e+05 1.374668495475726959e+05 8.650048782504274277e+04 5.015579462334299751e+04 2.519799166313026944e+04 1.375672167671004900e+04 4.030725184521033043e+03 1.058601398534496184e+03 3.387705332044985198e+02
9.461835480998749845e+05 6.419855098038875731e+05 6.073505781877236441e+05 3.075013470063817222e+05 2.234846827180081455e+05 1.504557277563341486e+05 1.020827445478957816e+05 6.730324279960436979e+04 3.871492877757266251e+04 1.937625265191252765e+04 1.001114270822943581e+04 3.438304464334553813e+03 1.226697957714421591e+03 2.494289748046667512e+02
5.877034552300034557e+05 4.058103632327573723e+05 3.075013470063817222e+05 2.831119518221304170e+05 1.439764853633641033e+05 9.723820857713870646e+04 6.734449399484190508e+04 4.103303997980588611e+04 2.466472182128716304e+04 1.241819623585388945e+04 6.297513477936769050e+03 1.882396372360571604e+03 7.036462877510841736e+02 2.218353394059978712e+02
4.366462587743708864e+05 2.937767170265301247e+05 2.234846827180081455e+05 1.439764853633641033e+05 1.543547340875925729e+05 7.306865542530290259e+04 4.842091360934271506e+04 3.241351275154413088e+04 1.775590271562662747e+04 7.908164284491500439e+03 4.399064285123970876e+03 1.707765971592628830e+03 4.916819182082767270e+02 1.096386971084129698e+02
2.932287774691296509e+05 1.983892855744526314e+05 1.504557277563341486e+05 9.723820857713870646e+04 7.306865542530290259e+04 7.797137261047861830e+04 3.244525541141142457e+04 2.053109882430835205e+04 1.229494454923688136e+04 5.620731582403273933e+03 3.287694886437490368e+03 1.119131279981673515e+03 2.404728274361588092e+02 8.890137757753180381e+01
1.963427053780478309e+05 1.374668495475726959e+05 1.020827445478957816e+05 6.734449399484190508e+04 4.842091360934271506e+04 3.244525541141142457e+04 4.317996510334058257e+04 1.391198961979513297e+04 8.653178432629840245e+03 3.611057773243047450e+03 2.314133064247017501e+03 9.210146608823156384e+02 5.877997933442235734e+01 5.585870552939901756e+01
1.276056983190417377e+05 8.650048782504274277e+04 6.730324279960436979e+04 4.103303997980588611e+04 3.241351275154413088e+04 2.053109882430835205e+04 1.391198961979513297e+04 1.959578338917936344e+04 5.793836736579716671e+03 2.537079075978135279e+03 1.447329564954383841e+03 4.183642977777517444e+02 9.063828438079367800e+01 2.554898283880137910e+01
7.341353687952501059e+04 5.015579462334299751e+04 3.871492877757266251e+04 2.466472182128716304e+04 1.775590271562662747e+04 1.229494454923688136e+04 8.653178432629840245e+03 5.793836736579716671e+03 8.771466660576239519e+03 1.626724139314671675e+03 8.122522830740676909e+02 1.395040163750553290e+02 6.395710319203610794e+01 1.410340575997030399e+01
3.548762194601557712e+04 2.519799166313026944e+04 1.937625265191252765e+04 1.241819623585388945e+04 7.908164284491500439e+03 5.620731582403273933e+03 3.611057773243047450e+03 2.537079075978135279e+03 1.626724139314671675e+03 2.718530222726259581e+03 3.679468329127655579e+02 9.528581866922336019e+01 2.863938620507072486e+01 1.670502571454695939e+01
1.815947889407486218e+04 1.375672167671004900e+04 1.001114270822943581e+04 6.297513477936769050e+03 4.399064285123970876e+03 3.287694886437490368e+03 2.314133064247017501e+03 1.447329564954383841e+03 8.122522830740676909e+02 3.679468329127655579e+02 1.075515369869938240e+03 5.586460873102222990e+01 1.216586306767497661e+01 6.290445456763714027e+00
6.680741061229144179e+03 4.030725184521033043e+03 3.438304464334553813e+03 1.882396372360571604e+03 1.707765971592628830e+03 1.119131279981673515e+03 9.210146608823156384e+02 4.183642977777517444e+02 1.395040163750553290e+02 9.528581866922336019e+01 5.586460873102222990e+01 2.889963250456400488e+02 1.247789118293658284e+01 5.175180694104541068e+00
1.797072681524919517e+03 1.058601398534496184e+03 1.226697957714421591e+03 7.036462877510841736e+02 4.916819182082767270e+02 2.404728274361588092e+02 5.877997933442235734e+01 9.063828438079367800e+01 6.395710319203610794e+01 2.863938620507072486e+01 1.216586306767497661e+01 1.247789118293658284e+01 5.411248729812890446e+01 3.452387766924139290e-01
5.664306375639384896e+02 3.387705332044985198e+02 2.494289748046667512e+02 2.218353394059978712e+02 1.096386971084129698e+02 8.890137757753180381e+01 5.585870552939901756e+01 2.554898283880137910e+01 1.410340575997030399e+01 1.670502571454695939e+01 6.290445456763714027e+00 5.175180694104541068e+00 3.452387766924139290e-01 5.954911575313508010e+00
