2.035364095449935412e+06 1.175230244369426975e+06 8.885023855761337327e+05 5.755946819443707354e+05 4.038210103668294614e+05 2.906795142481954535e+05 1.703078105246184277e+05 1.104522279862577561e+05 6.385532408347150340e+04 3.051336549722148993e+04 1.341187020576680152e+04 4.483904396812228697e+03 9.229847005793774315e+02 5.214803558504253260e+02
1.175230244369426975e+06 1.001180220725220861e+06 6.019217419051614124e+05 4.009767349849107559e+05 2.666315749709718511e+05 1.954002399194307218e+05 1.228820431294241862e+05 7.666669070660407306e+04 4.547568858881504275e+04 2.255494499484862899e+04 9.922111021327422350e+03 3.038686402089434523e+03 5.926604754118216078e+02 3.173674120426945251e+02
8.885023855761337327e+05 6.019217419051614124e+05 5.647025903241733322e+05 2.943621824978009681e+05 1.994239892157450086e+05 1.479876999245808111e+05 9.015556061750015942e+04 5.686866064392229600e+04 3.366021619096617360e+04 1.528971399466331604e+04 7.179454858093463372e+03 2.522531516040829956e+03 5.735978033172967798e+02 1.849561544265100110e+02
5.755946819443707354e+05 4.009767349849107559e+05 2.943621824978009681e+05 2.765721780783485156e+05 1.340457611605275306e+05 1.014039802850044362e+05 5.917518710482555616e+04 3.868673223524552304e+04 2.152204502893264362e+04 1.051033033727633847e+04 4.773103289279600176e+03 1.485366860574169550e+03 3.391928186549425845e+02 2.031149084141155186e+02
4.038210103668294614e+05 2.666315749709718511e+05 1.994239892157450086e+05 1.340457611605275306e+05 1.458868138525734539e+05 6.872356426331208786e+04 4.191227870603811607e+04 2.703923762546730723e+04 1.370645731289300420e+04 7.578919994944621976e+03 3.076882334243453442e+03 1.121752566817650404e+03 2.650029066984196220e+02 8.605457240129808838e+01
2.906795142481954535e+05 1.954002399194307218e+05 1.479876999245808111e+05 1.014039802850044362e+05 6.872356426331208786e+04 7.838988018582257791e+04 3.073314504769878113e+04 1.884776311365285801e+04 1.074495492894154449e+04 5.326779600262237182e+03 2.430578927011000815e+03 7.847813082824125104e+02 1.373092780741515071e+02 8.228203782921082166e+01
1.703078105246184277e+05 1.228820431294241862e+05 9.015556061750015942e+04 5.917518710482555616e+04 4.191227870603811607e+04 3.073314504769878113e+04 3.552822276262527157e+04 1.160938103024977136e+04 7.049100455344319926e+03 3.188244652861986651e+03 1.498966808491047004e+03 5.909545995917433174e+02 2.562931361322835500e+01 3.038223658763474333e+01
1.104522279862577561e+05 7.666669070660407306e+04 5.686866064392229600e+04 3.868673223524552304e+04 2.703923762546730723e+04 1.884776311365285801e+04 1.160938103024977136e+04 1.631223360817320281e+04 4.345048065839175251e+03 2.138648672454471125e+03 9.016357627306701943e+02 2.536382443388259844e+02 2.613127247521219942e+01 3.389594862151938059e+01
6.385532408347150340e+04 4.547568858881504275e+04 3.366021619096617360e+04 2.152204502893264362e+04 1.370645731289300420e+04 1.074495492894154449e+04 7.049100455344319926e+03 4.345048065839175251e+03 6.943579290827077784e+03 1.215248287192537873e+03 4.594727501809510954e+02 8.730162644904316949e+01 3.104105759398846232e+01 1.584111580455134316e+01
3.051336549722148993e+04 2.255494499484862899e+04 1.528971399466331604e+04 1.051033033727633847e+04 7.578919994944621976e+03 5.326779600262237182e+03 3.188244652861986651e+03 2.138648672454471125e+03 1.215248287192537873e+03 2.138844750134984679e+03 2.377010504708536587e+02 8.802319231314274361e+01 5.715664385475938580e+00 1.279014709655694482e+01
1.341187020576680152e+04 9.922111021327422350e+03 7.179454858093463372e+03 4.773103289279600176e+03 3.076882334243453442e+03 2.430578927011000815e+03 1.498966808491047004e+03 9.016357627306701943e+02 4.594727501809510954e+02 2.377010504708536587e+02 7.908048146261839975e+02 1.590582143910309654e+01 4.447041792885350731e+00 1.874502625219697682e+00
4.483904396812228697e+03 3.038686402089434523e+03 2.522531516040829956e+03 1.485366860574169550e+03 1.121752566817650404e+03 7.847813082824125104e+02 5.909545995917433174e+02 2.536382443388259844e+02 8.730162644904316949e+01 8.802319231314274361e+01 1.590582143910309654e+01 1.962345426066842151e+02 6.737229100685120819e+00 3.411751640044270228e+00
9.229847005793774315e+02 5.926604754118216078e+02 5.735978033172967798e+02 3.391928186549425845e+02 2.650029066984196220e+02 1.373092780741515071e+02 2.562931361322835500e+01 2.613127247521219942e+01 3.104105759398846232e+01 5.715664385475938580e+00 4.447041792885350731e+00 6.737229100685120819e+00 2.947243615029047703e+01 7.196050872966935907e-01
5.214803558504253260e+02 3.173674120426945251e+02 1.849561544265100110e+02 2.031149084141155186e+02 8.605457240129808838e+01 8.228203782921082166e+01 3.038223658763474333e+01 3.389594862151938059e+01 1.584111580455134316e+01 1.279014709655694482e+01 1.874502625219697682e+00 3.411751640044270228e+00 7.196050872966935907e-01 4.970569199719668596e+00
