1.999047374688372947e+06 1.161985713141518878e+06 8.491185139389390824e+05 5.682694447196591645e+05 3.690068756743637496e+05 2.441085384272753727e+05 1.489086211620168760e+05 9.418899332565916120e+04 5.448275879726494168e+04 2.301670741818322495e+04 7.224739289494744298e+03 3.020463931623241024e+03 4.124642454977272905e+02 1.470833092403422881e+02
1.161985713141518878e+06 1.021241535732770571e+06 5.940231974271374056e+05 4.050248728765846463e+05 2.598543574691104877e+05 1.715800646222557407e+05 1.075273414221226412e+05 6.355162133929240372e+04 3.977384364615529921e+04 1.438531066126013684e+04 5.720218841110883659e+03 2.082970155782245911e+03 2.546790847951940293e+02 8.723612678419510758e+01
8.491185139389390824e+05 5.940231974271374056e+05 5.575399782433781074e+05 2.912540674195378670e+05 1.876646990951989719e+05 1.293275373444751604e+05 7.716495533362845890e+04 4.993770463675690553e+04 2.792795847518876326e+04 1.079543548690738135e+04 4.000284123096687836e+03 1.430884040253646617e+03 1.489090717079538422e+02 8.162084720421108841e+01
5.682694447196591645e+05 4.050248728765846463e+05 2.912540674195378670e+05 2.704242522312965593e+05 1.290550662574593007e+05 8.808879278926709958e+04 5.260988393501957034e+04 3.167436148471105480e+04 1.807373159804007082e+04 7.095460689212742182e+03 2.812680948478870050e+03 1.205782100999457271e+03 1.280280167864142129e+02 5.075628998687331261e+01
3.690068756743637496e+05 2.598543574691104877e+05 1.876646990951989719e+05 1.290550662574593007e+05 1.323023333944797341e+05 5.557823544560062146e+04 3.605746295325986284e+04 2.003516696416723062e+04 1.236143716353277887e+04 4.987144849738407174e+03 1.525018557166475603e+03 6.238073985601100730e+02 9.020291050710655156e+01 2.943396194969378854e+01
2.441085384272753727e+05 1.715800646222557407e+05 1.293275373444751604e+05 8.808879278926709958e+04 5.557823544560062146e+04 6.395937261074750131e+04 2.408500753911769061e+04 1.448875366314158236e+04 8.115230032888669484e+03 3.317477159173880864e+03 1.255886369142575177e+03 5.254843042006777978e+02 1.863730710647884337e+01 2.071385382448818291e+01
1.489086211620168760e+05 1.075273414221226412e+05 7.716495533362845890e+04 5.260988393501957034e+04 3.605746295325986284e+04 2.408500753911769061e+04 2.800522280899924226e+04 8.903557224943981055e+03 4.918865537374001178e+03 2.217251382494463087e+03 5.441322913863641588e+02 2.457207014652751127e+02 6.871817603202901026e+00 1.293497665127645924e+01
9.418899332565916120e+04 6.355162133929240372e+04 4.993770463675690553e+04 3.167436148471105480e+04 2.003516696416723062e+04 1.448875366314158236e+04 8.903557224943981055e+03 1.292463895190750191e+04 3.067692142257028991e+03 1.262831594568917808e+03 3.966891642118543473e+02 1.310389034965499775e+02 2.314688951724573585e+01 1.621794219463232878e+01
5.448275879726494168e+04 3.977384364615529921e+04 2.792795847518876326e+04 1.807373159804007082e+04 1.236143716353277887e+04 8.115230032888669484e+03 4.918865537374001178e+03 3.067692142257028991e+03 4.740724307214719374e+03 7.446631930101125363e+02 2.127736101256626000e+02 9.375012767846675388e+01 2.264895477377991284e+01 1.951429474210168991e+00
2.301670741818322495e+04 1.438531066126013684e+04 1.079543548690738135e+04 7.095460689212742182e+03 4.987144849738407174e+03 3.317477159173880864e+03 2.217251382494463087e+03 1.262831594568917808e+03 7.446631930101125363e+02 1.294299735596586288e+03 9.677135162279127201e+01 3.012024107644983673e+01 -1.491637132605972527e+00 1.823219119353999718e+00
7.224739289494744298e+03 5.720218841110883659e+03 4.000284123096687836e+03 2.812680948478870050e+03 1.525018557166475603e+03 1.255886369142575177e+03 5.441322913863641588e+02 3.966891642118543473e+02 2.127736101256626000e+02 9.677135162279127201e+01 3.786497078315556450e+02 2.638085195870338850e+01 3.312249959697970425e+00 2.884307469138831514e-01
3.020463931623241024e+03 2.082970155782245911e+03 1.430884040253646617e+03 1.205782100999457271e+03 6.238073985601100730e+02 5.254843042006777978e+02 2.457207014652751127e+02 1.310389034965499775e+02 9.375012767846675388e+01 3.012024107644983673e+01 2.638085195870338850e+01 9.662786678424915010e+01 7.376808344982412891e-01 8.455347950891199948e-01
4.124642454977272905e+02 2.546790847951940293e+02 1.489090717079538422e+02 1.280280167864142129e+02 9.020291050710655156e+01 1.863730710647884337e+01 6.871817603202901026e+00 2.314688951724573585e+01 2.264895477377991284e+01 -1.491637132605972527e+00 3.312249959697970425e+00 7.376808344982412891e-01 7.909685612038828140e+00 -1.569286519426254731e-02
1.470833092403422881e+02 8.723612678419510758e+01 8.162084720421108841e+01 5.075628998687331261e+01 2.943396194969378854e+01 2.071385382448818291e+01 1.293497665127645924e+01 1.621794219463232878e+01 1.951429474210168991e+00 1.823219119353999718e+00 2.884307469138831514e-01 8.455347950891199948e-01 -1.569286519426254731e-02 1.002320737701353437e+00
