1.516554221107448684e+06 8.442687574213161133e+05 5.485159668363963719e+05 3.486906522499788553e+05 2.001499625391869631e+05 1.129276502626655420e+05 5.268044562878367287e+04 2.158654215571111490e+04 6.528471085456701076e+03 1.745581622064175690e+03 4.242129823266544122e+02 1.565746766047995209e+02
8.442687574213161133e+05 6.918309307416286319e+05 3.658594744454090251e+05 2.336535533814341179e+05 1.284596511291441857e+05 7.576782874643988907e+04 3.347916124527118518e+04 1.352490683788462957e+04 4.862233651569605172e+03 1.043497027108887778e+03 3.105479038601101820e+02 1.527930586514738422e+02
5.485159668363963719e+05 3.658594744454090251e+05 3.244914011948821717e+05 1.527137606422455865e+05 8.641252089425662416e+04 4.842929228292465996e+04 2.140689564489446639e+04 9.723242563113097276e+03 3.168844630790107203e+03 7.035172997383352822e+02 2.082629102850472407e+02 8.452342112388564033e+01
3.486906522499788553e+05 2.336535533814341179e+05 1.527137606422455865e+05 1.434471231503897288e+05 5.740649117665733502e+04 3.239114317714999561e+04 1.573613837662524020e+04 6.044925060351913999e+03 1.829387161599407136e+03 4.847291292358494275e+02 1.300430780863755160e+02 2.264492733694729409e+01
2.001499625391869631e+05 1.284596511291441857e+05 8.641252089425662416e+04 5.740649117665733502e+04 5.996842357501493825e+04 1.856530085635916839e+04 7.958847502167961466e+03 3.357099066093483088e+03 1.054133875962994125e+03 3.904602929563120597e+02 8.497978449203229445e+01 2.300763718496583721e+01
1.129276502626655420e+05 7.576782874643988907e+04 4.842929228292465996e+04 3.239114317714999561e+04 1.856530085635916839e+04 2.162703846029169290e+04 5.461981790795754932e+03 2.080482069534426955e+03 8.660254279720246586e+02 1.895505323506449145e+02 4.543822688468510762e+01 1.765561907766695882e+01
5.268044562878367287e+04 3.347916124527118518e+04 2.140689564489446639e+04 1.573613837662524020e+04 7.958847502167961466e+03 5.461981790795754932e+03 6.787210326342584267e+03 1.045307043528893701e+03 1.824362081360001753e+02 9.109679797908287924e+01 2.417854925772855879e+01 6.547000915067291871e+00
2.158654215571111490e+04 1.352490683788462957e+04 9.723242563113097276e+03 6.044925060351913999e+03 3.357099066093483088e+03 2.080482069534426955e+03 1.045307043528893701e+03 2.158272893529002886e+03 1.792722991324734494e+02 4.811027033689233434e+01 1.909165997319458441e+01 1.000013241288741028e+00
6.528471085456701076e+03 4.862233651569605172e+03 3.168844630790107203e+03 1.829387161599407136e+03 1.054133875962994125e+03 8.660254279720246586e+02 1.824362081360001753e+02 1.792722991324734494e+02 5.279017054260219766e+02 1.608905217116581454e+01 7.141094013780612038e+00 2.287697433643725020e+00
1.745581622064175690e+03 1.043497027108887778e+03 7.035172997383352822e+02 4.847291292358494275e+02 3.904602929563120597e+02 1.895505323506449145e+02 9.109679797908287924e+01 4.811027033689233434e+01 1.608905217116581454e+01 1.017983162250180271e+02 7.068152843193811208e-01 -5.771418209252003884e-01
4.242129823266544122e+02 3.105479038601101820e+02 2.082629102850472407e+02 1.300430780863755160e+02 8.497978449203229445e+01 4.543822688468510762e+01 2.417854925772855879e+01 1.909165997319458441e+01 7.141094013780612038e+00 7.068152843193811208e-01 1.177738845734976003e+01 -7.065323206532836409e-02
1.565746766047995209e+02 1.527930586514738422e+02 8.452342112388564033e+01 2.264492733694729409e+01 2.300763718496583721e+01 1.765561907766695882e+01 6.547000915067291871e+00 1.000013241288741028e+00 2.287697433643725020e+00 -5.771418209252003884e-01 -7.065323206532836409e-02 2.996403898419740752e+00
