1.942688079278748017e+06 1.144708650740664685e+06 8.143850045151987579e+05 5.874558700477317907e+05 4.060986586335396860e+05 2.659836345779550029e+05 1.745100240955119079e+05 1.041614499464046967e+05 5.156388709124832531e+04 2.754453558145742863e+04 7.684450107853964255e+03 3.466981546940441149e+03 1.827113439514779998e+02 2.440462369965175924e+02
1.144708650740664685e+06 1.011740878649891121e+06 5.624841438969165320e+05 3.978379029079459724e+05 2.789141171800295706e+05 1.885667645458900952e+05 1.166696383656302496e+05 6.858965510539483512e+04 3.730253521986545820e+04 1.927678723775125400e+04 6.073792430298511135e+03 1.956745615765124967e+03 3.389516686206472400e+02 2.349418540236650870e+02
8.143850045151987579e+05 5.624841438969165320e+05 5.289125949676544406e+05 2.911302070868326700e+05 2.045927630636509566e+05 1.343837055955207907e+05 8.752878086063306546e+04 5.214145199353394855e+04 2.691504929103104587e+04 1.305877584221069628e+04 4.405143404639737128e+03 1.666533486814331582e+03 2.516436483462815090e+02 1.673143987999674493e+02
5.874558700477317907e+05 3.978379029079459724e+05 2.911302070868326700e+05 2.882843882924569771e+05 1.486620150503780460e+05 9.769373736875197210e+04 5.878197238862040831e+04 3.574570273380515573e+04 1.766017617289508780e+04 8.147847411141676275e+03 2.667830126987930726e+03 1.106823079747189013e+03 1.901103135454951598e+02 4.610865417027498125e+01
4.060986586335396860e+05 2.789141171800295706e+05 2.045927630636509566e+05 1.486620150503780460e+05 1.489373473454597988e+05 6.775738235246766999e+04 4.175015459167352674e+04 2.626517007870444650e+04 1.355224157570533862e+04 6.586207911471828993e+03 1.545377619252466957e+03 8.657179698884576737e+02 3.633581495737312395e+01 5.065125799105096860e+01
2.659836345779550029e+05 1.885667645458900952e+05 1.343837055955207907e+05 9.769373736875197210e+04 6.775738235246766999e+04 7.018433620687453367e+04 2.836165597169187095e+04 1.725012783343826959e+04 8.743539831235817473e+03 4.318069575174392412e+03 1.305587540999748853e+03 5.654810764112539800e+02 4.942252621833332427e+01 3.252094817051059294e+01
1.745100240955119079e+05 1.166696383656302496e+05 8.752878086063306546e+04 5.878197238862040831e+04 4.175015459167352674e+04 2.836165597169187095e+04 3.592351348835574026e+04 1.121206027859256938e+04 5.706135379218329945e+03 3.085238696330908624e+03 1.136566198407735101e+03 3.352308809053528762e+02 6.990412076473577940e+01 1.817009417787197023e+01
1.041614499464046967e+05 6.858965510539483512e+04 5.214145199353394855e+04 3.574570273380515573e+04 2.626517007870444650e+04 1.725012783343826959e+04 1.121206027859256938e+04 1.543004760966511640e+04 2.976085899849836096e+03 1.679668231709577640e+03 6.231110974122680091e+02 3.411498059985790974e+02 3.248671557001190990e+01 1.563523147492901622e+01
5.156388709124832531e+04 3.730253521986545820e+04 2.691504929103104587e+04 1.766017617289508780e+04 1.355224157570533862e+04 8.743539831235817473e+03 5.706135379218329945e+03 2.976085899849836096e+03 5.547624597235077999e+03 7.845322784634156505e+02 2.493199903951040994e+02 1.034537001793617890e+02 1.784545497976255035e+01 1.192882632934608900e+01
2.754453558145742863e+04 1.927678723775125400e+04 1.305877584221069628e+04 8.147847411141676275e+03 6.586207911471828993e+03 4.318069575174392412e+03 3.085238696330908624e+03 1.679668231709577640e+03 7.845322784634156505e+02 1.867975879356992209e+03 1.368213564214625819e+02 6.811128857080750265e+01 1.542336569000834778e+01 3.611215313825584805e-01
7.684450107853964255e+03 6.073792430298511135e+03 4.405143404639737128e+03 2.667830126987930726e+03 1.545377619252466957e+03 1.305587540999748853e+03 1.136566198407735101e+03 6.231110974122680091e+02 2.493199903951040994e+02 1.368213564214625819e+02 5.428195103390972918e+02 1.645170482018239966e+01 3.632204890179465018e+00 2.174062922469047976e+00
3.466981546940441149e+03 1.956745615765124967e+03 1.666533486814331582e+03 1.106823079747189013e+03 8.657179698884576737e+02 5.654810764112539800e+02 3.352308809053528762e+02 3.411498059985790974e+02 1.034537001793617890e+02 6.811128857080750265e+01 1.645170482018239966e+01 1.401303187533243602e+02 -8.416905264273543130e-01 1.985382037603740990e+00
1.827113439514779998e+02 3.389516686206472400e+02 2.516436483462815090e+02 1.901103135454951598e+02 3.633581495737312395e+01 4.942252621833332427e+01 6.990412076473577940e+01 3.248671557001190990e+01 1.784545497976255035e+01 1.542336569000834778e+01 3.632204890179465018e+00 -8.416905264273543130e-01 1.462497970666673019e+01 -1.176975177755481966e-01
2.440462369965175924e+02 2.349418540236650870e+02 1.673143987999674493e+02 4.610865417027498125e+01 5.065125799105096860e+01 3.252094817051059294e+01 1.817009417787197023e+01 1.563523147492901622e+01 1.192882632934608900e+01 3.611215313825584805e-01 2.174062922469047976e+00 1.985382037603740990e+00 -1.176975177755481966e-01 3.985732848945202633e+00
