1.962036604128117207e+06 1.106176464173469925e+06 8.095316461413287325e+05 5.707704294901120011e+05 3.880816983710365603e+05 2.478521549100186094e+05 1.708042039335726295e+05 8.766882576169786626e+04 4.478521287627037964e+04 1.920203463066726908e+04 6.586627382020807090e+03 1.969756802955684861e+03 2.714254466670887496e+02 1.562658885423971071e+02
1.106176464173469925e+06 9.432586288512097672e+05 5.398401367906000232e+05 3.703416722327063326e+05 2.667382588509266498e+05 1.685994909313075768e+05 1.047454624298785784e+05 5.676890022302682337e+04 3.076275551380720208e+04 1.334061097805155805e+04 3.617483132054250291e+03 1.060159150973383703e+03 2.374608532153604870e+02 7.139031865562546386e+01
8.095316461413287325e+05 5.398401367906000232e+05 5.364412411321813706e+05 2.810079733701420482e+05 1.984756298597806017e+05 1.249378439881607774e+05 8.285511214481930074e+04 4.304160244188769866e+04 2.182873952469818323e+04 8.580258262130049843e+03 3.775902733770451050e+03 9.232730290140115130e+02 1.751553116944509725e+02 1.090050628142837610e+02
5.707704294901120011e+05 3.703416722327063326e+05 2.810079733701420482e+05 2.646590177150178934e+05 1.319961496075580653e+05 8.407893289683885814e+04 5.453202997378518921e+04 2.831842996842281718e+04 1.587324934399434460e+04 5.034422872922379611e+03 2.470334192461499697e+03 3.992260515338698497e+02 1.155623565758412781e+02 3.726273865994917855e+01
3.880816983710365603e+05 2.667382588509266498e+05 1.984756298597806017e+05 1.319961496075580653e+05 1.425026385060575558e+05 6.152518779796326999e+04 3.920313597070101241e+04 2.121302808553392970e+04 1.139940218538885892e+04 4.283635379747583102e+03 1.491740668719338146e+03 3.481816951738493913e+02 7.817052515146657754e+01 1.726126933890973447e+01
2.478521549100186094e+05 1.685994909313075768e+05 1.249378439881607774e+05 8.407893289683885814e+04 6.152518779796326999e+04 6.546630781065894553e+04 2.624386695199253882e+04 1.300656209576400761e+04 6.700430061947395188e+03 2.129492891809063167e+03 1.332070567260923553e+03 3.088560113782951362e+02 6.604131484837738242e+01 3.014971723920842095e+01
1.708042039335726295e+05 1.047454624298785784e+05 8.285511214481930074e+04 5.453202997378518921e+04 3.920313597070101241e+04 2.624386695199253882e+04 3.256867443048670611e+04 9.073034666310501052e+03 4.633617806865912826e+03 1.863281476768357379e+03 6.901255095915283846e+02 1.675464007053258797e+02 1.613065998196546502e+01 1.538320972579398926e+01
8.766882576169786626e+04 5.676890022302682337e+04 4.304160244188769866e+04 2.831842996842281718e+04 2.121302808553392970e+04 1.300656209576400761e+04 9.073034666310501052e+03 1.149770175390864279e+04 2.460662687259267386e+03 1.065367221343342635e+03 4.059046375238689848e+02 1.610995024637282995e+02 1.671102899346359649e+01 5.184960956023813239e+00
4.478521287627037964e+04 3.076275551380720208e+04 2.182873952469818323e+04 1.587324934399434460e+04 1.139940218538885892e+04 6.700430061947395188e+03 4.633617806865912826e+03 2.460662687259267386e+03 4.013840784748088026e+03 4.136491597783428915e+02 2.079049149448546245e+02 5.539702548214573596e+01 9.725417935270103342e+00 9.228257681721540706e+00
1.920203463066726908e+04 1.334061097805155805e+04 8.580258262130049843e+03 5.034422872922379611e+03 4.283635379747583102e+03 2.129492891809063167e+03 1.863281476768357379e+03 1.065367221343342635e+03 4.136491597783428915e+02 1.258241067843988048e+03 8.154017122207933710e+01 4.488966977441975814e+01 4.214895380975224981e+00 2.814731246454869495e+00
6.586627382020807090e+03 3.617483132054250291e+03 3.775902733770451050e+03 2.470334192461499697e+03 1.491740668719338146e+03 1.332070567260923553e+03 6.901255095915283846e+02 4.059046375238689848e+02 2.079049149448546245e+02 8.154017122207933710e+01 3.850859381267811727e+02 5.847394354926472637e+00 3.631289322060072156e+00 2.668029047928688335e+00
1.969756802955684861e+03 1.060159150973383703e+03 9.232730290140115130e+02 3.992260515338698497e+02 3.481816951738493913e+02 3.088560113782951362e+02 1.675464007053258797e+02 1.610995024637282995e+02 5.539702548214573596e+01 4.488966977441975814e+01 5.847394354926472637e+00 7.302731595002381937e+01 -1.147160408471555870e+00 7.188268424499359988e-01
2.714254466670887496e+02 2.374608532153604870e+02 1.751553116944509725e+02 1.155623565758412781e+02 7.817052515146657754e+01 6.604131484837738242e+01 1.613065998196546502e+01 1.671102899346359649e+01 9.725417935270103342e+00 4.214895380975224981e+00 3.631289322060072156e+00 -1.147160408471555870e+00 7.917996362389670750e+00 -3.141569378098119786e-02
1.562658885423971071e+02 7.139031865562546386e+01 1.090050628142837610e+02 3.726273865994917855e+01 1.726126933890973447e+01 3.014971723920842095e+01 1.538320972579398926e+01 5.184960956023813239e+00 9.228257681721540706e+00 2.814731246454869495e+00 2.668029047928688335e+00 7.188268424499359988e-01 -3.141569378098119786e-02 2.002436450360287612e+00
