# M_low [Msun/h] M_high[Msun/h] Number M_mean[Msun/h]
1.288252999999999915e+01 1.314781999999999940e+01 3.649580000000000000e+05 1.020619906948196875e+13
1.314781999999999940e+01 1.341310999999999964e+01 2.018750000000000000e+05 1.878323715170278516e+13
1.341310999999999964e+01 1.367839999999999989e+01 1.077530000000000000e+05 3.451621764591241016e+13
1.367839999999999989e+01 1.394369000000000014e+01 5.374000000000000000e+04 6.325950874581317188e+13
1.394369000000000014e+01 1.420898000000000039e+01 2.482100000000000000e+04 1.159697030740099062e+14
1.420898000000000039e+01 1.447427000000000064e+01 9.947000000000000000e+03 2.120266411983512500e+14
1.447427000000000064e+01 1.473956000000000088e+01 3.320000000000000000e+03 3.884325301204819375e+14
1.473956000000000088e+01 1.500484999999999935e+01 8.160000000000000000e+02 6.911852941176470000e+14
1.500484999999999935e+01 1.527013999999999960e+01 1.290000000000000000e+02 1.257178294573643500e+15
1.527013999999999960e+01 1.553542999999999985e+01 1.200000000000000000e+01 2.269541666666666500e+15
