# M_low [Msun/h] M_high[Msun/h] Number M_mean[Msun/h]
1.288252999999999915e+01 1.313272000000000084e+01 3.314080000000000000e+05 1.002763964659875391e+13
1.313272000000000084e+01 1.338291000000000075e+01 1.863330000000000000e+05 1.783127519011662109e+13
1.338291000000000075e+01 1.363308999999999926e+01 9.998300000000000000e+04 3.167987557884840234e+13
1.363308999999999926e+01 1.388327999999999918e+01 5.035700000000000000e+04 5.612083722223325781e+13
1.388327999999999918e+01 1.413347000000000087e+01 2.353600000000000000e+04 9.910851461590754688e+13
1.413347000000000087e+01 1.438366000000000078e+01 9.531000000000000000e+03 1.753222117301437500e+14
1.438366000000000078e+01 1.463383999999999929e+01 3.313000000000000000e+03 3.090467853908843750e+14
1.463383999999999929e+01 1.488402999999999921e+01 8.770000000000000000e+02 5.367556442417331875e+14
1.488402999999999921e+01 1.513421999999999912e+01 1.610000000000000000e+02 9.582397515527950000e+14
1.513421999999999912e+01 1.538441000000000081e+01 1.400000000000000000e+01 1.609700000000000000e+15
