# M_low [Msun/h] M_high[Msun/h] Number M_mean[Msun/h]
1.288252999999999915e+01 1.309917000000000087e+01 2.365000000000000000e+05 9.659543340380548828e+12
1.309917000000000087e+01 1.331581000000000081e+01 1.330340000000000000e+05 1.589963467985627734e+13
1.331581000000000081e+01 1.353246000000000038e+01 7.169400000000000000e+04 2.611670432672190234e+13
1.353246000000000038e+01 1.374910000000000032e+01 3.590900000000000000e+04 4.285691609345846094e+13
1.374910000000000032e+01 1.396574000000000026e+01 1.658300000000000000e+04 7.018229512150997656e+13
1.396574000000000026e+01 1.418238000000000021e+01 6.615000000000000000e+03 1.151989720332577500e+14
1.418238000000000021e+01 1.439902000000000015e+01 2.323000000000000000e+03 1.892214377959535000e+14
1.439902000000000015e+01 1.461566000000000010e+01 6.230000000000000000e+02 3.073290529695024375e+14
1.461566000000000010e+01 1.483230000000000004e+01 1.420000000000000000e+02 4.922723943661971875e+14
1.483230000000000004e+01 1.504894999999999960e+01 1.700000000000000000e+01 8.128882352941176250e+14
