# M_low [Msun/h] M_high[Msun/h] Number M_mean[Msun/h]
1.288252999999999915e+01 1.315584999999999916e+01 3.839010000000000000e+05 1.030070773454614648e+13
1.315584999999999916e+01 1.342916999999999916e+01 2.118740000000000000e+05 1.931780680970765625e+13
1.342916999999999916e+01 1.370247999999999955e+01 1.127240000000000000e+05 3.615142294453710156e+13
1.370247999999999955e+01 1.397579999999999956e+01 5.638000000000000000e+04 6.752541681447321875e+13
1.397579999999999956e+01 1.424911999999999956e+01 2.608500000000000000e+04 1.260441249760398750e+14
1.424911999999999956e+01 1.452243999999999957e+01 1.046500000000000000e+04 2.348999522216913438e+14
1.452243999999999957e+01 1.479574999999999996e+01 3.540000000000000000e+03 4.357138418079096250e+14
1.479574999999999996e+01 1.506906999999999996e+01 8.550000000000000000e+02 7.973412865497076250e+14
1.506906999999999996e+01 1.534238999999999997e+01 1.270000000000000000e+02 1.459168503937007750e+15
1.534238999999999997e+01 1.561570999999999998e+01 1.000000000000000000e+01 2.699570000000000000e+15
