# M_low [Msun/h] M_high[Msun/h] Number M_mean[Msun/h]
1.288252999999999915e+01 1.312429000000000023e+01 3.031420000000000000e+05 9.924777826893007812e+12
1.312429000000000023e+01 1.336603999999999992e+01 1.694710000000000000e+05 1.730382779354579883e+13
1.336603999999999992e+01 1.360779999999999923e+01 9.010800000000000000e+04 3.015081901717938281e+13
1.360779999999999923e+01 1.384956000000000031e+01 4.471000000000000000e+04 5.239724893759785156e+13
1.384956000000000031e+01 1.409131000000000000e+01 2.048000000000000000e+04 9.099682617187500000e+13
1.409131000000000000e+01 1.433306999999999931e+01 8.091000000000000000e+03 1.575708812260536250e+14
1.433306999999999931e+01 1.457483000000000040e+01 2.753000000000000000e+03 2.720812931347620625e+14
1.457483000000000040e+01 1.481658000000000008e+01 6.910000000000000000e+02 4.671348769898697500e+14
1.481658000000000008e+01 1.505833999999999939e+01 1.240000000000000000e+02 8.134903225806451250e+14
1.505833999999999939e+01 1.530010000000000048e+01 1.000000000000000000e+01 1.375640000000000000e+15
