# M_low [Msun/h] M_high[Msun/h] Number M_mean[Msun/h]
1.288252999999999915e+01 1.298574999999999946e+01 4.934000000000000000e+03 8.512207134171057617e+12
1.298574999999999946e+01 1.308896999999999977e+01 2.664000000000000000e+03 1.077715840840840820e+13
1.308896999999999977e+01 1.319219000000000008e+01 1.384000000000000000e+03 1.369121387283236914e+13
1.319219000000000008e+01 1.329542000000000002e+01 6.500000000000000000e+02 1.726173846153846094e+13
1.329542000000000002e+01 1.339864000000000033e+01 2.940000000000000000e+02 2.202659523809523828e+13
1.339864000000000033e+01 1.350186000000000064e+01 1.300000000000000000e+02 2.760509230769230859e+13
1.350186000000000064e+01 1.360507999999999917e+01 4.800000000000000000e+01 3.560235416666666406e+13
1.360507999999999917e+01 1.370829999999999949e+01 1.800000000000000000e+01 4.499438888888889062e+13
1.370829999999999949e+01 1.381151999999999980e+01 7.000000000000000000e+00 5.379228571428571094e+13
