# M_low [Msun/h] M_high[Msun/h] Number M_mean[Msun/h]
1.288252999999999915e+01 1.309083000000000041e+01 2.070590000000000000e+05 9.572894682192031250e+12
1.309083000000000041e+01 1.329912000000000027e+01 1.149870000000000000e+05 1.544111073425691602e+13
1.329912000000000027e+01 1.350741000000000014e+01 6.196400000000000000e+04 2.486842360080046484e+13
1.350741000000000014e+01 1.371570999999999962e+01 3.058200000000000000e+04 4.006660780851481250e+13
1.371570999999999962e+01 1.392399999999999949e+01 1.388800000000000000e+04 6.429130184331796875e+13
1.392399999999999949e+01 1.413230000000000075e+01 5.456000000000000000e+03 1.037051502932551250e+14
1.413230000000000075e+01 1.434059000000000061e+01 1.893000000000000000e+03 1.669826201796090938e+14
1.434059000000000061e+01 1.454889000000000010e+01 5.050000000000000000e+02 2.672013861386138750e+14
1.454889000000000010e+01 1.475717999999999996e+01 1.090000000000000000e+02 4.217530275229357500e+14
1.475717999999999996e+01 1.496547999999999945e+01 1.500000000000000000e+01 6.693753333333333750e+14
