# M_low [Msun/h] M_high[Msun/h] Number M_mean[Msun/h]
1.288252999999999915e+01 1.302609999999999957e+01 4.225900000000000000e+04 8.891535530892828125e+12
1.302609999999999957e+01 1.316966999999999999e+01 2.284100000000000000e+04 1.238467229981174219e+13
1.316966999999999999e+01 1.331323000000000079e+01 1.189300000000000000e+04 1.720056335659631641e+13
1.331323000000000079e+01 1.345679999999999943e+01 5.860000000000000000e+03 2.388573378839590625e+13
1.345679999999999943e+01 1.360036999999999985e+01 2.649000000000000000e+03 3.297680634201585547e+13
1.360036999999999985e+01 1.374394000000000027e+01 1.010000000000000000e+03 4.589600000000000000e+13
1.374394000000000027e+01 1.388751000000000069e+01 3.820000000000000000e+02 6.361073298429319531e+13
1.388751000000000069e+01 1.403106999999999971e+01 1.220000000000000000e+02 8.916393442622951562e+13
1.403106999999999971e+01 1.417464000000000013e+01 2.600000000000000000e+01 1.238719230769230781e+14
1.417464000000000013e+01 1.431821000000000055e+01 4.000000000000000000e+00 1.763525000000000000e+14
