1.299152163267126074e+06 7.310345199383557774e+05 4.359935083352249931e+05 2.689942030222709291e+05 1.282665285382848233e+05 6.604811769723516773e+04 2.950292800520972014e+04 8.939945137687747774e+03 1.718819577257327182e+03 5.735709212435083373e+02 -3.107948128127018705e+01
7.310345199383557774e+05 6.013352358658300946e+05 2.966115234423535294e+05 1.760500993543008226e+05 8.588973598721880990e+04 4.608662391094669874e+04 2.015900948181955391e+04 6.166038367817400285e+03 1.204828482106626097e+03 3.174316240964909639e+02 -1.548809023956735409e+01
4.359935083352249931e+05 2.966115234423535294e+05 2.466296102778288769e+05 1.099538048620368936e+05 5.423731213076308632e+04 2.701633025166063817e+04 1.205569186569533304e+04 3.582293753686833952e+03 7.478974950545065212e+02 1.849421911031418801e+02 -1.114298188833437564e+01
2.689942030222709291e+05 1.760500993543008226e+05 1.099538048620368936e+05 9.399739243382273708e+04 3.307494114133533731e+04 1.695602844672075662e+04 6.697963349332712824e+03 2.032456566954065011e+03 3.953419034417922262e+02 1.401507110019495030e+02 -1.126293575614948139e+01
1.282665285382848233e+05 8.588973598721880990e+04 5.423731213076308632e+04 3.307494114133533731e+04 3.060442515062159509e+04 9.656377745719439190e+03 3.215073754969174388e+03 1.042038182957773643e+03 1.737964861181277740e+02 9.460407102462038154e+01 -1.383546568259880871e+01
6.604811769723516773e+04 4.608662391094669874e+04 2.701633025166063817e+04 1.695602844672075662e+04 9.656377745719439190e+03 1.049263679005889389e+04 2.168198795690733732e+03 7.266439355145597574e+02 1.324579234388601492e+02 8.927823623004735865e+00 6.125088464876584204e+00
2.950292800520972014e+04 2.015900948181955391e+04 1.205569186569533304e+04 6.697963349332712824e+03 3.215073754969174388e+03 2.168198795690733732e+03 2.540010257436805205e+03 2.324193958871843506e+02 6.160112558684792816e+01 1.769409393890120441e+01 1.380967710162316564e+00
8.939945137687747774e+03 6.166038367817400285e+03 3.582293753686833952e+03 2.032456566954065011e+03 1.042038182957773643e+03 7.266439355145597574e+02 2.324193958871843506e+02 5.612621710983772800e+02 1.630208986994142961e+01 1.371493024217324930e+01 2.057280603899181326e+00
1.718819577257327182e+03 1.204828482106626097e+03 7.478974950545065212e+02 3.953419034417922262e+02 1.737964861181277740e+02 1.324579234388601492e+02 6.160112558684792816e+01 1.630208986994142961e+01 1.050040070096090261e+02 -1.063773279085524770e-01 -2.086989123653579248e-01
5.735709212435083373e+02 3.174316240964909639e+02 1.849421911031418801e+02 1.401507110019495030e+02 9.460407102462038154e+01 8.927823623004735865e+00 1.769409393890120441e+01 1.371493024217324930e+01 -1.063773279085524770e-01 1.467857919283049384e+01 -2.951798004025060415e-02
-3.107948128127018705e+01 -1.548809023956735409e+01 -1.114298188833437564e+01 -1.126293575614948139e+01 -1.383546568259880871e+01 6.125088464876584204e+00 1.380967710162316564e+00 2.057280603899181326e+00 -2.086989123653579248e-01 -2.951798004025060415e-02 1.005021329934806085e+00
