1.704892970759488642e+06 9.629389495683442801e+05 6.336247668522660388e+05 4.014409562174999737e+05 2.460586217776512785e+05 1.316610493939259613e+05 6.406834949455754395e+04 2.785700796423756401e+04 9.389399287241458296e+03 2.829949145911959931e+03 4.397411410956108284e+02
9.629389495683442801e+05 8.027038708588720765e+05 4.122652381974455784e+05 2.677684104302224587e+05 1.615064270238717145e+05 8.785195711961238703e+04 4.233940065935403254e+04 1.822566011916732896e+04 5.478238202401900708e+03 1.808950082702656346e+03 2.571496805221751174e+02
6.336247668522660388e+05 4.122652381974455784e+05 3.670454672336651129e+05 1.834916469376035675e+05 1.084664789197084610e+05 5.748195423729292088e+04 2.712804746800942667e+04 1.284304064437637135e+04 4.048357303641715134e+03 1.117113008348275343e+03 2.023184765394304350e+02
4.014409562174999737e+05 2.677684104302224587e+05 1.834916469376035675e+05 1.622443853359562636e+05 7.015754897735627310e+04 3.796891186339192063e+04 1.810849461908998637e+04 7.850618733726872961e+03 2.551192005474688813e+03 6.665674454523360737e+02 1.243640090403869465e+02
2.460586217776512785e+05 1.615064270238717145e+05 1.084664789197084610e+05 7.015754897735627310e+04 6.936834142389305634e+04 2.331474605477296791e+04 1.152907278521170701e+04 4.733655016781507584e+03 1.688355371159734432e+03 5.294933948629271754e+02 1.085673238862142824e+02
1.316610493939259613e+05 8.785195711961238703e+04 5.748195423729292088e+04 3.796891186339192063e+04 2.331474605477296791e+04 2.266521299087347506e+04 6.817410055626573921e+03 2.840680126703600763e+03 9.774459762906707283e+02 2.949888464210389998e+02 6.924771671194177713e+01
6.406834949455754395e+04 4.233940065935403254e+04 2.712804746800942667e+04 1.810849461908998637e+04 1.152907278521170701e+04 6.817410055626573921e+03 7.617456901190047574e+03 1.340466728116311288e+03 3.737328917894222400e+02 1.083925095151779487e+02 2.140451744880171603e+01
2.785700796423756401e+04 1.822566011916732896e+04 1.284304064437637135e+04 7.850618733726872961e+03 4.733655016781507584e+03 2.840680126703600763e+03 1.340466728116311288e+03 2.195729952973212221e+03 2.335450589083058333e+02 7.076276063156097962e+01 1.421613482423757979e+01
9.389399287241458296e+03 5.478238202401900708e+03 4.048357303641715134e+03 2.551192005474688813e+03 1.688355371159734432e+03 9.774459762906707283e+02 3.737328917894222400e+02 2.335450589083058333e+02 4.852263946366970231e+02 2.014944554863636483e+01 1.093077661880801976e+01
2.829949145911959931e+03 1.808950082702656346e+03 1.117113008348275343e+03 6.665674454523360737e+02 5.294933948629271754e+02 2.949888464210389998e+02 1.083925095151779487e+02 7.076276063156097962e+01 2.014944554863636483e+01 1.060865862616169011e+02 1.602245185197637811e+00
4.397411410956108284e+02 2.571496805221751174e+02 2.023184765394304350e+02 1.243640090403869465e+02 1.085673238862142824e+02 6.924771671194177713e+01 2.140451744880171603e+01 1.421613482423757979e+01 1.093077661880801976e+01 1.602245185197637811e+00 1.282877448570534185e+01
