1.119100307512207190e+06 6.008262607430596836e+05 3.577590298630050384e+05 2.073117222342547611e+05 8.826905271070411254e+04 4.298940712653088121e+04 1.743167419433148098e+04 4.596990144589885858e+03 1.173970183385461041e+03 1.194182207507214422e+01 -1.077266908427374226e+01
6.008262607430596836e+05 4.705016214441980701e+05 2.330354946229685156e+05 1.285828042768516752e+05 5.902302964579695254e+04 2.799521587721333708e+04 1.094385641803605904e+04 3.142943096723294730e+03 6.727046184240944058e+02 1.032951870153149088e+01 -2.248703477992510358e+01
3.577590298630050384e+05 2.330354946229685156e+05 1.952523314273770375e+05 8.099814354431655374e+04 3.589485567095570877e+04 1.742414316816566861e+04 6.539721222307147400e+03 1.712039716177160926e+03 4.688068618895035797e+02 -7.973957278947702676e+00 -5.930747714558001427e+00
2.073117222342547611e+05 1.285828042768516752e+05 8.099814354431655374e+04 6.676673847242175543e+04 2.091017527221146884e+04 9.685915433614669382e+03 3.371406400198719439e+03 9.541684373373318522e+02 3.357486158177093785e+02 -8.179024946446821431e+00 -1.325941047245105509e+01
8.826905271070411254e+04 5.902302964579695254e+04 3.589485567095570877e+04 2.091017527221146884e+04 1.974951227378353724e+04 5.030781840843121245e+03 1.591879094058662758e+03 4.639904485213476164e+02 1.123911775803902060e+02 8.572517448614876301e+00 -2.582030256723104600e+00
4.298940712653088121e+04 2.799521587721333708e+04 1.742414316816566861e+04 9.685915433614669382e+03 5.030781840843121245e+03 6.004279766124309390e+03 9.572514821691011093e+02 2.196813654463902026e+02 3.819933423559257335e+01 -5.255928860015272264e+00 3.851284397112333391e+00
1.743167419433148098e+04 1.094385641803605904e+04 6.539721222307147400e+03 3.371406400198719439e+03 1.591879094058662758e+03 9.572514821691011093e+02 1.421207887313301171e+03 1.373049953503165739e+02 3.030453148106181871e+01 1.809843072792118424e+00 7.990780800362526914e-01
4.596990144589885858e+03 3.142943096723294730e+03 1.712039716177160926e+03 9.541684373373318522e+02 4.639904485213476164e+02 2.196813654463902026e+02 1.373049953503165739e+02 2.789916115545208868e+02 9.721860894960217436e+00 4.968002941131920425e-01 1.505695914911858946e+00
1.173970183385461041e+03 6.727046184240944058e+02 4.688068618895035797e+02 3.357486158177093785e+02 1.123911775803902060e+02 3.819933423559257335e+01 3.030453148106181871e+01 9.721860894960217436e+00 4.995411725041372364e+01 -9.454530480253786617e-02 -9.451539993235150150e-02
1.194182207507214422e+01 1.032951870153149088e+01 -7.973957278947702676e+00 -8.179024946446821431e+00 8.572517448614876301e+00 -5.255928860015272264e+00 1.809843072792118424e+00 4.968002941131920425e-01 -9.454530480253786617e-02 1.005824544013837807e+00 -1.967722895667887821e-03
-1.077266908427374226e+01 -2.248703477992510358e+01 -5.930747714558001427e+00 -1.325941047245105509e+01 -2.582030256723104600e+00 3.851284397112333391e+00 7.990780800362526914e-01 1.505695914911858946e+00 -9.451539993235150150e-02 -1.967722895667887821e-03 1.005188355988438698e+00
