1.833722034716059919e+06 1.068035532276092330e+06 6.947421504506802885e+05 4.532518781710035983e+05 2.848822445184578537e+05 1.646840889313963999e+05 8.157939931570102635e+04 4.611436053409853048e+04 1.629483372489309113e+04 5.969900472201881712e+03 9.326890531800301005e+02 1.706094492171672243e+02
1.068035532276092330e+06 9.593071204185527749e+05 4.926749165575603256e+05 3.255856307394336327e+05 2.066144069629009173e+05 1.182149098495337676e+05 5.988512733176245092e+04 3.169058989770100379e+04 1.070584296588509460e+04 3.397232079333325601e+03 8.492752912491877169e+02 1.031403839421258368e+02
6.947421504506802885e+05 4.926749165575603256e+05 4.107015539893082459e+05 2.128160109396487242e+05 1.294469798884466873e+05 7.724361391748074675e+04 3.644234527469563182e+04 2.021005430818635068e+04 7.405259278064721002e+03 2.441417762300794493e+03 4.653482332496419076e+02 1.204430850495036651e+02
4.532518781710035983e+05 3.255856307394336327e+05 2.128160109396487242e+05 1.994459951541960763e+05 9.001135018876838149e+04 5.238862402720288082e+04 2.529805141659289075e+04 1.319185134837137957e+04 4.850337022706554308e+03 1.422528708431827226e+03 3.471390732163699226e+02 5.793943800014863399e+01
2.848822445184578537e+05 2.066144069629009173e+05 1.294469798884466873e+05 9.001135018876838149e+04 8.844410204446689750e+04 3.345876759500614571e+04 1.680102187847065215e+04 8.335669927051570994e+03 3.248535354735632609e+03 1.051289471325146451e+03 1.932746020828708708e+02 4.446746554996649081e+01
1.646840889313963999e+05 1.182149098495337676e+05 7.724361391748074675e+04 5.238862402720288082e+04 3.345876759500614571e+04 3.327289728438277234e+04 1.004249956608636421e+04 5.194892443250725591e+03 2.227631516942286908e+03 6.467088926328037815e+02 1.580090678775995059e+02 3.064607383807020469e+01
8.157939931570102635e+04 5.988512733176245092e+04 3.644234527469563182e+04 2.529805141659289075e+04 1.680102187847065215e+04 1.004249956608636421e+04 1.145530597922463130e+04 2.487871044079432522e+03 1.008522974918834961e+03 2.391021625906026316e+02 7.281148580180034457e+01 1.661467938816200984e+01
4.611436053409853048e+04 3.169058989770100379e+04 2.021005430818635068e+04 1.319185134837137957e+04 8.335669927051570994e+03 5.194892443250725591e+03 2.487871044079432522e+03 3.682049066581997522e+03 5.797499259502906170e+02 2.135337884652315381e+02 3.294141924959604495e+01 6.142002163024085526e+00
1.629483372489309113e+04 1.070584296588509460e+04 7.405259278064721002e+03 4.850337022706554308e+03 3.248535354735632609e+03 2.227631516942286908e+03 1.008522974918834961e+03 5.797499259502906170e+02 1.065274893621961837e+03 4.650605273364453751e+01 9.879619875390504902e+00 9.952662709166311572e+00
5.969900472201881712e+03 3.397232079333325601e+03 2.441417762300794493e+03 1.422528708431827226e+03 1.051289471325146451e+03 6.467088926328037815e+02 2.391021625906026316e+02 2.135337884652315381e+02 4.650605273364453751e+01 2.314901719074372863e+02 3.353570910331404420e+00 1.177880705573184361e+00
9.326890531800301005e+02 8.492752912491877169e+02 4.653482332496419076e+02 3.471390732163699226e+02 1.932746020828708708e+02 1.580090678775995059e+02 7.281148580180034457e+01 3.294141924959604495e+01 9.879619875390504902e+00 3.353570910331404420e+00 3.705922530260789927e+01 8.753518192528912945e-01
1.706094492171672243e+02 1.031403839421258368e+02 1.204430850495036651e+02 5.793943800014863399e+01 4.446746554996649081e+01 3.064607383807020469e+01 1.661467938816200984e+01 6.142002163024085526e+00 9.952662709166311572e+00 1.177880705573184361e+00 8.753518192528912945e-01 2.001605020723947526e+00
