2.199606389174073469e+06 1.312632628359078895e+06 9.250411742855517659e+05 6.205287009929195046e+05 4.221170540333415265e+05 2.763492054332800326e+05 1.647949925636557455e+05 9.633532988058947376e+04 6.156239072716949158e+04 2.695690656312394276e+04 8.869965809390210779e+03 1.734834284360451420e+03 5.753180633644072941e+02
1.312632628359078895e+06 1.156487747415833408e+06 6.457667903065147111e+05 4.404422484431724297e+05 3.035692349340700894e+05 1.981096555764634977e+05 1.157657448118670873e+05 6.407797282278055354e+04 3.868722343913983786e+04 1.803977018371423765e+04 5.672608079248796457e+03 1.475260705099340612e+03 1.550260188042438187e+02
9.250411742855517659e+05 6.457667903065147111e+05 5.672164367111143656e+05 3.064702922421759577e+05 2.091558767647785426e+05 1.378425970443164697e+05 8.253223246105111321e+04 4.753346942803865386e+04 2.825202751888931743e+04 1.170679287680550806e+04 3.817825241353758429e+03 1.069577879975626047e+03 1.235604824227197440e+02
6.205287009929195046e+05 4.404422484431724297e+05 3.064702922421759577e+05 2.972989149742834270e+05 1.429418370693973557e+05 9.436217862227238948e+04 5.694033851792255882e+04 3.391428548638688517e+04 1.940824758409283822e+04 8.160658601542104407e+03 2.812927617178592300e+03 4.470263126214246086e+02 1.051880391046682206e+02
4.221170540333415265e+05 3.035692349340700894e+05 2.091558767647785426e+05 1.429418370693973557e+05 1.519603653709494101e+05 6.498816640355605341e+04 3.937502073921298870e+04 2.051154524365886027e+04 1.412955812053723275e+04 6.666793832583002768e+03 1.780722188958086463e+03 4.740007835937321943e+02 8.792264195110462310e+01
2.763492054332800326e+05 1.981096555764634977e+05 1.378425970443164697e+05 9.436217862227238948e+04 6.498816640355605341e+04 7.423648616765826591e+04 2.614360754013436599e+04 1.521942762479638623e+04 8.976565722325865863e+03 4.080860704589315901e+03 1.339743425245565732e+03 2.976887478924618904e+02 4.448831863738328707e+01
1.647949925636557455e+05 1.157657448118670873e+05 8.253223246105111321e+04 5.694033851792255882e+04 3.937502073921298870e+04 2.614360754013436599e+04 2.955025257646514365e+04 9.112706343174670110e+03 5.755529106462660820e+03 2.840017912129255365e+03 8.933868308684833437e+02 1.828371497381868096e+02 4.309566366931540671e+01
9.633532988058947376e+04 6.407797282278055354e+04 4.753346942803865386e+04 3.391428548638688517e+04 2.051154524365886027e+04 1.521942762479638623e+04 9.112706343174670110e+03 1.241653086995628655e+04 3.161098272761292719e+03 1.527493153653300624e+03 4.541395270592614111e+02 9.910703585065671462e+01 3.484327760060403278e+01
6.156239072716949158e+04 3.868722343913983786e+04 2.825202751888931743e+04 1.940824758409283822e+04 1.412955812053723275e+04 8.976565722325865863e+03 5.755529106462660820e+03 3.161098272761292719e+03 4.866095706920472367e+03 8.125449606900371009e+02 2.947648384565035826e+02 7.911725996818999818e+01 1.928862300536889762e+01
2.695690656312394276e+04 1.803977018371423765e+04 1.170679287680550806e+04 8.160658601542104407e+03 6.666793832583002768e+03 4.080860704589315901e+03 2.840017912129255365e+03 1.527493153653300624e+03 8.125449606900371009e+02 1.524890541877432270e+03 1.246808090037476404e+02 3.044783923603236175e+01 1.804568684761787623e+01
8.869965809390210779e+03 5.672608079248796457e+03 3.817825241353758429e+03 2.812927617178592300e+03 1.780722188958086463e+03 1.339743425245565732e+03 8.933868308684833437e+02 4.541395270592614111e+02 2.947648384565035826e+02 1.246808090037476404e+02 3.139992733084832253e+02 -5.336931092291542278e+00 7.839380537153553874e+00
1.734834284360451420e+03 1.475260705099340612e+03 1.069577879975626047e+03 4.470263126214246086e+02 4.740007835937321943e+02 2.976887478924618904e+02 1.828371497381868096e+02 9.910703585065671462e+01 7.911725996818999818e+01 3.044783923603236175e+01 -5.336931092291542278e+00 5.654289186241045684e+01 7.366986949088696335e-01
5.753180633644072941e+02 1.550260188042438187e+02 1.235604824227197440e+02 1.051880391046682206e+02 8.792264195110462310e+01 4.448831863738328707e+01 4.309566366931540671e+01 3.484327760060403278e+01 1.928862300536889762e+01 1.804568684761787623e+01 7.839380537153553874e+00 7.366986949088696335e-01 1.082393043273091848e+01
