2.158027099397605285e+06 1.292031760406828020e+06 8.721978035746262176e+05 6.004626324862412876e+05 3.977145290492992499e+05 2.672323173953607329e+05 1.459904695141944976e+05 7.996236599606757227e+04 4.827999412428049254e+04 1.728168935255715041e+04 5.576507901921409939e+03 9.798852444053811723e+02 2.369220115583185304e+01
1.292031760406828020e+06 1.094705210028954316e+06 6.169197418721902650e+05 4.292174581066995743e+05 2.711903058709973702e+05 1.864289092205165070e+05 9.679995734239871672e+04 5.690827474845873076e+04 3.002595409229231154e+04 1.153820583823792731e+04 3.533263260184186493e+03 7.396797146292846037e+02 1.838452512240482051e+01
8.721978035746262176e+05 6.169197418721902650e+05 5.427551845725263702e+05 2.851766440720694372e+05 1.796734005140825175e+05 1.306448803073466261e+05 7.239044858820186346e+04 3.986543743096989056e+04 2.119888317608064244e+04 7.858748147891052213e+03 2.613739595148258559e+03 4.217226539006252892e+02 4.092696269157322320e+01
6.004626324862412876e+05 4.292174581066995743e+05 2.851766440720694372e+05 2.852415734625782352e+05 1.313396446813924413e+05 9.248530348378748749e+04 4.845701317026762263e+04 2.750681839686065723e+04 1.534819787338011884e+04 5.241996676165831559e+03 1.605686982577280787e+03 3.315116780807545069e+02 1.243162698322493753e+01
3.977145290492992499e+05 2.711903058709973702e+05 1.796734005140825175e+05 1.313396446813924413e+05 1.288786667159686476e+05 5.969601045112051361e+04 3.161811270847296328e+04 1.714933342045685276e+04 9.718044550405013069e+03 3.990758685162244547e+03 1.058739144703136162e+03 3.168256082324057843e+02 9.109209381094300895e+00
2.672323173953607329e+05 1.864289092205165070e+05 1.306448803073466261e+05 9.248530348378748749e+04 5.969601045112051361e+04 6.645821281282538257e+04 2.243251772064246325e+04 1.262784221009788416e+04 7.686446744930705790e+03 2.793395757034249527e+03 6.857629570479851964e+02 1.974831588214809983e+02 1.779016461427999474e+01
1.459904695141944976e+05 9.679995734239871672e+04 7.239044858820186346e+04 4.845701317026762263e+04 3.161811270847296328e+04 2.243251772064246325e+04 2.397469178760127761e+04 6.803474134401773881e+03 3.801504282869131202e+03 1.519390875495346336e+03 5.418542379472295352e+02 8.837252975152227918e+01 7.079561108990859886e+00
7.996236599606757227e+04 5.690827474845873076e+04 3.986543743096989056e+04 2.750681839686065723e+04 1.714933342045685276e+04 1.262784221009788416e+04 6.803474134401773881e+03 9.177928320527884352e+03 2.225059352934900744e+03 8.051291200111506896e+02 2.796728123181464980e+02 3.459992661649226164e+01 5.437013451061328162e+00
4.827999412428049254e+04 3.002595409229231154e+04 2.119888317608064244e+04 1.534819787338011884e+04 9.718044550405013069e+03 7.686446744930705790e+03 3.801504282869131202e+03 2.225059352934900744e+03 3.392629436165483185e+03 4.901032756651149498e+02 1.308421596234309732e+02 4.418355221613933281e+01 1.597636775707961476e+00
1.728168935255715041e+04 1.153820583823792731e+04 7.858748147891052213e+03 5.241996676165831559e+03 3.990758685162244547e+03 2.793395757034249527e+03 1.519390875495346336e+03 8.051291200111506896e+02 4.901032756651149498e+02 8.721598216069299951e+02 6.531699947393677519e+01 1.804227277073496083e+01 1.624160635309743972e+00
5.576507901921409939e+03 3.533263260184186493e+03 2.613739595148258559e+03 1.605686982577280787e+03 1.058739144703136162e+03 6.857629570479851964e+02 5.418542379472295352e+02 2.796728123181464980e+02 1.308421596234309732e+02 6.531699947393677519e+01 2.032518275710518765e+02 -3.035104307006454061e+00 1.650904819879925656e+00
9.798852444053811723e+02 7.396797146292846037e+02 4.217226539006252892e+02 3.315116780807545069e+02 3.168256082324057843e+02 1.974831588214809983e+02 8.837252975152227918e+01 3.459992661649226164e+01 4.418355221613933281e+01 1.804227277073496083e+01 -3.035104307006454061e+00 4.429782492553199091e+01 -7.662168930293741798e-02
2.369220115583185304e+01 1.838452512240482051e+01 4.092696269157322320e+01 1.243162698322493753e+01 9.109209381094300895e+00 1.779016461427999474e+01 7.079561108990859886e+00 5.437013451061328162e+00 1.597636775707961476e+00 1.624160635309743972e+00 1.650904819879925656e+00 -7.662168930293741798e-02 1.003747416077987120e+00
