1.620138485621492844e+06 8.911586891287455801e+05 5.761896679010535590e+05 3.572402318924708525e+05 2.200863100861149142e+05 1.103247853370602534e+05 5.071729596623471298e+04 1.958913282347917993e+04 3.802212889809512490e+03 7.012992750487089779e+02 3.918416366359035692e+02
8.911586891287455801e+05 7.165457735225798097e+05 3.791190500648917514e+05 2.342743028097966162e+05 1.433237805308553216e+05 7.228621728623507079e+04 3.291061906165943947e+04 1.345259161844444316e+04 2.046172556018076875e+03 5.511822028868087955e+02 2.353245889836379945e+02
5.761896679010535590e+05 3.791190500648917514e+05 3.347630081686077174e+05 1.566000512559222698e+05 9.450470866762381047e+04 4.726417977872070333e+04 2.222451880928665923e+04 9.167482538745900456e+03 1.333743911826280964e+03 4.151474297356279521e+02 1.998855090168868571e+02
3.572402318924708525e+05 2.342743028097966162e+05 1.566000512559222698e+05 1.441051030288558104e+05 6.173241064486993855e+04 2.919529211361626221e+04 1.310838117194649567e+04 5.514947507094105276e+03 7.840362130965913821e+02 2.323402866870082448e+02 1.133289777536052583e+02
2.200863100861149142e+05 1.433237805308553216e+05 9.450470866762381047e+04 6.173241064486993855e+04 5.975048294085543603e+04 1.981740645907345606e+04 8.645751203464682476e+03 3.482690584058541390e+03 6.868169775697674595e+02 1.141662294491793261e+02 1.121819233229007580e+02
1.103247853370602534e+05 7.228621728623507079e+04 4.726417977872070333e+04 2.919529211361626221e+04 1.981740645907345606e+04 1.891428050597136826e+04 4.608060784080757912e+03 1.746479586092179716e+03 3.198262261556799331e+02 2.088619452284560651e+01 8.428987327713741706e+01
5.071729596623471298e+04 3.291061906165943947e+04 2.222451880928665923e+04 1.310838117194649567e+04 8.645751203464682476e+03 4.608060784080757912e+03 6.102494276599535624e+03 8.561182899881295043e+02 2.167756404119126614e+02 5.601939330808207984e+01 2.224697362525382616e+01
1.958913282347917993e+04 1.345259161844444316e+04 9.167482538745900456e+03 5.514947507094105276e+03 3.482690584058541390e+03 1.746479586092179716e+03 8.561182899881295043e+02 1.458800295648306928e+03 4.457629987630116375e+01 1.436269009386400342e+01 5.884291190673861749e+00
3.802212889809512490e+03 2.046172556018076875e+03 1.333743911826280964e+03 7.840362130965913821e+02 6.868169775697674595e+02 3.198262261556799331e+02 2.167756404119126614e+02 4.457629987630116375e+01 2.903126136925051810e+02 7.705852842169013783e+00 4.552923740334887448e+00
7.012992750487089779e+02 5.511822028868087955e+02 4.151474297356279521e+02 2.323402866870082448e+02 1.141662294491793261e+02 2.088619452284560651e+01 5.601939330808207984e+01 1.436269009386400342e+01 7.705852842169013783e+00 6.700954729799593679e+01 3.509790480275429836e-01
3.918416366359035692e+02 2.353245889836379945e+02 1.998855090168868571e+02 1.133289777536052583e+02 1.121819233229007580e+02 8.428987327713741706e+01 2.224697362525382616e+01 5.884291190673861749e+00 4.552923740334887448e+00 3.509790480275429836e-01 1.271955913159033358e+01
