1.281843456347939558e+06 6.612926809661763255e+05 4.062735369117245427e+05 2.332990507352347195e+05 1.195828995500652527e+05 5.260690697218585410e+04 2.027027837770260521e+04 4.419406523150242720e+03 1.074814877880556878e+03 3.361522387339010152e+02 -5.768239735748714736e+01
6.612926809661763255e+05 5.146560033006483573e+05 2.498126804898611153e+05 1.387458949894396355e+05 7.548074312536625075e+04 3.162580841054260600e+04 1.264781115225260146e+04 2.770423128884326616e+03 4.830913271369812492e+02 2.121367042308050088e+02 -5.743504664364537149e+01
4.062735369117245427e+05 2.498126804898611153e+05 2.123117392450739280e+05 9.072643828969301831e+04 4.496739626305358979e+04 2.000367556749608775e+04 8.028198763467194112e+03 1.848013172936437968e+03 5.304080600282015894e+02 1.207119709444790203e+02 -3.318596814146494722e+01
2.332990507352347195e+05 1.387458949894396355e+05 9.072643828969301831e+04 8.079735702886580839e+04 2.646999043650537351e+04 1.194970924448473306e+04 3.908866476423047061e+03 8.550262289365138031e+02 2.725641956577703127e+02 7.593468429391282370e+01 8.443675991748216703e+00
1.195828995500652527e+05 7.548074312536625075e+04 4.496739626305358979e+04 2.646999043650537351e+04 2.611983647552148250e+04 6.082330529248363746e+03 2.241995523257140121e+03 5.378339331525373836e+02 1.569424238532860159e+02 2.622393838280989087e+01 -4.047974129307349678e+00
5.260690697218585410e+04 3.162580841054260600e+04 2.000367556749608775e+04 1.194970924448473306e+04 6.082330529248363746e+03 7.743077395894024448e+03 1.288510992443407758e+03 2.485297485106102613e+02 8.306359343534090556e+01 6.663747301652234611e+00 1.431682008582917653e+01
2.027027837770260521e+04 1.264781115225260146e+04 8.028198763467194112e+03 3.908866476423047061e+03 2.241995523257140121e+03 1.288510992443407758e+03 1.761275235386199029e+03 9.235895325481951090e+01 4.042576567139594346e+01 6.168928762149789691e+00 3.776065001324289683e-01
4.419406523150242720e+03 2.770423128884326616e+03 1.848013172936437968e+03 8.550262289365138031e+02 5.378339331525373836e+02 2.485297485106102613e+02 9.235895325481951090e+01 3.838790809118028733e+02 8.390308238493695114e+00 8.708020696493888879e-01 2.973440046361571110e+00
1.074814877880556878e+03 4.830913271369812492e+02 5.304080600282015894e+02 2.725641956577703127e+02 1.569424238532860159e+02 8.306359343534090556e+01 4.042576567139594346e+01 8.390308238493695114e+00 9.411332080847549264e+01 -1.573716276820807058e+00 4.812431234319878848e-01
3.361522387339010152e+02 2.121367042308050088e+02 1.207119709444790203e+02 7.593468429391282370e+01 2.622393838280989087e+01 6.663747301652234611e+00 6.168928762149789691e+00 8.708020696493888879e-01 -1.573716276820807058e+00 8.891291900471191667e+00 -5.301791809215879864e-02
-5.768239735748714736e+01 -5.743504664364537149e+01 -3.318596814146494722e+01 8.443675991748216703e+00 -4.047974129307349678e+00 1.431682008582917653e+01 3.776065001324289683e-01 2.973440046361571110e+00 4.812431234319878848e-01 -5.301791809215879864e-02 2.997798752964811797e+00
