# M_low [Msun/h] M_high[Msun/h] Number M_mean[Msun/h]
1.280166999999999966e+01 1.290118999999999971e+01 7.226000000000000000e+03 7.036718793246609375e+12
1.290118999999999971e+01 1.300070999999999977e+01 4.162000000000000000e+03 8.860677558865929688e+12
1.300070999999999977e+01 1.310022999999999982e+01 2.277000000000000000e+03 1.110124286341677734e+13
1.310022999999999982e+01 1.319974999999999987e+01 1.277000000000000000e+03 1.397924823805794922e+13
1.319974999999999987e+01 1.329926999999999992e+01 6.140000000000000000e+02 1.760941368078175781e+13
1.329926999999999992e+01 1.339878999999999998e+01 2.930000000000000000e+02 2.198721501706484766e+13
1.339878999999999998e+01 1.349831000000000003e+01 1.300000000000000000e+02 2.801681538461538281e+13
1.349831000000000003e+01 1.359783000000000008e+01 5.200000000000000000e+01 3.455821153846153906e+13
1.359783000000000008e+01 1.369735000000000014e+01 2.400000000000000000e+01 4.378970833333333594e+13
1.369735000000000014e+01 1.379687000000000019e+01 6.000000000000000000e+00 5.621333333333333594e+13
