# M_low [Msun/h] M_high[Msun/h] Number M_mean[Msun/h]
1.280166999999999966e+01 1.304476999999999975e+01 2.908380000000000000e+05 8.263036467036631836e+12
1.304476999999999975e+01 1.328787999999999947e+01 1.617210000000000000e+05 1.445843149621879688e+13
1.328787999999999947e+01 1.353097999999999956e+01 8.671700000000000000e+04 2.523622819055087109e+13
1.353097999999999956e+01 1.377407999999999966e+01 4.303300000000000000e+04 4.400020914182139062e+13
1.377407999999999966e+01 1.401717999999999975e+01 1.999100000000000000e+04 7.655414936721525000e+13
1.401717999999999975e+01 1.426027999999999984e+01 8.231000000000000000e+03 1.328098651439679219e+14
1.426027999999999984e+01 1.450338999999999956e+01 2.815000000000000000e+03 2.305425932504440625e+14
1.450338999999999956e+01 1.474648999999999965e+01 7.140000000000000000e+02 3.979382352941176250e+14
1.474648999999999965e+01 1.498958999999999975e+01 1.480000000000000000e+02 6.896864864864865000e+14
1.498958999999999975e+01 1.523268999999999984e+01 1.600000000000000000e+01 1.200200000000000000e+15
