# M_low [Msun/h] M_high[Msun/h] Number M_mean[Msun/h]
1.280166999999999966e+01 1.307662999999999975e+01 3.669290000000000000e+05 8.562364926184629883e+12
1.307662999999999975e+01 1.335158000000000023e+01 2.030950000000000000e+05 1.613111105640217578e+13
1.335158000000000023e+01 1.362654000000000032e+01 1.089350000000000000e+05 3.030812870060127734e+13
1.362654000000000032e+01 1.390149000000000079e+01 5.521200000000000000e+04 5.687964572918930469e+13
1.390149000000000079e+01 1.417645000000000088e+01 2.601300000000000000e+04 1.067077230615461562e+14
1.417645000000000088e+01 1.445140999999999920e+01 1.110600000000000000e+04 1.995877003421574062e+14
1.445140999999999920e+01 1.472635999999999967e+01 3.801000000000000000e+03 3.705327545382793750e+14
1.472635999999999967e+01 1.500131999999999977e+01 1.025000000000000000e+03 6.838128780487805000e+14
1.500131999999999977e+01 1.527627000000000024e+01 1.910000000000000000e+02 1.273335078534031500e+15
1.527627000000000024e+01 1.555123000000000033e+01 1.800000000000000000e+01 2.447066666666666500e+15
