# M_low [Msun/h] M_high[Msun/h] Number M_mean[Msun/h]
1.280166999999999966e+01 1.303919999999999924e+01 2.654730000000000000e+05 8.205154573158098633e+12
1.303919999999999924e+01 1.327671999999999919e+01 1.467290000000000000e+05 1.417446448895583008e+13
1.327671999999999919e+01 1.351425000000000054e+01 7.627400000000000000e+04 2.440656055798830469e+13
1.351425000000000054e+01 1.375177000000000049e+01 3.743000000000000000e+04 4.202412503339567188e+13
1.375177000000000049e+01 1.398930000000000007e+01 1.679100000000000000e+04 7.223262462033232812e+13
1.398930000000000007e+01 1.422682999999999964e+01 6.595000000000000000e+03 1.238978923426838438e+14
1.422682999999999964e+01 1.446434999999999960e+01 2.072000000000000000e+03 2.123804536679536562e+14
1.446434999999999960e+01 1.470187999999999917e+01 4.890000000000000000e+02 3.642044989775051250e+14
1.470187999999999917e+01 1.493939999999999912e+01 9.500000000000000000e+01 6.164612631578947500e+14
1.493939999999999912e+01 1.517693000000000048e+01 1.100000000000000000e+01 1.026563636363636375e+15
