# M_low [Msun/h] M_high[Msun/h] Number M_mean[Msun/h]
1.280166999999999966e+01 1.308389000000000024e+01 3.827420000000000000e+05 8.637910132674229492e+12
1.308389000000000024e+01 1.336611000000000082e+01 2.095570000000000000e+05 1.654586580262172070e+13
1.336611000000000082e+01 1.364832999999999963e+01 1.127790000000000000e+05 3.157225192633380469e+13
1.364832999999999963e+01 1.393055000000000021e+01 5.725300000000000000e+04 6.031165179117251562e+13
1.393055000000000021e+01 1.421277000000000079e+01 2.692100000000000000e+04 1.149580996248282031e+14
1.421277000000000079e+01 1.449497999999999998e+01 1.164600000000000000e+04 2.185766786879615312e+14
1.449497999999999998e+01 1.477720000000000056e+01 3.949000000000000000e+03 4.133464168143833750e+14
1.477720000000000056e+01 1.505941999999999936e+01 1.094000000000000000e+03 7.747928702010968750e+14
1.505941999999999936e+01 1.534163999999999994e+01 1.880000000000000000e+02 1.468450000000000000e+15
1.534163999999999994e+01 1.562386000000000053e+01 1.900000000000000000e+01 2.829068421052631500e+15
