# M_low [Msun/h] M_high[Msun/h] Number M_mean[Msun/h]
1.280166999999999966e+01 1.301984999999999992e+01 2.070530000000000000e+05 8.023848966206719727e+12
1.301984999999999992e+01 1.323803000000000019e+01 1.133350000000000000e+05 1.324747871354833008e+13
1.323803000000000019e+01 1.345622000000000007e+01 5.843000000000000000e+04 2.182798220092418359e+13
1.345622000000000007e+01 1.367440000000000033e+01 2.817500000000000000e+04 3.599425022182785938e+13
1.367440000000000033e+01 1.389258000000000060e+01 1.240600000000000000e+04 5.903990810897952344e+13
1.389258000000000060e+01 1.411076000000000086e+01 4.675000000000000000e+03 9.712216042780748438e+13
1.411076000000000086e+01 1.432893999999999934e+01 1.452000000000000000e+03 1.590663911845730000e+14
1.432893999999999934e+01 1.454711999999999961e+01 3.510000000000000000e+02 2.592172079772079688e+14
1.454711999999999961e+01 1.476529999999999987e+01 7.900000000000000000e+01 4.228101265822785000e+14
1.476529999999999987e+01 1.498348999999999975e+01 9.000000000000000000e+00 6.817366666666666250e+14
