# M_low [Msun/h] M_high[Msun/h] Number M_mean[Msun/h]
1.280166999999999966e+01 1.307061000000000028e+01 3.478660000000000000e+05 8.497685890544060547e+12
1.307061000000000028e+01 1.333953999999999951e+01 1.909440000000000000e+05 1.579046212502094922e+13
1.333953999999999951e+01 1.360847000000000051e+01 1.016870000000000000e+05 2.922915416916616797e+13
1.360847000000000051e+01 1.387740999999999936e+01 5.067600000000000000e+04 5.415650406504064844e+13
1.387740999999999936e+01 1.414634000000000036e+01 2.298600000000000000e+04 1.003027059949534531e+14
1.414634000000000036e+01 1.441527999999999921e+01 9.408000000000000000e+03 1.847255527210884375e+14
1.441527999999999921e+01 1.468421000000000021e+01 3.093000000000000000e+03 3.374613643711606875e+14
1.468421000000000021e+01 1.495313999999999943e+01 7.890000000000000000e+02 6.125759188846641250e+14
1.495313999999999943e+01 1.522208000000000006e+01 1.320000000000000000e+02 1.116225757575757625e+15
1.522208000000000006e+01 1.549100999999999928e+01 1.200000000000000000e+01 2.174891666666666750e+15
