# M_low [Msun/h] M_high[Msun/h] Number M_mean[Msun/h]
1.281189000000000000e+01 1.300650000000000084e+01 1.623020000000000000e+05 8.008576604108390625e+12
1.300650000000000084e+01 1.320110000000000028e+01 9.147200000000000000e+04 1.255272651740423242e+13
1.320110000000000028e+01 1.339570999999999934e+01 4.935700000000000000e+04 1.957994408088011719e+13
1.339570999999999934e+01 1.359031000000000056e+01 2.498200000000000000e+04 3.059151789288287500e+13
1.359031000000000056e+01 1.378491999999999962e+01 1.168700000000000000e+04 4.774696671515358594e+13
1.378491999999999962e+01 1.397953000000000046e+01 4.960000000000000000e+03 7.439677419354839062e+13
1.397953000000000046e+01 1.417412999999999990e+01 1.841000000000000000e+03 1.158889733840304219e+14
1.417412999999999990e+01 1.436874000000000073e+01 5.590000000000000000e+02 1.804964221824686875e+14
1.436874000000000073e+01 1.456334000000000017e+01 1.400000000000000000e+02 2.725158571428571562e+14
1.456334000000000017e+01 1.475794999999999924e+01 2.400000000000000000e+01 4.182062500000000000e+14
