# M_low [Msun/h] M_high[Msun/h] Number M_mean[Msun/h]
1.281189000000000000e+01 1.302354000000000056e+01 1.973070000000000000e+05 8.150947508197884766e+12
1.302354000000000056e+01 1.323517999999999972e+01 1.091630000000000000e+05 1.327686120755200977e+13
1.323517999999999972e+01 1.344683000000000028e+01 5.756600000000000000e+04 2.152272174547475781e+13
1.344683000000000028e+01 1.365846999999999944e+01 2.865200000000000000e+04 3.499396202708362500e+13
1.365846999999999944e+01 1.387012000000000000e+01 1.282400000000000000e+04 5.671910480349345312e+13
1.387012000000000000e+01 1.408177000000000056e+01 5.194000000000000000e+03 9.165660377358490625e+13
1.408177000000000056e+01 1.429340999999999973e+01 1.808000000000000000e+03 1.486530973451327500e+14
1.429340999999999973e+01 1.450506000000000029e+01 4.760000000000000000e+02 2.413586134453781562e+14
1.450506000000000029e+01 1.471669999999999945e+01 1.140000000000000000e+02 3.829882456140350625e+14
1.471669999999999945e+01 1.492835000000000001e+01 1.000000000000000000e+01 5.889380000000000000e+14
