# M_low [Msun/h] M_high[Msun/h] Number M_mean[Msun/h]
1.281189000000000000e+01 1.304898999999999987e+01 2.665720000000000000e+05 8.392903230646879883e+12
1.304898999999999987e+01 1.328609999999999935e+01 1.452280000000000000e+05 1.449649516622139062e+13
1.328609999999999935e+01 1.352319999999999922e+01 7.615100000000000000e+04 2.492916704967761328e+13
1.352319999999999922e+01 1.376031000000000049e+01 3.763700000000000000e+04 4.288678693838510156e+13
1.376031000000000049e+01 1.399741000000000035e+01 1.676500000000000000e+04 7.379821055770951562e+13
1.399741000000000035e+01 1.423451000000000022e+01 6.551000000000000000e+03 1.261660509845825000e+14
1.423451000000000022e+01 1.447161999999999971e+01 2.254000000000000000e+03 2.152477373558118750e+14
1.447161999999999971e+01 1.470871999999999957e+01 5.400000000000000000e+02 3.627846296296296250e+14
1.470871999999999957e+01 1.494581999999999944e+01 1.130000000000000000e+02 6.121976991150442500e+14
1.494581999999999944e+01 1.518293000000000070e+01 8.000000000000000000e+00 1.003190000000000000e+15
