# M_low [Msun/h] M_high[Msun/h] Number M_mean[Msun/h]
1.281189000000000000e+01 1.293688000000000038e+01 2.265700000000000000e+04 7.403076311956569336e+12
1.293688000000000038e+01 1.306188000000000038e+01 1.301000000000000000e+04 9.874950038431974609e+12
1.306188000000000038e+01 1.318687000000000076e+01 6.983000000000000000e+03 1.315742803952456055e+13
1.318687000000000076e+01 1.331187000000000076e+01 3.656000000000000000e+03 1.751509026258205664e+13
1.331187000000000076e+01 1.343685999999999936e+01 1.716000000000000000e+03 2.330984848484848438e+13
1.343685999999999936e+01 1.356184999999999974e+01 7.410000000000000000e+02 3.088125506072874609e+13
1.356184999999999974e+01 1.368684999999999974e+01 3.240000000000000000e+02 4.090250000000000000e+13
1.368684999999999974e+01 1.381184000000000012e+01 1.120000000000000000e+02 5.601658928571428906e+13
1.381184000000000012e+01 1.393684000000000012e+01 4.400000000000000000e+01 7.211138636363635938e+13
1.393684000000000012e+01 1.406183000000000050e+01 1.300000000000000000e+01 9.664715384615384375e+13
