# M_low [Msun/h] M_high[Msun/h] Number M_mean[Msun/h]
1.281189000000000000e+01 1.290619000000000050e+01 1.722000000000000000e+03 7.154279907084785156e+12
1.290619000000000050e+01 1.300048999999999921e+01 9.050000000000000000e+02 8.881469613259667969e+12
1.300048999999999921e+01 1.309478999999999971e+01 4.760000000000000000e+02 1.101475630252100781e+13
1.309478999999999971e+01 1.318909000000000020e+01 2.310000000000000000e+02 1.379220346320346289e+13
1.318909000000000020e+01 1.328339000000000070e+01 1.040000000000000000e+02 1.692380769230769141e+13
1.328339000000000070e+01 1.337768999999999942e+01 4.000000000000000000e+01 2.172530000000000000e+13
1.337768999999999942e+01 1.347198999999999991e+01 1.700000000000000000e+01 2.649958823529411719e+13
1.347198999999999991e+01 1.356629000000000040e+01 6.000000000000000000e+00 3.121316666666666797e+13
1.356629000000000040e+01 1.366058999999999912e+01 3.000000000000000000e+00 4.016200000000000000e+13
1.366058999999999912e+01 1.375488999999999962e+01 2.000000000000000000e+00 4.631700000000000000e+13
