# M_low [Msun/h] M_high[Msun/h] Number M_mean[Msun/h]
1.281189000000000000e+01 1.306340999999999930e+01 3.230140000000000000e+05 8.533552725268874023e+12
1.306340999999999930e+01 1.331493000000000038e+01 1.809450000000000000e+05 1.521603249606233984e+13
1.331493000000000038e+01 1.356644999999999968e+01 9.700700000000000000e+04 2.709838465265393359e+13
1.356644999999999968e+01 1.381797000000000075e+01 4.930700000000000000e+04 4.822232137424706250e+13
1.381797000000000075e+01 1.406949000000000005e+01 2.314600000000000000e+04 8.572798755724531250e+13
1.406949000000000005e+01 1.432100999999999935e+01 9.743000000000000000e+03 1.517078928461459375e+14
1.432100999999999935e+01 1.457253000000000043e+01 3.565000000000000000e+03 2.693466479663394062e+14
1.457253000000000043e+01 1.482404999999999973e+01 9.990000000000000000e+02 4.757631631631631875e+14
1.482404999999999973e+01 1.507557000000000080e+01 1.930000000000000000e+02 8.179476683937823750e+14
1.507557000000000080e+01 1.532709000000000010e+01 1.100000000000000000e+01 1.348063636363636250e+15
