# M_low [Msun/h] M_high[Msun/h] Number M_mean[Msun/h]
1.281189000000000000e+01 1.299141000000000012e+01 1.313960000000000000e+05 7.874836372492313477e+12
1.299141000000000012e+01 1.317093000000000025e+01 7.561700000000000000e+04 1.191084015499160156e+13
1.317093000000000025e+01 1.335045000000000037e+01 4.136100000000000000e+04 1.798697565339329297e+13
1.335045000000000037e+01 1.352997000000000050e+01 2.143100000000000000e+04 2.710812374597545703e+13
1.352997000000000050e+01 1.370947999999999922e+01 1.032300000000000000e+04 4.089763634602344531e+13
1.370947999999999922e+01 1.388899999999999935e+01 4.531000000000000000e+03 6.168768483778415625e+13
1.388899999999999935e+01 1.406851999999999947e+01 1.783000000000000000e+03 9.273735277621985938e+13
1.406851999999999947e+01 1.424803999999999959e+01 6.020000000000000000e+02 1.385360465116279062e+14
1.424803999999999959e+01 1.442755999999999972e+01 1.730000000000000000e+02 2.094040462427745625e+14
1.442755999999999972e+01 1.460707999999999984e+01 2.600000000000000000e+01 3.192765384615384375e+14
