# M_low [Msun/h] M_high[Msun/h] Number M_mean[Msun/h]
1.281189000000000000e+01 1.303382000000000041e+01 2.297880000000000000e+05 8.250195832680557617e+12
1.303382000000000041e+01 1.325575000000000081e+01 1.267670000000000000e+05 1.375338218937105078e+13
1.325575000000000081e+01 1.347766999999999982e+01 6.755000000000000000e+04 2.285327905255366406e+13
1.347766999999999982e+01 1.369960000000000022e+01 3.353700000000000000e+04 3.802307898738706250e+13
1.369960000000000022e+01 1.392153000000000063e+01 1.524500000000000000e+04 6.314869793374877344e+13
1.392153000000000063e+01 1.414345999999999925e+01 6.178000000000000000e+03 1.046706377468436406e+14
1.414345999999999925e+01 1.436538000000000004e+01 2.134000000000000000e+03 1.729573570759137812e+14
1.436538000000000004e+01 1.458731000000000044e+01 5.650000000000000000e+02 2.827205309734513125e+14
1.458731000000000044e+01 1.480924000000000085e+01 1.280000000000000000e+02 4.731300781250000000e+14
1.480924000000000085e+01 1.503116999999999948e+01 1.500000000000000000e+01 7.071360000000000000e+14
