# M_low [Msun/h] M_high[Msun/h] Number M_mean[Msun/h]
1.281189000000000000e+01 1.305654999999999966e+01 2.961540000000000000e+05 8.467115082018139648e+12
1.305654999999999966e+01 1.330120999999999931e+01 1.635170000000000000e+05 1.487828788444015039e+13
1.330120999999999931e+01 1.354587000000000074e+01 8.658500000000000000e+04 2.605958306866085156e+13
1.354587000000000074e+01 1.379053000000000040e+01 4.332200000000000000e+04 4.563932874751857812e+13
1.379053000000000040e+01 1.403519000000000005e+01 1.987900000000000000e+04 7.998536143669198438e+13
1.403519000000000005e+01 1.427984999999999971e+01 8.056000000000000000e+03 1.390583416087388281e+14
1.427984999999999971e+01 1.452450999999999937e+01 2.852000000000000000e+03 2.435128330995792500e+14
1.452450999999999937e+01 1.476917000000000080e+01 7.230000000000000000e+02 4.206904564315352500e+14
1.476917000000000080e+01 1.501383000000000045e+01 1.380000000000000000e+02 7.259768115942028750e+14
1.501383000000000045e+01 1.525849000000000011e+01 8.000000000000000000e+00 1.175650000000000000e+15
