# M_low [Msun/h] M_high[Msun/h] Number M_mean[Msun/h]
1.281189000000000000e+01 1.306708000000000069e+01 3.392620000000000000e+05 8.570523666075186523e+12
1.306708000000000069e+01 1.332226999999999961e+01 1.912860000000000000e+05 1.541642880294428320e+13
1.332226999999999961e+01 1.357746000000000031e+01 1.037060000000000000e+05 2.769549495689738281e+13
1.357746000000000031e+01 1.383264999999999922e+01 5.348000000000000000e+04 4.972157816005983594e+13
1.383264999999999922e+01 1.408783999999999992e+01 2.543400000000000000e+04 8.912219863175276562e+13
1.408783999999999992e+01 1.434304000000000023e+01 1.106700000000000000e+04 1.588959067497966875e+14
1.434304000000000023e+01 1.459822999999999915e+01 4.167000000000000000e+03 2.850307175425965625e+14
1.459822999999999915e+01 1.485341999999999985e+01 1.219000000000000000e+03 5.066351927809680000e+14
1.485341999999999985e+01 1.510861000000000054e+01 2.520000000000000000e+02 8.886876984126983750e+14
1.510861000000000054e+01 1.536379999999999946e+01 1.800000000000000000e+01 1.482500000000000000e+15
