1.652345852739033522e+06 9.050826937588712899e+05 5.706234805388973327e+05 3.598337790122163133e+05 2.011502241462333477e+05 1.008131562007074972e+05 4.936300989090632356e+04 2.090015966876790117e+04 4.619340280781501860e+03 1.211250936452817768e+03 2.277555259333071831e+02
9.050826937588712899e+05 7.255928552922601812e+05 3.727641699681701139e+05 2.320938528133756481e+05 1.251527298571091087e+05 6.762313544847120647e+04 2.977516255417852517e+04 1.261233297585273795e+04 2.903546359885550373e+03 5.968133535094975741e+02 7.214872470997147502e+01
5.706234805388973327e+05 3.727641699681701139e+05 3.127744666121024056e+05 1.470469329003889870e+05 8.383937573942146264e+04 4.133392369278833939e+04 2.012245725773316371e+04 8.296669038244488547e+03 1.781822078822519188e+03 5.894107545110013007e+02 1.091428518470781626e+02
3.598337790122163133e+05 2.320938528133756481e+05 1.470469329003889870e+05 1.345144686680977757e+05 5.557591386385702208e+04 2.635061961294334105e+04 1.233241697550357640e+04 5.485972602346555504e+03 1.317037031295001043e+03 2.214034849933731550e+02 4.252682913246989926e+01
2.011502241462333477e+05 1.251527298571091087e+05 8.383937573942146264e+04 5.557591386385702208e+04 4.972219689585838933e+04 1.530842795479745109e+04 7.021354143329534963e+03 3.295316211764037234e+03 7.330468112410995900e+02 1.622098824799205090e+02 3.191686504977482031e+01
1.008131562007074972e+05 6.762313544847120647e+04 4.133392369278833939e+04 2.635061961294334105e+04 1.530842795479745109e+04 1.697605384300783408e+04 3.909089906973466896e+03 1.590897541436647998e+03 2.831094568413979573e+02 7.609266704655333058e+01 -3.696341915451308857e+00
4.936300989090632356e+04 2.977516255417852517e+04 2.012245725773316371e+04 1.233241697550357640e+04 7.021354143329534963e+03 3.909089906973466896e+03 5.021874658478089259e+03 7.497214366962499525e+02 2.198114864931061447e+02 8.107103789961577434e+01 -1.340991613676735694e+00
2.090015966876790117e+04 1.261233297585273795e+04 8.296669038244488547e+03 5.485972602346555504e+03 3.295316211764037234e+03 1.590897541436647998e+03 7.497214366962499525e+02 1.406807469820992537e+03 9.303973744953052005e+01 3.868011468938878039e+01 5.089027917662644285e+00
4.619340280781501860e+03 2.903546359885550373e+03 1.781822078822519188e+03 1.317037031295001043e+03 7.330468112410995900e+02 2.831094568413979573e+02 2.198114864931061447e+02 9.303973744953052005e+01 2.413682914849113956e+02 1.017374570157246971e+01 -9.230544118620230831e-01
1.211250936452817768e+03 5.968133535094975741e+02 5.894107545110013007e+02 2.214034849933731550e+02 1.622098824799205090e+02 7.609266704655333058e+01 8.107103789961577434e+01 3.868011468938878039e+01 1.017374570157246971e+01 4.126929971712180389e+01 2.485569369899670811e+00
2.277555259333071831e+02 7.214872470997147502e+01 1.091428518470781626e+02 4.252682913246989926e+01 3.191686504977482031e+01 -3.696341915451308857e+00 -1.340991613676735694e+00 5.089027917662644285e+00 -9.230544118620230831e-01 2.485569369899670811e+00 5.959206396451834031e+00
