1.776835928210816579e+06 1.024369702513373224e+06 6.703970621627335204e+05 4.243818276066380204e+05 2.462401158931073733e+05 1.410750903893793584e+05 6.888972358651157992e+04 2.998680241681375264e+04 1.049575538099938603e+04 2.694238303265603463e+03 3.776757045043810308e+02
1.024369702513373224e+06 8.339369087686890271e+05 4.551291753056002781e+05 2.784448107468374656e+05 1.591634632151509577e+05 9.257360772042346071e+04 4.641269909415493748e+04 1.909090425086650430e+04 6.079689878861521720e+03 1.712899527985471195e+03 1.641412801145366416e+02
6.703970621627335204e+05 4.551291753056002781e+05 3.777187832201816491e+05 1.859629570285658410e+05 1.063249930958716286e+05 6.315868752593062527e+04 3.074320740935217327e+04 1.303001992856893776e+04 4.559613087152751177e+03 1.211936532026860732e+03 1.605473749335984905e+02
4.243818276066380204e+05 2.784448107468374656e+05 1.859629570285658410e+05 1.642035968628111586e+05 6.774730137614617706e+04 4.009063371462325449e+04 1.992970923875167136e+04 7.293873657958709373e+03 3.159042075891735294e+03 6.555009721511488578e+02 1.395938161781326130e+02
2.462401158931073733e+05 1.591634632151509577e+05 1.063249930958716286e+05 6.774730137614617706e+04 6.426553213328955462e+04 2.379436730888481543e+04 1.034144655319312187e+04 4.257796669074938109e+03 1.922140415169755443e+03 3.208220830745480043e+02 3.295654445581946845e+01
1.410750903893793584e+05 9.257360772042346071e+04 6.315868752593062527e+04 4.009063371462325449e+04 2.379436730888481543e+04 2.523243145025481135e+04 6.798437196675133237e+03 3.149805991201831603e+03 1.025933382427012020e+03 2.713204445255657333e+02 3.863915075881582339e+01
6.888972358651157992e+04 4.641269909415493748e+04 3.074320740935217327e+04 1.992970923875167136e+04 1.034144655319312187e+04 6.798437196675133237e+03 8.383383956813282566e+03 1.205244878240157959e+03 4.865273286862086479e+02 1.521076392773405530e+02 2.506483327649475967e+01
2.998680241681375264e+04 1.909090425086650430e+04 1.303001992856893776e+04 7.293873657958709373e+03 4.257796669074938109e+03 3.149805991201831603e+03 1.205244878240157959e+03 2.467127647418235028e+03 2.130005016001030356e+02 1.146946607623240340e+02 5.218536693804821880e+00
1.049575538099938603e+04 6.079689878861521720e+03 4.559613087152751177e+03 3.159042075891735294e+03 1.922140415169755443e+03 1.025933382427012020e+03 4.865273286862086479e+02 2.130005016001030356e+02 4.826459589495009936e+02 2.503211979571626244e+01 5.993813527581466793e+00
2.694238303265603463e+03 1.712899527985471195e+03 1.211936532026860732e+03 6.555009721511488578e+02 3.208220830745480043e+02 2.713204445255657333e+02 1.521076392773405530e+02 1.146946607623240340e+02 2.503211979571626244e+01 1.075152721215404767e+02 4.421190638079401047e+00
3.776757045043810308e+02 1.641412801145366416e+02 1.605473749335984905e+02 1.395938161781326130e+02 3.295654445581946845e+01 3.863915075881582339e+01 2.506483327649475967e+01 5.218536693804821880e+00 5.993813527581466793e+00 4.421190638079401047e+00 1.378631226817895339e+01
