# logM_lo logM_hi N Mave
1.285760631131014620e+01 1.306472599574463800e+01 8.487100000000000000e+04 8.957899578183000000e+12
1.306472599574463800e+01 1.327184568017913158e+01 3.808000000000000000e+04 1.440229073004200000e+13
1.327184568017913158e+01 1.347896536461362516e+01 1.532900000000000000e+04 2.303254145736800000e+13
1.347896536461362516e+01 1.368608504904811696e+01 5.296000000000000000e+03 3.688381098942500000e+13
1.368608504904811696e+01 1.389320473348260876e+01 1.537000000000000000e+03 5.895721340273200000e+13
1.389320473348260876e+01 1.410032441791710234e+01 3.580000000000000000e+02 9.549146927374300000e+13
1.410032441791710234e+01 1.430744410235159592e+01 5.700000000000000000e+01 1.534568421052630000e+14
1.430744410235159592e+01 1.451456378678608772e+01 9.000000000000000000e+00 2.536866666666660000e+14
1.451456378678608772e+01 1.472168347122057952e+01 1.000000000000000000e+00 3.853200000000000000e+14
