1.823835374222306069e+06 1.053663027221963275e+06 7.733253601651646895e+05 5.120044848048358690e+05 3.584735901277491357e+05 2.297361122915261076e+05 1.622334535292359651e+05 9.119380209223802376e+04 5.063345420705254946e+04 2.114819409546988027e+04 6.993731111858151962e+03 1.682867712128782387e+03 2.088212006858706502e+02 -1.361706169173623238e+01
1.053663027221963275e+06 9.179335529869834427e+05 5.350374788034069352e+05 3.540217135024912423e+05 2.467906170769687160e+05 1.625229919287803350e+05 1.125645902970828902e+05 6.060484841988956759e+04 3.684226002121791680e+04 1.457399351878536982e+04 5.137496517861789471e+03 1.064778660779591974e+03 1.988462154766032199e+02 -9.722079244060140013e+00
7.733253601651646895e+05 5.350374788034069352e+05 5.365873079781574197e+05 2.695419872611640021e+05 1.858710203767048370e+05 1.182081629120966099e+05 8.667672152467910200e+04 4.362800840399428853e+04 2.344527716278815933e+04 1.159864864922291054e+04 3.107728040159813190e+03 9.067352992543565051e+02 7.481916001695995533e+01 -3.733198750685641443e+01
5.120044848048358690e+05 3.540217135024912423e+05 2.695419872611640021e+05 2.535173883560571994e+05 1.147652665571852704e+05 7.812700683976213622e+04 5.340166272995655891e+04 2.874195466784979726e+04 1.666478277808891653e+04 6.582431663504366043e+03 2.408120043556791643e+03 8.060635393994049309e+02 5.015340426933163087e+01 6.134002240011712459e+00
3.584735901277491357e+05 2.467906170769687160e+05 1.858710203767048370e+05 1.147652665571852704e+05 1.347585317251336819e+05 5.288554629157895397e+04 3.876581004644269706e+04 2.049663232842698562e+04 1.066929648257760346e+04 5.021080665686970860e+03 2.110819630521780255e+03 5.364961247743850663e+02 2.338261855620433494e+01 9.996856126901061401e+00
2.297361122915261076e+05 1.625229919287803350e+05 1.182081629120966099e+05 7.812700683976213622e+04 5.288554629157895397e+04 6.635009325094094675e+04 2.357774664526111883e+04 1.301383948224493361e+04 7.229687737592385020e+03 2.788127115595646046e+03 1.001998915841408007e+03 2.223696128454100744e+02 5.094223142633422441e+01 1.315978839602173522e+01
1.622334535292359651e+05 1.125645902970828902e+05 8.667672152467910200e+04 5.340166272995655891e+04 3.876581004644269706e+04 2.357774664526111883e+04 3.398037244828418625e+04 9.085738056218904603e+03 5.340501889662774374e+03 2.545454917924662823e+03 7.402979211048397019e+02 2.200297398242916245e+02 3.936655191293515088e+01 7.504854317455611934e+00
9.119380209223802376e+04 6.060484841988956759e+04 4.362800840399428853e+04 2.874195466784979726e+04 2.049663232842698562e+04 1.301383948224493361e+04 9.085738056218904603e+03 1.339447571085049640e+04 3.386710098160404868e+03 1.331043178208360132e+03 4.663514412080315310e+02 1.217781492928030502e+02 1.720411825372162085e+01 1.017490621772730863e+00
5.063345420705254946e+04 3.684226002121791680e+04 2.344527716278815933e+04 1.666478277808891653e+04 1.066929648257760346e+04 7.229687737592385020e+03 5.340501889662774374e+03 3.386710098160404868e+03 5.441077112696288168e+03 9.547340673218518532e+02 2.705263430853609066e+02 8.391046816620398374e+01 1.327276303767760846e+00 2.591562894832605823e-01
2.114819409546988027e+04 1.457399351878536982e+04 1.159864864922291054e+04 6.582431663504366043e+03 5.021080665686970860e+03 2.788127115595646046e+03 2.545454917924662823e+03 1.331043178208360132e+03 9.547340673218518532e+02 1.838210264138233924e+03 1.188752256120733790e+02 3.849615414848394579e+01 8.434021022019855707e+00 4.398295043984284725e+00
6.993731111858151962e+03 5.137496517861789471e+03 3.107728040159813190e+03 2.408120043556791643e+03 2.110819630521780255e+03 1.001998915841408007e+03 7.402979211048397019e+02 4.663514412080315310e+02 2.705263430853609066e+02 1.188752256120733790e+02 4.079956771653152146e+02 1.712121993657694219e+01 -3.838306223756289715e+00 -7.613347841151397732e-01
1.682867712128782387e+03 1.064778660779591974e+03 9.067352992543565051e+02 8.060635393994049309e+02 5.364961247743850663e+02 2.223696128454100744e+02 2.200297398242916245e+02 1.217781492928030502e+02 8.391046816620398374e+01 3.849615414848394579e+01 1.712121993657694219e+01 8.722996875793845106e+01 4.022079808602551099e-01 8.259468396287764635e-01
2.088212006858706502e+02 1.988462154766032199e+02 7.481916001695995533e+01 5.015340426933163087e+01 2.338261855620433494e+01 5.094223142633422441e+01 3.936655191293515088e+01 1.720411825372162085e+01 1.327276303767760846e+00 8.434021022019855707e+00 -3.838306223756289715e+00 4.022079808602551099e-01 8.880942082724823550e+00 -1.765485804065440242e-02
-1.361706169173623238e+01 -9.722079244060140013e+00 -3.733198750685641443e+01 6.134002240011712459e+00 9.996856126901061401e+00 1.315978839602173522e+01 7.504854317455611934e+00 1.017490621772730863e+00 2.591562894832605823e-01 4.398295043984284725e+00 -7.613347841151397732e-01 8.259468396287764635e-01 -1.765485804065440242e-02 1.002341697937848775e+00
