1.239712138602508698e+06 6.309741443698658841e+05 4.182553080296161934e+05 2.383621812722885807e+05 1.337832249110606499e+05 6.515496224356303719e+04 2.666379200447338371e+04 9.020032123039414728e+03 2.370449745520404576e+03 1.379445697588235191e+02 8.149380555376050950e+01
6.309741443698658841e+05 5.104005531841399497e+05 2.483489626341694966e+05 1.436029265206487617e+05 8.848164742015751835e+04 4.333593403824441339e+04 1.759155027745715051e+04 5.292852279211485438e+03 1.559152852508967499e+03 1.214269859566951908e+02 5.985271196111934700e+01
4.182553080296161934e+05 2.483489626341694966e+05 2.334137570857821847e+05 9.139430097157502314e+04 5.260404952492989833e+04 2.445052597071933269e+04 1.081886052826036757e+04 4.079435357554448274e+03 1.009047116087915128e+03 1.005172621121980114e+02 2.950576935596823347e+01
2.383621812722885807e+05 1.436029265206487617e+05 9.139430097157502314e+04 9.061152553796384018e+04 3.187052696642371302e+04 1.668873804864441991e+04 6.126954967237154051e+03 2.048178430689173183e+03 6.127525553287381399e+02 1.542111741299966639e+02 4.788805189930968709e+01
1.337832249110606499e+05 8.848164742015751835e+04 5.260404952492989833e+04 3.187052696642371302e+04 3.745141539745728369e+04 9.992622515998467861e+03 4.349251971308138309e+03 1.315679275125292634e+03 4.119846967497709329e+02 8.782711463267736463e+01 2.528421689561472618e+01
6.515496224356303719e+04 4.333593403824441339e+04 2.445052597071933269e+04 1.668873804864441991e+04 9.992622515998467861e+03 1.214575544670964155e+04 2.048480390317187812e+03 9.949785425148307922e+02 2.234795363069357848e+02 2.875283106299455937e+01 1.237838396758586512e+01
2.666379200447338371e+04 1.759155027745715051e+04 1.081886052826036757e+04 6.126954967237154051e+03 4.349251971308138309e+03 2.048480390317187812e+03 3.062119645681404108e+03 3.075105870458478421e+02 9.460552004626136124e+01 6.635268706844271946e+00 -2.182344583545529293e+00
9.020032123039414728e+03 5.292852279211485438e+03 4.079435357554448274e+03 2.048178430689173183e+03 1.315679275125292634e+03 9.949785425148307922e+02 3.075105870458478421e+02 8.727319518537397016e+02 5.506057345062282593e+01 4.752922974406653012e+00 -2.843126366702548036e-01
2.370449745520404576e+03 1.559152852508967499e+03 1.009047116087915128e+03 6.127525553287381399e+02 4.119846967497709329e+02 2.234795363069357848e+02 9.460552004626136124e+01 5.506057345062282593e+01 1.735346295395621325e+02 1.647052515883441259e+00 1.084309572956599244e+00
1.379445697588235191e+02 1.214269859566951908e+02 1.005172621121980114e+02 1.542111741299966639e+02 8.782711463267736463e+01 2.875283106299455937e+01 6.635268706844271946e+00 4.752922974406653012e+00 1.647052515883441259e+00 2.296461793574625787e+01 -1.411759299328663730e-01
8.149380555376050950e+01 5.985271196111934700e+01 2.950576935596823347e+01 4.788805189930968709e+01 2.528421689561472618e+01 1.237838396758586512e+01 -2.182344583545529293e+00 -2.843126366702548036e-01 1.084309572956599244e+00 -1.411759299328663730e-01 2.994106180659540151e+00
