1.382643359576691408e+06 7.414640851445611333e+05 4.952371659801662900e+05 2.868581842354164110e+05 1.675795353327085322e+05 9.046107965027354658e+04 3.949013438344425231e+04 1.503416843808836529e+04 4.572627362417028962e+03 6.138859772440731604e+02 -3.623522663827075263e+01
7.414640851445611333e+05 6.369610783597745467e+05 3.244242828093778226e+05 1.914841009830459370e+05 1.120456380910644220e+05 6.293315277192014764e+04 2.912537204612137066e+04 9.990005112348970215e+03 3.608864810474943170e+03 5.885312457659795200e+02 5.915170559612440115e+01
4.952371659801662900e+05 3.244242828093778226e+05 2.808068627997824806e+05 1.206737902275712695e+05 7.033275054678446031e+04 4.040085002517843532e+04 1.881945456122304677e+04 6.153463499425217378e+03 1.918184954355120226e+03 2.983994531304120983e+02 9.614432190317445759e+01
2.868581842354164110e+05 1.914841009830459370e+05 1.206737902275712695e+05 1.190395535554179223e+05 4.115921341644065251e+04 2.459718497906053381e+04 1.034158172171342630e+04 4.392404603067918288e+03 1.375761860634142977e+03 1.625622494472864048e+02 5.298220070072240162e+01
1.675795353327085322e+05 1.120456380910644220e+05 7.033275054678446031e+04 4.115921341644065251e+04 4.854268122420894360e+04 1.517316087307906855e+04 6.888026867630131164e+03 2.324103329359219060e+03 9.562858450672307526e+02 1.711856534516037129e+02 4.306981533070305801e+01
9.046107965027354658e+04 6.293315277192014764e+04 4.040085002517843532e+04 2.459718497906053381e+04 1.517316087307906855e+04 1.885863448518657242e+04 3.943271777486008887e+03 1.470702381854248870e+03 5.910724156689500433e+02 7.995975992922770104e+01 2.285495964054900142e+01
3.949013438344425231e+04 2.912537204612137066e+04 1.881945456122304677e+04 1.034158172171342630e+04 6.888026867630131164e+03 3.943271777486008887e+03 5.624391320302185704e+03 4.779547397239877569e+02 3.279148681933779130e+02 2.648955511977079880e+01 1.237436774159544406e+01
1.503416843808836529e+04 9.990005112348970215e+03 6.153463499425217378e+03 4.392404603067918288e+03 2.324103329359219060e+03 1.470702381854248870e+03 4.779547397239877569e+02 1.422592413148633113e+03 1.337047002751919536e+02 2.217780448363651757e+01 3.739280036664590856e+00
4.572627362417028962e+03 3.608864810474943170e+03 1.918184954355120226e+03 1.375761860634142977e+03 9.562858450672307526e+02 5.910724156689500433e+02 3.279148681933779130e+02 1.337047002751919536e+02 3.240298449521677639e+02 8.478707941253361469e+00 -1.121445254775018885e+00
6.138859772440731604e+02 5.885312457659795200e+02 2.983994531304120983e+02 1.625622494472864048e+02 1.711856534516037129e+02 7.995975992922770104e+01 2.648955511977079880e+01 2.217780448363651757e+01 8.478707941253361469e+00 5.501790025726806732e+01 2.905717091518725814e-01
-3.623522663827075263e+01 5.915170559612440115e+01 9.614432190317445759e+01 5.298220070072240162e+01 4.306981533070305801e+01 2.285495964054900142e+01 1.237436774159544406e+01 3.739280036664590856e+00 -1.121445254775018885e+00 2.905717091518725814e-01 6.938646468891111141e+00
