1.727728522329722997e+06 9.897341275805869373e+05 7.000445664392765611e+05 4.430179848075755872e+05 3.105491402648971998e+05 1.821500488595787319e+05 1.089130950819409190e+05 5.310263894732081098e+04 2.287644085354037452e+04 9.599319258770272427e+03 5.380761959329064439e+02 1.951735346587533684e+02 2.632395451747070325e+01
9.897341275805869373e+05 8.471872638476092834e+05 4.623715252967415145e+05 2.974142561093311524e+05 2.020949919023061229e+05 1.259936228042158909e+05 6.857524002492520958e+04 3.515684308826936467e+04 1.397654191707945392e+04 6.762202490902317550e+03 2.365997351315017454e+02 7.373970025846466569e+01 -1.562433418534047114e+01
7.000445664392765611e+05 4.623715252967415145e+05 4.408813827080324991e+05 2.095530201743302459e+05 1.421476504984671483e+05 8.169185259446245618e+04 5.245657581047876738e+04 2.379873118407748916e+04 1.123312729995853624e+04 3.890341447294923000e+03 5.495005567261858914e+02 5.628197524107287819e+01 -4.965000124618510036e+00
4.430179848075755872e+05 2.974142561093311524e+05 2.095530201743302459e+05 2.094366434568299155e+05 8.919903770930801693e+04 5.510006367202883848e+04 3.307530071551263973e+04 1.564340306810634138e+04 6.313210046034111656e+03 3.047259767342794476e+03 1.554867904634613183e+02 3.444829620975225026e+01 -4.834828238390224797e+00
3.105491402648971998e+05 2.020949919023061229e+05 1.421476504984671483e+05 8.919903770930801693e+04 1.026635150075351121e+05 3.916922694942163071e+04 2.135178061101431013e+04 1.093820385758315933e+04 5.843568893654928615e+03 2.235400719039060277e+03 9.447752140689006239e+01 1.184242703685934117e+02 1.934088328388349964e+01
1.821500488595787319e+05 1.259936228042158909e+05 8.169185259446245618e+04 5.510006367202883848e+04 3.916922694942163071e+04 4.330284160245386011e+04 1.376250316132850094e+04 6.880251675482323662e+03 3.098611511236895240e+03 1.226916728749284403e+03 1.046938477641622995e+02 4.494984241009978376e+01 8.319848590190883186e+00
1.089130950819409190e+05 6.857524002492520958e+04 5.245657581047876738e+04 3.307530071551263973e+04 2.135178061101431013e+04 1.376250316132850094e+04 1.809659889425365327e+04 4.692446324804784126e+03 1.932298040612131672e+03 9.046380334021728231e+02 6.715885156674872292e+01 3.827432999246443046e+01 7.190818561182791946e+00
5.310263894732081098e+04 3.515684308826936467e+04 2.379873118407748916e+04 1.564340306810634138e+04 1.093820385758315933e+04 6.880251675482323662e+03 4.692446324804784126e+03 6.993596353647505566e+03 8.423309334516530953e+02 4.275847045992576909e+02 7.720336991695400286e+01 1.469536573491340592e+00 -1.331854754573077892e+00
2.287644085354037452e+04 1.397654191707945392e+04 1.123312729995853624e+04 6.313210046034111656e+03 5.843568893654928615e+03 3.098611511236895240e+03 1.932298040612131672e+03 8.423309334516530953e+02 1.878561744233101308e+03 1.865665678911862528e+02 2.120726651400387652e+01 8.679370205082809875e+00 2.917649532078304464e+00
9.599319258770272427e+03 6.762202490902317550e+03 3.890341447294923000e+03 3.047259767342794476e+03 2.235400719039060277e+03 1.226916728749284403e+03 9.046380334021728231e+02 4.275847045992576909e+02 1.865665678911862528e+02 5.689538141836792420e+02 -1.731666512422760817e+00 2.591159679153520190e-01 -9.146491450712729288e-01
5.380761959329064439e+02 2.365997351315017454e+02 5.495005567261858914e+02 1.554867904634613183e+02 9.447752140689006239e+01 1.046938477641622995e+02 6.715885156674872292e+01 7.720336991695400286e+01 2.120726651400387652e+01 -1.731666512422760817e+00 8.661701415406761839e+01 -2.158818164832920772e-01 -1.589486221784854603e-01
1.951735346587533684e+02 7.373970025846466569e+01 5.628197524107287819e+01 3.444829620975225026e+01 1.184242703685934117e+02 4.494984241009978376e+01 3.827432999246443046e+01 1.469536573491340592e+00 8.679370205082809875e+00 2.591159679153520190e-01 -2.158818164832920772e-01 1.368060581019051547e+01 9.770699664944842988e-01
2.632395451747070325e+01 -1.562433418534047114e+01 -4.965000124618510036e+00 -4.834828238390224797e+00 1.934088328388349964e+01 8.319848590190883186e+00 7.190818561182791946e+00 -1.331854754573077892e+00 2.917649532078304464e+00 -9.146491450712729288e-01 -1.589486221784854603e-01 9.770699664944842988e-01 1.002456627995425453e+00
