1.898138485683084931e+06 1.127763583013277734e+06 7.946279588084048592e+05 5.665694184689840768e+05 3.790790266888560727e+05 2.665643007188341580e+05 1.601862414436261752e+05 1.000063895588672603e+05 6.035033750636811601e+04 3.249342262016677705e+04 1.173760210783628645e+04 5.113419633043616159e+03 1.345708571888204006e+03 1.093054637504949511e+02
1.127763583013277734e+06 1.011217954833152704e+06 5.566623505271227332e+05 4.129253755003195256e+05 2.684055760203419486e+05 1.979866064851054107e+05 1.202414846144057519e+05 7.295055199696493219e+04 4.304776455359547253e+04 2.230622437873612216e+04 8.780358531101795961e+03 3.765248325488728369e+03 8.310321115498722975e+02 4.149003718581317557e+00
7.946279588084048592e+05 5.566623505271227332e+05 5.193121268989979872e+05 2.798914418373586959e+05 1.946019606236408581e+05 1.302843363498079707e+05 8.305072508147123153e+04 4.947439484376789915e+04 2.840330691135374218e+04 1.533200598956007161e+04 6.799895527360713459e+03 2.648127113483707035e+03 7.471069427583155402e+02 3.882730228514633097e+01
5.665694184689840768e+05 4.129253755003195256e+05 2.798914418373586959e+05 2.847854113304944476e+05 1.343103405394898145e+05 1.008431667464676430e+05 6.054652891189379443e+04 3.354047547306289198e+04 2.161848191451822640e+04 1.089828375351100840e+04 4.583354996343568928e+03 2.242775724664456902e+03 3.962416197855479822e+02 2.651754550573415514e+01
3.790790266888560727e+05 2.684055760203419486e+05 1.946019606236408581e+05 1.343103405394898145e+05 1.421230949330397416e+05 6.446147862485891528e+04 3.896254882602760335e+04 2.347550225374767615e+04 1.490574683767447459e+04 8.081623952115311113e+03 2.849432224907654927e+03 1.129925084539526324e+03 3.908220326975625767e+02 8.141145292796858612e+00
2.665643007188341580e+05 1.979866064851054107e+05 1.302843363498079707e+05 1.008431667464676430e+05 6.446147862485891528e+04 7.774557677091812366e+04 2.839255008980354614e+04 1.768034797660783806e+04 1.107729875421679026e+04 5.524210216719271557e+03 2.348445908218726800e+03 7.262481991107375734e+02 2.395520237744122483e+02 1.671366148260721829e+01
1.601862414436261752e+05 1.202414846144057519e+05 8.305072508147123153e+04 6.054652891189379443e+04 3.896254882602760335e+04 2.839255008980354614e+04 3.467130251492405660e+04 1.016893360549285717e+04 6.256666235193290049e+03 3.905616415378208785e+03 1.451665028856311665e+03 5.524057276128532976e+02 1.764385399872039670e+02 1.279995098057951886e+01
1.000063895588672603e+05 7.295055199696493219e+04 4.947439484376789915e+04 3.354047547306289198e+04 2.347550225374767615e+04 1.768034797660783806e+04 1.016893360549285717e+04 1.615302833552214361e+04 4.751942586003985525e+03 2.365092903290036247e+03 8.348517047652121619e+02 2.617009585594421424e+02 1.105956548879613024e+02 4.023514003086519963e+00
6.035033750636811601e+04 4.304776455359547253e+04 2.840330691135374218e+04 2.161848191451822640e+04 1.490574683767447459e+04 1.107729875421679026e+04 6.256666235193290049e+03 4.751942586003985525e+03 6.517112296597758359e+03 1.419512210814107902e+03 6.612994282344025123e+02 2.432853428104143063e+02 8.496438049792766378e+01 -2.407833916077152470e+00
3.249342262016677705e+04 2.230622437873612216e+04 1.533200598956007161e+04 1.089828375351100840e+04 8.081623952115311113e+03 5.524210216719271557e+03 3.905616415378208785e+03 2.365092903290036247e+03 1.419512210814107902e+03 2.533494219155123574e+03 2.654264344882274145e+02 1.575092007153778013e+02 5.207431037718205857e+01 -8.666633476433387440e-01
1.173760210783628645e+04 8.780358531101795961e+03 6.799895527360713459e+03 4.583354996343568928e+03 2.849432224907654927e+03 2.348445908218726800e+03 1.451665028856311665e+03 8.348517047652121619e+02 6.612994282344025123e+02 2.654264344882274145e+02 7.859420881507041940e+02 3.247046388455891730e+01 4.549002186725565444e+00 1.411759299328585460e+00
5.113419633043616159e+03 3.765248325488728369e+03 2.648127113483707035e+03 2.242775724664456902e+03 1.129925084539526324e+03 7.262481991107375734e+02 5.524057276128532976e+02 2.617009585594421424e+02 2.432853428104143063e+02 1.575092007153778013e+02 3.247046388455891730e+01 1.775601043194534441e+02 1.378033938289145510e+01 3.215673959581956121e-01
1.345708571888204006e+03 8.310321115498722975e+02 7.471069427583155402e+02 3.962416197855479822e+02 3.908220326975625767e+02 2.395520237744122483e+02 1.764385399872039670e+02 1.105956548879613024e+02 8.496438049792766378e+01 5.207431037718205857e+01 4.549002186725565444e+00 1.378033938289145510e+01 4.673707591499725567e+01 -1.647052515883440649e-01
1.093054637504949511e+02 4.149003718581317557e+00 3.882730228514633097e+01 2.651754550573415514e+01 8.141145292796858612e+00 1.671366148260721829e+01 1.279995098057951886e+01 4.023514003086519963e+00 -2.407833916077152470e+00 -8.666633476433387440e-01 1.411759299328585460e+00 3.215673959581956121e-01 -1.647052515883440649e-01 1.999992340715606831e+00
