1.367533443208242767e+06 7.977604821059470996e+05 5.204778028270394425e+05 3.203318026508574258e+05 1.758397422803939553e+05 1.065590134841759136e+05 4.509364887542578799e+04 1.752927600614234689e+04 7.036710306715900515e+03 2.299632369667679086e+03 2.042247080855373156e+02
7.977604821059470996e+05 6.849489376648672624e+05 3.582836161319850944e+05 2.185202062798360712e+05 1.241507716039679071e+05 6.973398392316749960e+04 3.199270100834473124e+04 1.410329500882745924e+04 4.873016632136174849e+03 1.939106299378402127e+03 1.472543380272027491e+02
5.204778028270394425e+05 3.582836161319850944e+05 3.144148586440962390e+05 1.445172347838728165e+05 8.049619368798722280e+04 4.835528148253697873e+04 2.303848431953100226e+04 8.352485659905167267e+03 3.266748273788949064e+03 1.514864786823000713e+03 8.632123804672147571e+01
3.203318026508574258e+05 2.185202062798360712e+05 1.445172347838728165e+05 1.308037323999144428e+05 5.034044250749565253e+04 2.997847931036008231e+04 1.403977956579491365e+04 5.322220794191163804e+03 2.039709835669996437e+03 6.768346628574299757e+02 9.727413727735136462e+00
1.758397422803939553e+05 1.241507716039679071e+05 8.049619368798722280e+04 5.034044250749565253e+04 5.145025002202150063e+04 1.711813836497433658e+04 7.293799518231264301e+03 3.762362062032645099e+03 1.359304598251385414e+03 4.157709567595146041e+02 -3.129399780180105672e+00
1.065590134841759136e+05 6.973398392316749960e+04 4.835528148253697873e+04 2.997847931036008231e+04 1.711813836497433658e+04 2.044620993332946819e+04 4.400090992299136815e+03 2.060139169197677802e+03 7.044992627939295744e+02 2.682323060956692871e+02 4.201748614627251754e+01
4.509364887542578799e+04 3.199270100834473124e+04 2.303848431953100226e+04 1.403977956579491365e+04 7.293799518231264301e+03 4.400090992299136815e+03 6.285950436770846864e+03 9.111553341171656939e+02 3.762181670566569665e+02 1.653307393890212325e+02 1.641758418510914552e+01
1.752927600614234689e+04 1.410329500882745924e+04 8.352485659905167267e+03 5.322220794191163804e+03 3.762362062032645099e+03 2.060139169197677802e+03 9.111553341171656939e+02 1.648932900839136437e+03 2.155913312219265094e+02 3.908024249294502539e+01 1.432347455777244072e+01
7.036710306715900515e+03 4.873016632136174849e+03 3.266748273788949064e+03 2.039709835669996437e+03 1.359304598251385414e+03 7.044992627939295744e+02 3.762181670566569665e+02 2.155913312219265094e+02 4.557786466810400725e+02 1.756856016942391463e+00 3.262732602892929989e+00
2.299632369667679086e+03 1.939106299378402127e+03 1.514864786823000713e+03 6.768346628574299757e+02 4.157709567595146041e+02 2.682323060956692871e+02 1.653307393890212325e+02 3.908024249294502539e+01 1.756856016942391463e+00 1.072446873288628524e+02 2.409794692881844558e+00
2.042247080855373156e+02 1.472543380272027491e+02 8.632123804672147571e+01 9.727413727735136462e+00 -3.129399780180105672e+00 4.201748614627251754e+01 1.641758418510914552e+01 1.432347455777244072e+01 3.262732602892929989e+00 2.409794692881844558e+00 1.088427204246307056e+01
