1.963387988614737056e+06 1.113697657934305491e+06 7.966557895646523684e+05 5.353170275206532096e+05 3.618475395958017907e+05 2.323273005712252052e+05 1.379249713910185092e+05 8.105277464931909344e+04 4.108826026931455272e+04 1.724604584539019925e+04 6.506505071072311694e+03 1.260792574724629731e+03 4.568395665059294970e+02
1.113697657934305491e+06 9.170691876092270250e+05 5.198414568561516935e+05 3.605199851233240333e+05 2.399985105445393710e+05 1.524399262693706842e+05 9.077599480453338765e+04 5.247230463935968146e+04 2.659658130328967309e+04 1.222731225033055125e+04 5.056236076380709164e+03 8.685115429781703824e+02 2.126654291737258973e+02
7.966557895646523684e+05 5.198414568561516935e+05 4.867703760644049617e+05 2.562280537138049549e+05 1.790970406109820469e+05 1.085714242384940735e+05 6.693960345150891226e+04 3.507514254617308325e+04 2.098197516198391895e+04 8.518515833999461393e+03 3.374784170331246969e+03 7.889333491412799049e+02 2.597704126643201903e+02
5.353170275206532096e+05 3.605199851233240333e+05 2.562280537138049549e+05 2.492967717018381809e+05 1.230251449621105567e+05 7.434271520804564352e+04 4.458268610241713031e+04 2.475376310867111533e+04 1.466095347737931661e+04 6.216029263221521433e+03 2.158003243020195441e+03 5.071976403439774685e+02 1.030694561595657746e+02
3.618475395958017907e+05 2.399985105445393710e+05 1.790970406109820469e+05 1.230251449621105567e+05 1.246704402555114793e+05 5.088325506150744332e+04 3.045055145526121123e+04 1.691200644319276398e+04 9.992800701580525129e+03 4.299983714201156545e+03 1.226940786800255410e+03 2.497615002470280672e+02 6.364121433826051089e+01
2.323273005712252052e+05 1.524399262693706842e+05 1.085714242384940735e+05 7.434271520804564352e+04 5.088325506150744332e+04 5.733176949379409780e+04 1.990673752780705036e+04 1.125060958078132535e+04 5.991611859317902599e+03 2.759875655038013520e+03 8.762736657575542267e+02 2.479874277729971368e+02 8.270420922109369144e+01
1.379249713910185092e+05 9.077599480453338765e+04 6.693960345150891226e+04 4.458268610241713031e+04 3.045055145526121123e+04 1.990673752780705036e+04 2.307294699506641336e+04 6.799017765006669833e+03 3.992470553158923394e+03 1.770612888038991059e+03 5.879368272663529069e+02 1.358560791024131333e+02 3.343192380899556326e+01
8.105277464931909344e+04 5.247230463935968146e+04 3.507514254617308325e+04 2.475376310867111533e+04 1.691200644319276398e+04 1.125060958078132535e+04 6.799017765006669833e+03 1.050877410420378510e+04 2.001141688788491592e+03 9.378696094664818474e+02 2.820106667055368916e+02 1.257702309428683947e+02 1.937577373637902767e+01
4.108826026931455272e+04 2.659658130328967309e+04 2.098197516198391895e+04 1.466095347737931661e+04 9.992800701580525129e+03 5.991611859317902599e+03 3.992470553158923394e+03 2.001141688788491592e+03 3.794678201941424504e+03 5.189883635477733606e+02 2.286352912426053194e+02 3.255153438021186929e+01 2.090570131594659742e+01
1.724604584539019925e+04 1.222731225033055125e+04 8.518515833999461393e+03 6.216029263221521433e+03 4.299983714201156545e+03 2.759875655038013520e+03 1.770612888038991059e+03 9.378696094664818474e+02 5.189883635477733606e+02 1.116342970023778889e+03 1.128091913097838273e+02 1.266464308665748106e+01 6.751719765209831969e+00
6.506505071072311694e+03 5.056236076380709164e+03 3.374784170331246969e+03 2.158003243020195441e+03 1.226940786800255410e+03 8.762736657575542267e+02 5.879368272663529069e+02 2.820106667055368916e+02 2.286352912426053194e+02 1.128091913097838273e+02 3.038484528917406351e+02 1.099371280758707137e+01 7.582209328477929056e+00
1.260792574724629731e+03 8.685115429781703824e+02 7.889333491412799049e+02 5.071976403439774685e+02 2.497615002470280672e+02 2.479874277729971368e+02 1.358560791024131333e+02 1.257702309428683947e+02 3.255153438021186929e+01 1.266464308665748106e+01 1.099371280758707137e+01 5.254685208897306836e+01 -8.475732614550387511e-01
4.568395665059294970e+02 2.126654291737258973e+02 2.597704126643201903e+02 1.030694561595657746e+02 6.364121433826051089e+01 8.270420922109369144e+01 3.343192380899556326e+01 1.937577373637902767e+01 2.090570131594659742e+01 6.751719765209831969e+00 7.582209328477929056e+00 -8.475732614550387511e-01 7.909907293931639494e+00
