1.806676090854324866e+06 1.008489973123635864e+06 7.013812335583473323e+05 4.832664551376282470e+05 3.291599492342456942e+05 1.995635024069386418e+05 1.122327623438862502e+05 6.278291446494356933e+04 2.563937043746010750e+04 1.125292945416083239e+04 3.924679087472813535e+03 4.287336522148216318e+02 1.427798453590145868e+02
1.008489973123635864e+06 8.280468994529079646e+05 4.604937031338270172e+05 3.164668664718845394e+05 2.133288457688370836e+05 1.284367159746073885e+05 7.181274458967792452e+04 4.148147251274806331e+04 1.820513812370775850e+04 7.484959570467870435e+03 3.352520494330370639e+03 3.201556366589191498e+02 1.432465102385420437e+02
7.013812335583473323e+05 4.604937031338270172e+05 4.259386962519049994e+05 2.310003153480438923e+05 1.554582301385093015e+05 8.995551432478020433e+04 5.008147095024627197e+04 2.988153458358494026e+04 1.223633157042110361e+04 5.310865935715474734e+03 1.812844037821494339e+03 1.925463214371825984e+02 8.885064012469061367e+01
4.832664551376282470e+05 3.164668664718845394e+05 2.310003153480438923e+05 2.239506717575249495e+05 1.052295499481023726e+05 6.086916297042617225e+04 3.540755067573835549e+04 2.099012353659875589e+04 9.639704259710793849e+03 3.397947771339627707e+03 1.394927991237738752e+03 7.169384308423855146e+01 7.258011419992823221e+01
3.291599492342456942e+05 2.133288457688370836e+05 1.554582301385093015e+05 1.052295499481023726e+05 1.105799039678859845e+05 4.357959781097875384e+04 2.450158459870955267e+04 1.358753816047020700e+04 6.673901892226094787e+03 2.663754504616549639e+03 6.350838423565905941e+02 1.523621616032370696e+02 1.543131345238370145e+01
1.995635024069386418e+05 1.284367159746073885e+05 8.995551432478020433e+04 6.086916297042617225e+04 4.357959781097875384e+04 4.806507082923944108e+04 1.548292109788259040e+04 8.578759303159420597e+03 3.996376852111107382e+03 1.688840591143725987e+03 5.374097066111593222e+02 8.555261353932999668e+01 3.118419430073168286e+01
1.122327623438862502e+05 7.181274458967792452e+04 5.008147095024627197e+04 3.540755067573835549e+04 2.450158459870955267e+04 1.548292109788259040e+04 1.773270071729097981e+04 4.607198042287051067e+03 2.289653976508930555e+03 9.123102316550291562e+02 2.325951876716091533e+02 6.152133302185401931e+01 2.949008314153123589e+00
6.278291446494356933e+04 4.148147251274806331e+04 2.988153458358494026e+04 2.099012353659875589e+04 1.358753816047020700e+04 8.578759303159420597e+03 4.607198042287051067e+03 7.319091578234843837e+03 1.085358588547169802e+03 4.201238812657936705e+02 2.128423221418569256e+02 3.062145135780055227e+01 7.682323520514206194e+00
2.563937043746010750e+04 1.820513812370775850e+04 1.223633157042110361e+04 9.639704259710793849e+03 6.673901892226094787e+03 3.996376852111107382e+03 2.289653976508930555e+03 1.085358588547169802e+03 2.581290114544631706e+03 2.903675154430322891e+02 8.979965609813119443e+01 2.550774545134271065e+01 7.368599231773676372e+00
1.125292945416083239e+04 7.484959570467870435e+03 5.310865935715474734e+03 3.397947771339627707e+03 2.663754504616549639e+03 1.688840591143725987e+03 9.123102316550291562e+02 4.201238812657936705e+02 2.903675154430322891e+02 6.805307271341605428e+02 4.778020917505688203e+01 4.784295403280447445e+00 7.215658641012662189e-01
3.924679087472813535e+03 3.352520494330370639e+03 1.812844037821494339e+03 1.394927991237738752e+03 6.350838423565905941e+02 5.374097066111593222e+02 2.325951876716091533e+02 2.128423221418569256e+02 8.979965609813119443e+01 4.778020917505688203e+01 1.513954986385621737e+02 8.039184898954885305e-01 2.470578773825161445e+00
4.287336522148216318e+02 3.201556366589191498e+02 1.925463214371825984e+02 7.169384308423855146e+01 1.523621616032370696e+02 8.555261353932999668e+01 6.152133302185401931e+01 3.062145135780055227e+01 2.550774545134271065e+01 4.784295403280447445e+00 8.039184898954885305e-01 2.205285672159649479e+01 -9.019573301266467502e-02
1.427798453590145868e+02 1.432465102385420437e+02 8.885064012469061367e+01 7.258011419992823221e+01 1.543131345238370145e+01 3.118419430073168286e+01 2.949008314153123589e+00 7.682323520514206194e+00 7.368599231773676372e+00 7.215658641012662189e-01 2.470578773825161445e+00 -9.019573301266467502e-02 1.999992340715606831e+00
