1.350266474180388497e+06 7.483412375769554637e+05 4.691753337237995001e+05 2.626945874487315887e+05 1.485418593939800339e+05 7.794691932370883296e+04 3.340456370787078777e+04 1.321445892746862410e+04 4.707953689715523979e+03 8.733214109706226509e+02 1.978779243932297049e+01
7.483412375769554637e+05 6.540893159648105502e+05 3.240487552353849751e+05 1.827113933989401557e+05 1.056810159793368803e+05 5.310588324244815158e+04 2.675812125544041919e+04 8.908583651749775527e+03 3.710791101531624463e+03 9.248139115571365210e+02 2.404175647383650727e+01
4.691753337237995001e+05 3.240487552353849751e+05 2.731072153298199992e+05 1.107029681717288477e+05 6.360137270532004186e+04 3.553658907121759694e+04 1.676966120276595029e+04 5.458934991324692419e+03 2.115307889144134151e+03 4.501985826911450204e+02 1.300142031473499848e+01
2.626945874487315887e+05 1.827113933989401557e+05 1.107029681717288477e+05 1.012305454322213918e+05 3.763799581108176062e+04 2.048798561287749180e+04 8.596120889363965034e+03 3.487891884494807073e+03 1.089927132707070996e+03 1.492187474162081742e+02 5.417092515772550243e-01
1.485418593939800339e+05 1.056810159793368803e+05 6.360137270532004186e+04 3.763799581108176062e+04 3.921212403068278945e+04 1.082076122832770125e+04 5.092111009195316910e+03 1.985917679069799988e+03 7.895681880287252170e+02 2.067637555784496897e+02 4.960995525886083612e+00
7.794691932370883296e+04 5.310588324244815158e+04 3.553658907121759694e+04 2.048798561287749180e+04 1.082076122832770125e+04 1.415070084115715144e+04 2.781708936654379158e+03 1.187486539002031577e+03 3.170222966139451728e+02 6.660086623294851904e+01 3.677168632076312171e+00
3.340456370787078777e+04 2.675812125544041919e+04 1.676966120276595029e+04 8.596120889363965034e+03 5.092111009195316910e+03 2.781708936654379158e+03 4.221455505109869591e+03 4.937388296460921993e+02 2.520945900818128962e+02 8.172066535950297350e+01 6.704430994961202428e-01
1.321445892746862410e+04 8.908583651749775527e+03 5.458934991324692419e+03 3.487891884494807073e+03 1.985917679069799988e+03 1.187486539002031577e+03 4.937388296460921993e+02 1.099854461211974694e+03 7.877017660749640982e+01 1.828522047788478133e+01 2.875808067170642079e-01
4.707953689715523979e+03 3.710791101531624463e+03 2.115307889144134151e+03 1.089927132707070996e+03 7.895681880287252170e+02 3.170222966139451728e+02 2.520945900818128962e+02 7.877017660749640982e+01 2.486351559532125179e+02 9.711567821957057589e+00 -4.487064736370041107e-01
8.733214109706226509e+02 9.248139115571365210e+02 4.501985826911450204e+02 1.492187474162081742e+02 2.067637555784496897e+02 6.660086623294851904e+01 8.172066535950297350e+01 1.828522047788478133e+01 9.711567821957057589e+00 4.436224924665692981e+01 -7.670570436764334588e-02
1.978779243932297049e+01 2.404175647383650727e+01 1.300142031473499848e+01 5.417092515772550243e-01 4.960995525886083612e+00 3.677168632076312171e+00 6.704430994961202428e-01 2.875808067170642079e-01 -4.487064736370041107e-01 -7.670570436764334588e-02 1.004488951274945752e+00
