1.818841548460958293e+06 1.018837289815117139e+06 6.767518828253636602e+05 4.598415903228520765e+05 2.842014828135148855e+05 1.738062744939324912e+05 8.544987182418964221e+04 4.928240167474025657e+04 1.642137042838139678e+04 7.203778180205520584e+03 1.915879401661165957e+03 1.051378751128435596e+02 4.380999458446419226e+01
1.018837289815117139e+06 8.507907332493218128e+05 4.506478053048640140e+05 3.152366662915626075e+05 1.915076359443012334e+05 1.161805427278171846e+05 5.818998685363624099e+04 3.397851792495087284e+04 1.235199431294866008e+04 4.922043929761750405e+03 1.470700512314582511e+03 7.913097000484522425e+01 4.231246939917087957e+01
6.767518828253636602e+05 4.506478053048640140e+05 3.969323388839545078e+05 1.997064219903715421e+05 1.301503920979730610e+05 7.578698599987306807e+04 3.831002333990429906e+04 2.109784895351095111e+04 7.447094977053707225e+03 3.583646763382558674e+03 9.175929416493441977e+02 6.619175667710311473e+01 2.291373022417235106e+01
4.598415903228520765e+05 3.152366662915626075e+05 1.997064219903715421e+05 2.054828601382840716e+05 9.142761016505036969e+04 5.414134706202648522e+04 2.865712876123649039e+04 1.558543054551966088e+04 6.142394072081822742e+03 2.073967297063133174e+03 6.539696623637197490e+02 -3.867474023337322819e+01 2.231931739821199301e+01
2.842014828135148855e+05 1.915076359443012334e+05 1.301503920979730610e+05 9.142761016505036969e+04 8.853791865174433042e+04 3.423088136707217200e+04 1.669894356078144847e+04 1.004665237317763604e+04 3.721624545934178514e+03 1.682148824973783348e+03 2.876832929547049389e+02 -1.970389097001977952e+00 1.393763339640909926e+01
1.738062744939324912e+05 1.161805427278171846e+05 7.578698599987306807e+04 5.414134706202648522e+04 3.423088136707217200e+04 3.729992103413818404e+04 1.025864620473136529e+04 5.996371652118112252e+03 2.352002053026850717e+03 1.173372168947176760e+03 2.832149383541789120e+02 1.183791717447622815e+01 1.255936564422831658e+01
8.544987182418964221e+04 5.818998685363624099e+04 3.831002333990429906e+04 2.865712876123649039e+04 1.669894356078144847e+04 1.025864620473136529e+04 1.341859021839502202e+04 3.171219959840651427e+03 1.210591199653056947e+03 4.403258303461228138e+02 1.653072647223374361e+02 3.130488514175043147e+00 -2.749336719551972230e+00
4.928240167474025657e+04 3.397851792495087284e+04 2.109784895351095111e+04 1.558543054551966088e+04 1.004665237317763604e+04 5.996371652118112252e+03 3.171219959840651427e+03 4.517519058440929257e+03 6.680571475215957662e+02 2.529683546691164509e+02 9.315532678170227143e+01 3.520840154900382490e+00 1.887945745294566047e+00
1.642137042838139678e+04 1.235199431294866008e+04 7.447094977053707225e+03 6.142394072081822742e+03 3.721624545934178514e+03 2.352002053026850717e+03 1.210591199653056947e+03 6.680571475215957662e+02 1.449262196899385344e+03 1.244059790930108278e+02 4.042617209021275926e+01 1.251347926398131083e+00 8.163213733925593907e-01
7.203778180205520584e+03 4.922043929761750405e+03 3.583646763382558674e+03 2.073967297063133174e+03 1.682148824973783348e+03 1.173372168947176760e+03 4.403258303461228138e+02 2.529683546691164509e+02 1.244059790930108278e+02 4.150043480123821951e+02 6.758489889888196878e+00 -6.685504905858556945e-01 3.361580481666441855e-01
1.915879401661165957e+03 1.470700512314582511e+03 9.175929416493441977e+02 6.539696623637197490e+02 2.876832929547049389e+02 2.832149383541789120e+02 1.653072647223374361e+02 9.315532678170227143e+01 4.042617209021275926e+01 6.758489889888196878e+00 7.546410385729693360e+01 2.484254264075027141e+00 -1.336133924651502214e-01
1.051378751128435596e+02 7.913097000484522425e+01 6.619175667710311473e+01 -3.867474023337322819e+01 -1.970389097001977952e+00 1.183791717447622815e+01 3.130488514175043147e+00 3.520840154900382490e+00 1.251347926398131083e+00 -6.685504905858556945e-01 2.484254264075027141e+00 3.992376173750157520e+00 -7.857056045589231458e-03
4.380999458446419226e+01 4.231246939917087957e+01 2.291373022417235106e+01 2.231931739821199301e+01 1.393763339640909926e+01 1.255936564422831658e+01 -2.749336719551972230e+00 1.887945745294566047e+00 8.163213733925593907e-01 3.361580481666441855e-01 -1.336133924651502214e-01 -7.857056045589231458e-03 1.003489581996669822e+00
