# M_low [Msun/h] M_high[Msun/h] Number M_mean[Msun/h]
1.287409000000000070e+01 1.308488000000000007e+01 2.012240000000000000e+05 9.395827535482845703e+12
1.308488000000000007e+01 1.329565999999999981e+01 1.120360000000000000e+05 1.524272555250098242e+13
1.329565999999999981e+01 1.350643999999999956e+01 5.915500000000000000e+04 2.472200152142676172e+13
1.350643999999999956e+01 1.371723000000000070e+01 2.916500000000000000e+04 4.004464255100291406e+13
1.371723000000000070e+01 1.392801000000000045e+01 1.307500000000000000e+04 6.480523135755257812e+13
1.392801000000000045e+01 1.413879000000000019e+01 5.171000000000000000e+03 1.042988590214658750e+14
1.413879000000000019e+01 1.434957999999999956e+01 1.690000000000000000e+03 1.679501775147929062e+14
1.434957999999999956e+01 1.456035999999999930e+01 4.340000000000000000e+02 2.707596774193548438e+14
1.456035999999999930e+01 1.477114000000000082e+01 7.400000000000000000e+01 4.274504054054053750e+14
1.477114000000000082e+01 1.498193000000000019e+01 1.000000000000000000e+01 7.345730000000000000e+14
