# M_low [Msun/h] M_high[Msun/h] Number M_mean[Msun/h]
1.287409000000000070e+01 1.310712999999999973e+01 2.891500000000000000e+05 9.657077641362615234e+12
1.310712999999999973e+01 1.334015999999999913e+01 1.626940000000000000e+05 1.651058428706651758e+13
1.334015999999999913e+01 1.357319000000000031e+01 9.045500000000000000e+04 2.814642639986733594e+13
1.357319000000000031e+01 1.380621999999999971e+01 4.623300000000000000e+04 4.800674842644864062e+13
1.380621999999999971e+01 1.403926000000000052e+01 2.254000000000000000e+04 8.173482697426796875e+13
1.403926000000000052e+01 1.427228999999999992e+01 9.325000000000000000e+03 1.389974262734584375e+14
1.427228999999999992e+01 1.450531999999999933e+01 3.523000000000000000e+03 2.371329548680102188e+14
1.450531999999999933e+01 1.473835000000000051e+01 9.770000000000000000e+02 3.988402251791197500e+14
1.473835000000000051e+01 1.497138999999999953e+01 2.030000000000000000e+02 6.677236453201970000e+14
1.497138999999999953e+01 1.520442000000000071e+01 3.000000000000000000e+01 1.151870666666666750e+15
