# M_low [Msun/h] M_high[Msun/h] Number M_mean[Msun/h]
1.287409000000000070e+01 1.309673000000000087e+01 2.338830000000000000e+05 9.521517168840830078e+12
1.309673000000000087e+01 1.331938000000000066e+01 1.298160000000000000e+05 1.588496025143279688e+13
1.331938000000000066e+01 1.354202000000000083e+01 6.852600000000000000e+04 2.648218194553891797e+13
1.354202000000000083e+01 1.376465999999999923e+01 3.352000000000000000e+04 4.410384844868735156e+13
1.376465999999999923e+01 1.398729999999999940e+01 1.494800000000000000e+04 7.335382659887610938e+13
1.398729999999999940e+01 1.420993999999999957e+01 5.860000000000000000e+03 1.211750853242320781e+14
1.420993999999999957e+01 1.443257999999999974e+01 1.901000000000000000e+03 1.999432403997895938e+14
1.443257999999999974e+01 1.465522999999999954e+01 4.760000000000000000e+02 3.351260504201680625e+14
1.465522999999999954e+01 1.487786999999999971e+01 6.600000000000000000e+01 5.449571212121211875e+14
1.487786999999999971e+01 1.510050999999999988e+01 8.000000000000000000e+00 8.832662500000000000e+14
