# M_low [Msun/h] M_high[Msun/h] Number M_mean[Msun/h]
1.287409000000000070e+01 1.310079999999999956e+01 2.611940000000000000e+05 9.585729381226214844e+12
1.310079999999999956e+01 1.332750000000000057e+01 1.463670000000000000e+05 1.615765848859374023e+13
1.332750000000000057e+01 1.355420999999999943e+01 7.944500000000000000e+04 2.714719617345333203e+13
1.355420999999999943e+01 1.378091000000000044e+01 4.016600000000000000e+04 4.561006821689986719e+13
1.378091000000000044e+01 1.400760999999999967e+01 1.870100000000000000e+04 7.645970803700337500e+13
1.400760999999999967e+01 1.423432000000000031e+01 7.644000000000000000e+03 1.277217687074830000e+14
1.423432000000000031e+01 1.446101999999999954e+01 2.751000000000000000e+03 2.148642675390766875e+14
1.446101999999999954e+01 1.468773000000000017e+01 7.070000000000000000e+02 3.578168316831683125e+14
1.468773000000000017e+01 1.491442999999999941e+01 1.350000000000000000e+02 5.913612592592592500e+14
1.491442999999999941e+01 1.514114000000000004e+01 1.800000000000000000e+01 9.766250000000000000e+14
