# M_low [Msun/h] M_high[Msun/h] Number M_mean[Msun/h]
1.287409000000000070e+01 1.301849999999999952e+01 3.845800000000000000e+04 8.714160902803057617e+12
1.301849999999999952e+01 1.316291999999999973e+01 2.104600000000000000e+04 1.215542145775919336e+13
1.316291999999999973e+01 1.330733000000000033e+01 1.091800000000000000e+04 1.692902546253892578e+13
1.330733000000000033e+01 1.345173999999999914e+01 5.206000000000000000e+03 2.353499807913945312e+13
1.345173999999999914e+01 1.359614999999999974e+01 2.329000000000000000e+03 3.276196221554315234e+13
1.359614999999999974e+01 1.374056000000000033e+01 9.480000000000000000e+02 4.541817510548523438e+13
1.374056000000000033e+01 1.388496999999999915e+01 3.060000000000000000e+02 6.324480392156862500e+13
1.388496999999999915e+01 1.402938999999999936e+01 1.080000000000000000e+02 8.919170370370370312e+13
1.402938999999999936e+01 1.417379999999999995e+01 2.900000000000000000e+01 1.215844827586206875e+14
1.417379999999999995e+01 1.431821000000000055e+01 4.000000000000000000e+00 1.633575000000000000e+14
