# M_low [Msun/h] M_high[Msun/h] Number M_mean[Msun/h]
1.287409000000000070e+01 1.313728000000000051e+01 3.641520000000000000e+05 9.991734220874798828e+12
1.313728000000000051e+01 1.340047999999999995e+01 2.064960000000000000e+05 1.829726483805981641e+13
1.340047999999999995e+01 1.366366999999999976e+01 1.128990000000000000e+05 3.349972984703141797e+13
1.366366999999999976e+01 1.392685999999999957e+01 5.835900000000000000e+04 6.120303637827927344e+13
1.392685999999999957e+01 1.419004999999999939e+01 2.838300000000000000e+04 1.116461614346615938e+14
1.419004999999999939e+01 1.445323999999999920e+01 1.236500000000000000e+04 2.032029923170238438e+14
1.445323999999999920e+01 1.471643000000000079e+01 4.583000000000000000e+03 3.705670957887846250e+14
1.471643000000000079e+01 1.497962000000000060e+01 1.249000000000000000e+03 6.656508406725380000e+14
1.497962000000000060e+01 1.524281000000000041e+01 2.530000000000000000e+02 1.184987351778656250e+15
1.524281000000000041e+01 1.550600000000000023e+01 2.800000000000000000e+01 2.138878571428571500e+15
