# M_low [Msun/h] M_high[Msun/h] Number M_mean[Msun/h]
1.287409000000000070e+01 1.311228999999999978e+01 3.135240000000000000e+05 9.724796187851648438e+12
1.311228999999999978e+01 1.335047999999999924e+01 1.788720000000000000e+05 1.681819401583255078e+13
1.335047999999999924e+01 1.358867000000000047e+01 1.007550000000000000e+05 2.903584933750185938e+13
1.358867000000000047e+01 1.382685999999999993e+01 5.274500000000000000e+04 5.005289600910039062e+13
1.382685999999999993e+01 1.406506000000000078e+01 2.652100000000000000e+04 8.643218581501451562e+13
1.406506000000000078e+01 1.430325000000000024e+01 1.168700000000000000e+04 1.483796526054590625e+14
1.430325000000000024e+01 1.454143999999999970e+01 4.494000000000000000e+03 2.559670672007120625e+14
1.454143999999999970e+01 1.477962999999999916e+01 1.381000000000000000e+03 4.347773352643012500e+14
1.477962999999999916e+01 1.501783000000000001e+01 3.180000000000000000e+02 7.427654088050315000e+14
1.501783000000000001e+01 1.525601999999999947e+01 5.300000000000000000e+01 1.272803773584905750e+15
