# M_low [Msun/h] M_high[Msun/h] Number M_mean[Msun/h]
1.287409000000000070e+01 1.312462000000000018e+01 3.423140000000000000e+05 9.860300776480074219e+12
1.312462000000000018e+01 1.337514999999999965e+01 1.952650000000000000e+05 1.754620643740557617e+13
1.337514999999999965e+01 1.362567999999999913e+01 1.087050000000000000e+05 3.119551998528126562e+13
1.362567999999999913e+01 1.387621000000000038e+01 5.726700000000000000e+04 5.531229154661497656e+13
1.387621000000000038e+01 1.412673999999999985e+01 2.818700000000000000e+04 9.814676978749068750e+13
1.412673999999999985e+01 1.437726999999999933e+01 1.275300000000000000e+04 1.734714184897671250e+14
1.437726999999999933e+01 1.462781000000000020e+01 4.818000000000000000e+03 3.076612702366126875e+14
1.462781000000000020e+01 1.487833999999999968e+01 1.424000000000000000e+03 5.376577247191011250e+14
1.487833999999999968e+01 1.512886999999999915e+01 3.260000000000000000e+02 9.348705521472392500e+14
1.512886999999999915e+01 1.537940000000000040e+01 4.700000000000000000e+01 1.653644680851063750e+15
